node	student	gender	dorm	major	year	school
0	1	2	332	0	2009	17278
1	1	2	335	129	2007	52104
2	1	1	347	129	2006	9618
3	1	1	333	135	2007	8849
4	2	2	0	118	2005	50582
5	2	2	0	122	2005	18079
6	1	1	341	117	2009	9318
7	1	1	345	122	2006	16112
8	1	0	0	138	2007	0
9	1	1	340	0	2008	17454
10	1	2	335	0	2008	50367
11	1	1	333	0	2008	9159
12	1	2	337	118	2006	18158
13	2	2	0	129	2005	50612
14	1	1	0	0	2006	9771
15	2	1	337	117	2005	17081
16	1	2	346	99	2008	18134
17	1	2	341	108	2009	17946
18	1	2	341	122	2007	0
19	1	1	339	122	2008	9076
20	1	2	332	115	2007	50620
21	1	1	333	122	2007	9670
22	1	0	0	0	0	0
23	5	2	0	0	0	0
24	2	2	349	118	2005	3683
25	1	1	339	125	2008	3576
26	2	1	0	0	0	17140
27	1	0	336	118	2006	0
28	1	2	341	0	2008	9829
29	1	1	338	129	2009	50909
30	1	1	0	97	2009	15875
31	1	1	328	95	2008	17273
32	1	2	0	108	2007	16795
33	1	1	0	108	2007	50494
34	2	0	0	129	2005	50203
35	1	2	338	128	2009	17609
36	1	1	343	122	2006	3739
37	1	2	334	0	2008	50855
38	1	2	338	95	2009	9318
39	2	1	0	137	2005	17533
40	1	2	339	117	2007	50643
41	1	1	341	0	2008	9755
42	1	2	338	0	2009	17454
43	1	2	0	108	2007	9484
44	1	1	345	105	2006	17636
45	1	1	332	0	2009	25085
46	1	2	334	108	2007	16263
47	1	0	333	135	2007	51086
48	1	1	0	125	2007	16274
49	1	1	334	97	2007	9423
50	1	1	337	122	2007	17917
51	1	2	337	97	2006	9382
52	1	1	0	0	2009	56307
53	1	2	0	0	0	53375
54	1	2	341	97	2009	17323
55	1	1	335	106	2008	50104
56	1	2	0	117	2006	50002
57	1	2	328	108	2009	3748
58	1	2	345	130	2007	17444
59	1	2	0	130	0	17763
60	1	2	348	117	2007	9421
61	1	1	335	0	2008	9492
62	2	0	0	117	2005	17040
63	1	1	337	125	2006	51518
64	1	1	339	125	2007	17763
65	1	1	341	97	2007	3523
66	1	1	335	0	2008	21326
67	1	1	0	0	2009	57423
68	1	1	333	125	2006	3531
69	1	1	341	102	2009	0
70	1	2	333	110	2007	50425
71	1	1	0	97	2007	21781
72	2	1	348	101	2004	0
73	1	2	0	108	2007	50643
74	1	2	335	110	2007	17640
75	1	1	336	115	2009	57423
76	1	1	341	96	2006	21364
77	1	1	334	103	2004	17115
78	1	1	340	0	2007	17431
79	1	2	343	108	2006	25735
80	1	1	341	129	2008	17749
81	1	1	351	0	2009	17188
82	2	1	345	138	2005	8994
83	2	2	332	117	1969	9415
84	1	1	343	122	2006	0
85	1	1	345	108	2007	0
86	1	1	0	117	2007	13292
87	1	2	352	119	2006	17707
88	1	2	335	0	2008	50046
89	1	2	333	117	2005	50020
90	1	0	0	93	2005	50074
91	1	1	347	119	2006	0
92	2	1	0	122	2004	17049
93	2	0	0	129	0	17247
94	1	2	335	130	2007	17914
95	1	2	0	127	2006	50425
96	1	1	341	0	2009	9369
97	5	2	0	0	0	50410
98	1	1	351	0	2009	16805
99	1	0	0	0	0	0
100	1	1	0	127	2006	0
101	1	1	335	117	2008	3735
102	1	2	336	117	2008	53909
103	1	1	334	97	2007	9107
104	2	1	0	94	0	50315
105	1	0	346	0	2008	18039
106	1	1	0	138	2006	26713
107	1	2	341	0	2009	1943
108	2	1	0	129	2004	50188
109	1	2	335	0	2008	16263
110	1	2	351	99	2008	0
111	1	2	0	118	2006	16739
112	1	2	333	117	2008	50284
113	1	0	0	0	0	0
114	1	2	344	127	2009	16431
115	5	2	341	90	2008	18365
116	1	1	334	110	2008	17030
117	1	1	0	0	2009	0
118	1	1	333	110	2008	3570
119	1	2	339	102	2007	17009
120	1	2	341	122	2009	17692
121	1	1	340	115	2006	24981
122	1	1	348	0	2009	3601
123	1	2	349	133	2006	5641
124	1	2	344	128	2008	17764
125	1	0	346	108	0	0
126	1	1	0	90	2007	0
127	1	1	348	0	2009	50223
128	1	2	336	97	0	0
129	2	1	345	110	2005	19295
130	1	1	0	129	2006	9640
131	2	1	0	110	2002	19150
132	2	1	0	134	2005	17901
133	2	1	0	117	2004	11115
134	1	1	335	133	2006	50201
135	1	2	348	108	2006	13618
136	1	1	347	97	2006	57885
137	1	1	330	0	2008	50494
138	2	1	0	133	2005	50425
139	2	1	349	108	2005	50194
140	1	1	341	97	2008	21220
141	1	1	342	133	2007	16821
142	1	1	341	108	2006	3658
143	1	1	330	118	2009	4276
144	1	2	338	99	2009	53398
145	1	1	341	110	2008	16799
146	2	1	349	97	2005	3556
147	1	1	348	125	2006	0
148	2	1	0	103	2005	52104
149	1	2	341	0	2009	0
150	1	2	332	97	2009	60468
151	2	1	347	129	2004	0
152	1	2	336	0	2009	50230
153	2	1	0	105	2005	9438
154	1	2	334	0	2006	50241
155	2	2	0	108	2005	17496
156	1	2	337	129	2006	20886
157	1	2	344	0	2009	17083
158	5	1	345	130	2007	24999
159	2	2	337	108	2005	3716
160	1	1	333	97	2007	50504
161	1	2	352	115	2006	17083
162	2	1	0	117	2005	0
163	1	2	0	128	2009	9768
164	4	2	0	112	0	0
165	1	1	335	97	2008	3755
166	1	1	344	0	2009	17914
167	1	2	330	118	2009	50065
168	2	1	0	117	2004	3654
169	1	0	0	0	0	0
170	1	1	338	0	2009	25031
171	1	1	0	119	2007	50759
172	1	2	0	129	2007	17690
173	6	2	331	117	2005	50090
174	1	2	331	96	2008	0
175	1	1	341	0	2007	3549
176	1	0	0	0	2008	16328
177	1	2	344	127	2009	50261
178	1	1	344	110	2009	17715
179	1	0	333	92	2007	51380
180	1	0	0	0	0	0
181	1	2	341	0	2009	50094
182	1	1	343	91	2006	50241
183	2	1	0	0	2004	2061
184	1	1	341	127	2009	5655
185	3	2	0	118	0	0
186	2	1	0	122	2005	5675
187	1	2	343	117	2007	50005
188	1	1	333	0	2008	25326
189	2	2	0	110	2005	17813
190	1	1	344	97	2008	3735
191	1	1	351	125	2007	16818
192	1	1	348	93	2007	50419
193	2	0	0	131	2004	22234
194	1	2	341	0	2009	9628
195	1	1	340	134	2006	51113
196	2	1	0	103	2005	17081
197	1	1	338	0	2009	3284
198	4	0	0	0	0	0
199	1	1	344	104	2008	17242
200	1	2	339	113	2008	24548
201	1	1	341	0	2008	9674
202	2	1	0	134	2003	50649
203	1	2	331	0	2008	17060
204	1	1	338	100	2009	52783
205	2	1	0	108	2003	0
206	2	0	0	0	0	0
207	2	2	0	0	2004	50088
208	2	1	0	117	2005	51247
209	1	1	333	129	2007	3264
210	2	2	347	130	2005	16049
211	1	1	343	105	2007	3544
212	1	1	0	0	2008	16168
213	1	2	348	117	2008	3576
214	1	1	0	0	2006	51700
215	1	1	347	124	2006	3714
216	2	1	0	129	2005	0
217	1	2	332	93	2009	18097
218	1	1	348	108	2009	3735
219	2	2	352	108	2005	0
220	1	2	334	122	2006	0
221	1	2	341	128	2009	17075
222	1	2	340	108	2006	17423
223	1	1	0	102	2005	0
224	1	0	0	0	0	0
225	1	2	0	102	2005	0
226	1	1	337	129	2006	17129
227	1	2	347	108	2008	50292
228	1	1	351	0	2009	50118
229	1	2	0	0	0	50268
230	1	1	328	0	2009	21094
231	2	2	337	130	2005	9580
232	1	1	328	117	2008	0
233	1	1	330	137	2006	9405
234	1	2	341	138	2008	17712
235	1	2	347	97	2006	22204
236	2	2	0	104	2003	16440
237	1	1	0	138	2006	17858
238	1	1	340	0	2008	17268
239	1	1	335	125	2005	51310
240	1	1	334	92	2008	6676
241	1	2	336	0	2008	18103
242	1	1	336	0	2009	21621
243	1	2	335	117	2007	15244
244	1	2	348	107	2007	3649
245	1	2	348	108	2007	3683
246	1	2	335	0	2008	3574
247	1	0	0	138	0	0
248	2	1	0	122	2003	17886
249	1	2	342	127	2006	21268
250	1	1	341	134	2006	9374
251	1	1	328	90	2006	5537
252	1	2	0	135	0	9428
253	1	1	335	118	2007	3632
254	1	1	350	0	2008	24993
255	1	1	346	93	2005	0
256	2	2	0	127	2004	18119
257	1	2	332	110	2008	19374
258	1	1	347	122	2006	50383
259	1	2	0	138	2006	3544
260	2	0	0	0	0	0
261	1	1	338	96	2009	50975
262	2	2	0	130	2005	17836
263	1	2	349	138	2006	3858
264	1	2	339	108	2007	51060
265	1	1	341	0	2008	17407
266	1	1	341	0	2009	2599
267	1	1	334	125	2006	0
268	2	1	0	137	2005	50005
269	1	1	334	92	2006	25779
270	1	1	337	108	2005	0
271	1	2	341	129	2009	0
272	1	2	339	0	2008	16797
273	1	2	335	0	2008	50696
274	1	1	0	117	2007	16268
275	2	0	0	0	0	0
276	1	2	350	108	2006	9530
277	1	2	341	0	2009	9423
278	1	2	333	104	2006	0
279	2	1	0	117	2005	16849
280	1	1	333	92	2006	17273
281	1	1	335	109	2007	0
282	1	2	0	117	2007	4004
283	1	2	343	108	2005	17901
284	1	1	332	114	2006	9093
285	1	0	0	0	0	0
286	1	2	348	0	2008	9734
287	2	1	0	0	2000	9484
288	1	2	0	117	2007	16396
289	1	2	344	122	2006	0
290	2	2	0	99	2004	22187
291	1	0	0	0	0	0
292	1	2	0	112	2009	0
293	2	1	0	106	2004	50509
294	2	2	0	0	2004	0
295	1	0	0	0	0	0
296	2	1	0	0	2004	17886
297	1	2	341	0	2009	0
298	2	1	0	129	2005	17724
299	1	1	0	97	2006	51108
300	1	1	333	97	2007	50305
301	1	2	0	117	2007	16396
302	1	2	330	108	2009	51948
303	1	1	352	138	2008	17548
304	1	2	0	0	2007	50045
305	2	2	0	108	2005	9565
306	1	2	341	0	2008	10843
307	1	1	338	112	2009	3599
308	2	2	0	128	2005	50410
309	1	1	336	0	2009	3523
310	2	1	0	127	2005	3765
311	1	2	0	0	2008	17640
312	1	0	341	105	2008	17636
313	1	1	348	0	2007	11099
314	2	2	0	117	2005	3737
315	1	1	337	131	2006	50074
316	1	1	334	118	2007	17079
317	1	1	0	129	2007	5762
318	1	1	333	97	2007	51852
319	2	1	0	0	2005	9128
320	1	0	0	110	2007	2893
321	2	1	0	115	2005	3762
322	1	1	340	118	2006	15907
323	1	1	0	110	2006	3735
324	1	1	341	138	0	260
325	1	1	331	129	2008	22187
326	1	2	351	122	2008	50230
327	1	2	341	0	2008	17870
328	1	1	338	92	2009	17709
329	1	2	343	96	2008	3699
330	1	0	0	110	2006	50045
331	1	1	351	122	2008	17043
332	1	1	337	108	2007	50161
333	1	1	328	99	2009	50724
334	1	2	333	110	2006	9760
335	2	2	340	117	2005	16813
336	1	1	351	0	2009	3570
337	1	1	351	0	2009	51776
338	1	2	0	132	2007	20960
339	1	2	336	99	2009	9252
340	1	2	341	0	2009	51856
341	2	1	347	122	2005	3741
342	1	1	344	108	2007	0
343	1	1	332	0	2008	16727
344	1	2	335	134	2007	50090
345	2	1	0	110	2005	0
346	1	2	337	110	2006	16233
347	1	1	337	125	2008	3667
348	1	1	341	130	2007	16235
349	1	1	341	0	2009	51843
350	1	1	0	108	2007	3754
351	1	2	341	0	2008	50241
352	1	2	0	110	0	3716
353	1	2	335	138	2008	18003
354	1	1	334	92	2007	50534
355	1	2	334	105	2005	17081
356	1	2	335	136	2008	17640
357	1	1	328	117	2009	8971
358	2	1	0	129	2005	16805
359	1	1	333	92	2008	18107
360	2	1	0	0	2005	17081
361	1	1	0	128	2006	21094
362	1	2	335	117	2008	50143
363	2	1	333	117	2005	0
364	1	2	344	0	2008	3574
365	1	2	341	0	2007	17083
366	1	2	333	108	2007	0
367	1	2	328	104	2009	15945
368	1	0	0	0	0	0
369	1	1	334	92	2008	17083
370	1	1	335	94	2008	51937
371	1	1	348	102	2009	50410
372	1	2	338	115	2008	17757
373	2	1	0	94	2005	50894
374	1	2	0	138	2006	17144
375	1	1	350	133	2008	24985
376	1	1	336	127	2007	16445
377	1	1	341	117	2009	17245
378	1	1	0	0	2009	3840
379	1	1	348	122	2007	9757
380	1	1	333	92	2006	3666
381	1	2	0	118	2008	7693
382	1	2	335	119	2007	17717
383	1	1	334	129	2007	21621
384	1	1	341	118	2009	3749
385	1	1	341	92	2006	1963
386	1	1	0	0	2007	50033
387	1	2	334	0	2008	17249
388	2	2	0	110	2005	0
389	1	1	0	118	2007	3502
390	1	0	337	0	2006	50360
391	2	2	0	117	2004	51111
392	1	1	333	137	2007	9281
393	1	1	341	125	2009	17759
394	1	2	330	129	2009	5697
395	1	2	341	122	2006	0
396	2	2	333	128	2005	0
397	1	1	335	94	2007	50178
398	1	1	341	108	2009	17326
399	1	1	341	0	2007	18130
400	1	2	351	128	2009	50124
401	1	0	333	93	2008	17658
402	1	2	328	108	2009	50899
403	1	1	333	92	2007	16354
404	1	1	335	108	2008	2381
405	1	2	334	128	2006	3569
406	1	2	338	122	2006	50173
407	1	2	334	117	2008	9650
408	1	1	333	0	2008	17956
409	1	2	334	108	2006	53720
410	2	2	337	129	2005	3574
411	1	1	333	95	0	9415
412	2	2	0	122	2004	50407
413	1	0	0	127	2006	51841
414	1	0	328	133	2006	22265
415	1	1	334	0	2008	3748
416	1	2	337	117	2006	17805
417	1	1	337	108	2006	50018
418	1	2	341	129	2007	0
419	1	1	335	127	2008	17746
420	1	2	328	108	2009	3565
421	1	1	0	127	2006	17672
422	1	2	343	99	2005	9407
423	1	2	333	127	2007	50201
424	1	1	348	0	2009	50502
425	1	2	342	108	2006	50246
426	2	1	0	110	2005	16699
427	2	1	0	101	2004	9783
428	1	1	336	110	2009	0
429	1	2	0	124	2007	3675
430	1	2	334	0	2008	17345
431	2	1	340	95	2005	9372
432	1	1	333	105	2005	51060
433	1	2	330	97	2008	9404
434	1	2	340	108	2008	17222
435	1	2	0	118	2007	20487
436	1	1	341	102	2009	9351
437	1	2	0	135	2007	17876
438	1	1	334	0	2007	0
439	1	2	341	125	2007	17391
440	1	2	0	0	0	18056
441	1	1	335	129	2008	3596
442	1	2	341	127	2006	9438
443	1	2	340	0	0	17641
444	1	1	335	108	2007	3699
445	1	2	340	117	2007	17345
446	1	2	334	108	2008	50979
447	1	2	343	108	2005	8832
448	1	1	328	0	2009	9617
449	1	2	0	127	2007	0
450	1	1	340	0	2008	9780
451	1	1	348	99	2009	17876
452	1	1	333	130	2008	50534
453	2	2	0	104	2005	25070
454	2	2	0	99	2005	18057
455	1	2	341	130	2008	25278
456	2	1	0	117	2004	17191
457	1	1	348	0	2009	8992
458	1	2	340	117	2008	21531
459	1	2	348	108	2006	9774
460	1	2	340	99	2008	16699
461	2	2	0	93	2005	22237
462	1	1	347	110	2005	51129
463	1	2	334	118	2006	9415
464	1	0	0	0	0	0
465	1	1	335	0	2008	51361
466	2	2	0	108	2004	18068
467	1	0	0	110	2006	3564
468	1	2	351	108	2007	51608
469	2	2	0	128	2004	19048
470	1	0	333	0	2007	9021
471	1	0	0	0	0	0
472	1	2	334	138	2008	50211
473	1	1	337	117	2006	17450
474	1	1	341	0	2009	25156
475	2	1	0	0	2004	0
476	1	1	0	0	2007	0
477	1	0	0	0	0	0
478	1	2	0	92	2008	17786
479	1	1	334	110	2007	16058
480	1	2	337	117	2007	9643
481	1	1	341	110	2008	17746
482	1	2	0	108	2006	21629
483	1	2	341	117	2009	16267
484	1	2	0	117	2008	16306
485	1	1	330	0	2009	9580
486	1	2	344	134	2009	17129
487	1	0	0	122	2006	24658
488	1	2	344	0	2009	50461
489	1	2	341	102	2009	50582
490	2	0	0	0	0	0
491	1	2	338	108	2008	16911
492	1	2	333	0	2008	53118
493	1	1	0	93	0	16382
494	1	0	0	138	2007	50246
495	1	2	341	100	2009	9674
496	1	1	0	128	2007	9530
497	1	1	0	0	2006	16329
498	1	1	340	0	2008	16761
499	1	2	340	122	2006	16209
500	1	1	0	129	2006	9765
501	1	2	0	99	2006	0
502	1	2	336	97	2008	51849
503	2	1	0	108	2004	50143
504	1	2	338	122	2007	51059
505	1	2	341	122	2008	3811
506	1	2	335	118	2008	3735
507	1	2	338	131	2009	0
508	1	2	338	133	2009	17150
509	1	2	335	108	2008	17323
510	1	1	348	99	2008	17126
511	1	1	341	105	2008	50010
512	1	2	345	122	2006	3646
513	1	1	333	122	2006	17083
514	1	1	336	94	2006	16321
515	2	1	0	102	2005	17773
516	1	1	0	118	2008	1963
517	2	2	337	108	2005	0
518	1	0	0	110	2007	0
519	1	1	347	110	2006	18061
520	1	2	0	0	2008	9224
521	1	1	0	129	2006	50597
522	2	1	0	124	2005	17083
523	1	1	341	0	2008	0
524	2	2	0	104	2004	51465
525	1	2	334	122	2006	17319
526	1	2	334	0	0	0
527	2	2	0	129	2004	50045
528	1	2	0	119	2006	16812
529	2	1	0	0	0	50221
530	1	0	0	110	2006	17150
531	1	2	0	127	2006	50081
532	1	1	339	0	2008	0
533	1	1	0	117	2005	22246
534	2	1	0	0	2005	3737
535	1	2	341	125	2008	50144
536	1	0	0	0	0	15989
537	3	2	0	106	0	15903
538	1	2	335	102	2008	17537
539	2	2	329	122	2004	16396
540	1	2	0	0	2006	16794
541	1	1	348	117	0	17847
542	1	0	0	119	0	0
543	2	1	0	129	2004	17901
544	1	2	344	97	2006	0
545	1	2	0	129	0	50367
546	1	1	330	95	2008	50957
547	1	2	339	99	2007	17684
548	1	1	341	108	2007	50410
549	1	1	341	122	2006	17887
550	1	2	343	108	2006	25034
551	2	2	0	134	2005	9339
552	1	1	348	97	2009	16062
553	1	1	348	102	2007	16693
554	1	0	335	105	2008	0
555	1	1	335	0	2008	17344
556	2	1	0	92	2004	50963
557	1	2	0	110	2006	3716
558	1	2	0	108	2006	50246
559	1	2	335	117	2008	16396
560	1	1	341	0	2009	8830
561	1	1	328	117	2009	9489
562	1	1	347	0	2008	50017
563	2	1	0	110	2004	17135
564	1	2	344	98	2008	50614
565	1	2	334	0	2008	0
566	2	1	0	92	2003	55516
567	1	2	349	133	2006	3749
568	2	1	0	103	2004	50267
569	1	2	336	122	2008	15987
570	1	2	0	138	2007	51983
571	2	2	0	117	2005	50144
572	2	1	0	133	2004	16794
573	1	1	328	0	2009	17836
574	1	1	341	110	2009	3736
575	1	2	327	100	2006	16392
576	1	1	336	133	2007	50173
577	1	2	334	108	2006	18126
578	1	1	328	96	2008	50819
579	1	1	333	93	2006	17908
580	2	2	0	0	2005	0
581	1	2	351	135	2006	50582
582	1	1	328	97	2009	15912
583	1	1	332	0	2009	17400
584	1	2	334	117	2006	16060
585	1	2	332	127	2008	0
586	1	2	333	127	2006	50246
587	1	2	342	93	2006	25022
588	1	2	330	0	2007	17826
589	1	2	0	117	2007	16241
590	1	1	347	97	2006	20487
591	1	1	0	127	2006	17717
592	1	1	335	108	2008	0
593	2	2	337	117	2005	9437
594	2	2	0	0	2004	3743
595	1	1	348	117	2009	50492
596	1	1	335	0	2008	16396
597	2	1	341	129	2003	16805
598	1	1	341	106	2009	5594
599	1	2	0	108	2007	50786
600	1	1	341	118	2009	9493
601	2	1	0	108	2004	17641
602	1	1	334	108	2006	0
603	1	2	334	122	2005	0
604	1	1	332	0	2008	50173
605	1	0	0	110	0	3749
606	1	2	334	108	2008	50088
607	2	0	0	131	2005	8916
608	4	1	0	0	0	54879
609	2	2	0	118	2004	50020
610	1	1	348	129	2006	21410
611	1	1	347	127	2006	50410
612	1	2	341	97	2009	17719
613	1	2	333	122	2006	25191
614	1	0	0	0	0	50814
615	1	1	0	127	0	0
616	1	2	335	117	2008	50000
617	2	2	0	105	2004	3569
618	1	2	341	97	2009	0
619	2	2	334	108	2005	50979
620	1	2	331	115	2008	16327
621	1	2	332	111	2009	9073
622	1	2	338	108	2009	9618
623	1	2	334	117	2006	50410
624	1	0	341	127	2008	16759
625	1	2	348	0	2009	50425
626	1	2	336	108	2009	56999
627	1	1	351	111	2009	50340
628	1	1	0	0	2009	50852
629	1	2	333	127	2007	17025
630	1	1	340	129	2008	17081
631	1	2	328	134	2007	9429
632	1	2	331	122	2007	55390
633	1	1	349	117	2007	0
634	1	2	341	106	2009	3675
635	2	2	343	117	2004	20934
636	2	2	0	129	2005	50131
637	1	1	334	92	2007	16274
638	2	2	0	92	0	9678
639	1	1	340	122	2006	51378
640	2	2	349	117	2005	0
641	2	2	0	130	2005	3735
642	1	1	328	0	2007	3721
643	1	2	334	99	2008	17716
644	2	1	333	110	2005	16492
645	2	2	0	117	2005	9634
646	1	1	351	111	2009	9757
647	1	1	333	129	2007	3737
648	1	1	334	122	2008	20970
649	1	2	341	0	2008	3565
650	1	2	344	128	2009	19967
651	2	0	0	117	2004	50025
652	1	1	0	127	2006	5979
653	1	2	0	99	2009	54565
654	1	2	334	118	2007	9246
655	1	1	0	110	2007	8426
656	1	1	327	118	2006	50272
657	1	1	328	129	2009	50315
658	1	1	344	0	2008	50277
659	2	1	0	131	2005	51129
660	1	2	341	128	2007	18030
661	1	1	0	129	2008	51111
662	2	1	0	130	2005	9729
663	1	2	333	108	2006	51899
664	1	1	341	97	2009	18041
665	1	2	343	108	2006	17029
666	2	1	341	133	2004	50018
667	1	2	0	0	2008	52899
668	2	2	0	91	2005	50354
669	2	2	0	0	2004	25278
670	2	1	347	97	2005	16805
671	1	2	332	0	2009	18089
672	2	1	0	103	2005	50241
673	1	2	334	108	2006	50325
674	1	1	348	133	2007	9614
675	1	1	327	92	2005	16722
676	2	1	0	108	2005	3681
677	1	2	343	108	2007	52804
678	1	1	338	113	2009	9603
679	1	1	335	0	2008	11279
680	1	1	338	117	2009	16241
681	1	2	0	117	2006	16329
682	2	2	336	108	2005	24942
683	1	2	333	96	2008	24993
684	2	1	345	97	2005	50763
685	2	2	334	130	2005	9351
686	1	2	335	0	2008	50130
687	1	1	328	96	2007	17813
688	1	1	335	0	2008	50494
689	1	1	347	0	2008	10937
690	1	1	334	129	2008	693
691	1	1	333	108	2008	50865
692	1	1	344	101	2008	17264
693	1	2	338	137	2008	9388
694	1	2	333	129	2007	50065
695	1	2	0	108	2006	21852
696	1	1	348	105	2009	0
697	1	2	341	125	2009	51307
698	1	1	0	108	2008	0
699	1	1	0	0	0	0
700	1	2	338	0	2009	51060
701	2	2	0	105	2005	0
702	2	1	0	130	2005	50018
703	1	1	335	99	2008	51894
704	1	1	348	129	2008	50025
705	1	1	347	133	2006	50178
706	1	2	0	130	0	17568
707	1	1	0	0	0	9076
708	1	2	349	130	2006	9349
709	1	1	341	133	2007	16805
710	3	2	0	111	2006	0
711	2	1	337	133	2005	3739
712	1	1	337	119	2006	16243
713	1	1	351	0	2009	50029
714	1	2	345	102	2007	50468
715	1	2	348	96	2006	16382
716	2	2	0	104	2003	17568
717	1	1	330	0	2009	20853
718	1	2	335	108	2008	51060
719	2	1	0	134	2004	0
720	2	2	0	129	2001	50246
721	1	2	336	122	2006	53430
722	1	1	335	108	2008	50008
723	2	0	0	105	2005	9787
724	1	2	0	117	2006	3544
725	1	1	334	110	2008	21155
726	1	2	0	108	2007	50325
727	1	0	344	97	0	0
728	1	2	341	108	2008	17640
729	1	2	0	108	2006	50105
730	1	1	335	129	2007	17636
731	2	1	0	127	2003	50018
732	1	1	337	125	2006	21623
733	2	2	0	104	2005	16769
734	2	2	0	104	2005	50314
735	1	2	333	119	2006	50582
736	1	1	335	125	2008	9437
737	2	2	0	0	2005	8875
738	1	1	348	100	2006	17573
739	1	2	0	122	0	0
740	1	2	336	108	2009	52737
741	1	2	333	131	2007	0
742	1	2	344	108	0	9429
743	1	1	0	118	2006	50074
744	1	2	347	108	2006	52290
745	1	2	341	111	2009	9580
746	1	1	333	105	2006	11099
747	1	2	0	0	2007	3686
748	1	2	341	131	2006	50410
749	1	1	344	103	2009	0
750	2	1	347	100	2005	3681
751	1	1	348	125	2006	25032
752	1	1	335	117	2008	16306
753	2	2	0	125	2005	50002
754	1	1	337	117	2006	17764
755	1	2	343	108	2007	50058
756	1	1	0	93	2006	0
757	1	1	348	99	2009	2275
758	1	2	334	117	2008	17081
759	1	2	330	121	2006	11165
760	1	2	337	127	2006	17083
761	1	2	345	138	0	0
762	1	1	334	97	2007	9290
763	1	1	333	97	2007	25028
764	1	1	0	129	2007	9800
765	1	1	0	115	2006	16797
766	1	0	0	0	0	0
767	1	2	340	133	2006	16396
768	2	2	334	108	2005	17406
769	2	1	0	0	1998	17071
770	1	0	341	108	0	50000
771	1	1	344	138	2009	50852
772	1	2	335	122	2007	50025
773	1	2	0	106	2005	0
774	5	1	0	0	2004	17323
775	1	2	340	0	2008	52091
776	1	2	338	128	2006	17140
777	1	1	335	0	2008	9415
778	1	0	343	128	2007	17454
779	1	1	0	0	0	17083
780	1	0	0	0	0	24999
781	1	2	335	93	2008	17401
782	1	2	334	130	2006	50124
783	1	1	332	97	2009	53329
784	2	1	0	134	2004	17083
785	1	1	337	108	2006	50597
786	1	1	339	94	2008	50523
787	1	2	335	108	2008	53433
788	1	1	335	130	2008	15912
789	1	1	338	92	0	20900
790	1	1	348	111	2009	4700
791	1	2	0	138	2007	21408
792	1	2	0	97	2007	50246
793	2	1	0	133	2005	3840
794	1	2	335	115	2008	24993
795	1	1	341	132	2009	0
796	1	0	0	0	0	0
797	1	0	334	0	2008	3191
798	1	1	348	0	2008	22265
799	1	1	341	118	2009	766
800	1	1	0	108	2006	17060
801	2	2	333	122	2005	50075
802	1	1	339	0	2008	51521
803	1	2	333	118	2008	5971
804	1	2	338	122	2006	52336
805	2	1	0	110	2005	17845
806	1	1	338	92	2009	18120
807	1	1	335	0	2008	3572
808	1	2	348	138	2007	8851
809	2	0	0	129	2004	17340
810	1	2	0	115	2006	9428
811	1	2	0	102	2007	0
812	1	1	333	110	2006	50253
813	1	1	347	130	2006	17116
814	1	1	334	127	2006	4700
815	2	1	0	134	2005	17150
816	1	2	332	127	2007	21800
817	1	1	341	0	2009	24985
818	1	2	341	0	2007	17060
819	2	2	0	96	2005	51129
820	4	1	345	119	2010	17083
821	1	2	352	99	2007	17943
822	1	1	0	0	2005	4687
823	2	1	0	106	2005	0
824	1	1	344	110	2008	51686
825	5	0	349	127	0	19295
826	2	1	0	111	2005	50137
827	1	1	0	92	2006	3734
828	1	2	341	108	2009	0
829	1	2	335	118	2008	16128
830	1	1	335	0	2008	50124
831	1	2	337	108	2006	16813
832	1	2	333	94	2007	3674
833	1	1	0	0	2008	50005
834	1	2	341	97	2009	51141
835	2	1	0	124	2005	16425
836	1	2	335	108	2007	9580
837	1	1	0	117	2007	16234
838	1	2	341	0	2009	52957
839	1	2	349	0	2006	0
840	2	2	340	102	2005	9321
841	1	2	334	117	2007	3743
842	1	2	341	108	2009	3544
843	1	2	330	129	2007	17080
844	1	2	330	0	2009	17137
845	2	1	0	115	2004	50234
846	2	0	0	117	2005	9617
847	2	2	0	125	2001	16699
848	1	1	0	117	2006	16899
849	2	1	333	117	2005	3243
850	1	1	0	129	2007	8961
851	1	2	335	122	2008	0
852	1	1	0	97	2007	9021
853	2	2	0	110	2005	53111
854	1	2	336	112	2009	9554
855	1	1	337	133	2007	9565
856	1	1	338	0	2009	17609
857	1	2	341	108	2009	2457
858	2	2	0	102	2005	3748
859	1	1	328	125	2009	50384
860	1	2	341	108	2008	50079
861	1	2	336	0	2006	3739
862	1	1	0	0	2008	0
863	1	1	328	0	2008	0
864	1	2	333	117	2006	17697
865	1	1	0	135	2006	16810
866	2	0	0	133	0	9617
867	1	1	348	117	2009	50075
868	1	2	333	124	2006	22246
869	1	2	0	117	2006	9692
870	1	1	328	105	2009	50001
871	1	1	335	110	2007	21292
872	1	2	346	104	2006	3704
873	1	2	337	134	2006	50060
874	1	1	346	122	2006	50094
875	1	1	343	105	2006	17577
876	1	2	343	129	2007	50074
877	1	1	334	0	2008	50502
878	1	2	334	127	2006	16803
879	1	1	333	124	2006	50582
880	2	1	0	110	2005	16128
881	1	1	343	97	2007	16440
882	1	2	348	108	2009	50696
883	1	2	0	130	2008	9554
884	1	1	0	117	2007	9292
885	1	1	0	97	0	17083
886	1	1	344	110	2007	8944
887	1	0	0	0	0	0
888	1	1	334	117	2006	17278
889	1	1	0	138	2009	11134
890	1	1	341	115	2008	16911
891	1	2	341	93	2009	14632
892	1	0	350	0	2006	17329
893	1	1	333	122	2007	17529
894	1	2	341	108	2007	3574
895	1	1	338	105	2009	16264
896	1	1	341	0	2005	3632
897	2	0	0	0	0	0
898	1	1	337	93	2007	50979
899	1	2	341	122	2009	0
900	1	0	335	94	2008	50124
901	1	1	334	0	2008	9692
902	2	1	0	101	2005	16719
903	1	0	337	130	2005	9423
904	1	1	0	0	2008	0
905	1	2	351	0	2009	5895
906	1	1	335	129	2007	21094
907	1	2	350	130	2007	17870
908	2	1	347	106	2005	16008
909	1	2	335	108	2008	50377
910	2	2	0	135	2005	50319
911	1	1	341	0	2009	14317
912	2	2	0	113	2003	51060
913	2	1	0	97	2005	9274
914	1	1	0	108	2009	3721
915	2	1	0	125	2005	51060
916	2	2	0	118	2005	50595
917	1	2	348	127	2005	3649
918	1	1	343	138	2006	11099
919	1	1	0	105	2006	16793
920	1	2	334	0	2007	50079
921	1	1	341	129	2009	50611
922	1	1	333	115	2007	50143
923	1	1	335	130	2008	3841
924	1	1	335	118	2008	24567
925	1	1	338	0	2009	9554
926	2	1	0	97	2005	16761
927	2	1	0	129	2004	16029
928	1	2	335	125	2008	0
929	1	2	338	0	2009	51841
930	2	2	332	129	2005	17814
931	1	1	0	108	2007	51852
932	1	1	0	92	2006	0
933	1	1	336	138	2009	9472
934	2	2	337	108	2005	0
935	1	1	345	110	2005	50506
936	5	2	347	96	2005	18138
937	1	1	333	0	2008	9046
938	1	1	350	0	0	3564
939	1	0	334	108	2006	16313
940	1	1	332	125	2009	16810
941	1	1	341	122	0	17529
942	1	2	344	99	2007	50161
943	1	1	0	0	0	18135
944	1	1	342	117	2006	0
945	2	1	0	117	2005	17568
946	1	2	351	97	2009	9136
947	1	2	335	138	2007	50123
948	1	2	0	115	2007	17836
949	1	1	345	137	2007	16761
950	1	1	0	0	2007	9544
951	1	1	335	0	2008	0
952	1	1	0	110	2006	3675
953	1	1	352	108	2007	55390
954	1	2	340	117	2006	17529
955	1	0	0	0	0	0
956	1	2	0	100	2006	51177
957	1	2	348	0	2009	3544
958	1	2	349	110	2007	50094
959	1	2	333	99	2008	50070
960	1	1	340	0	2008	26488
961	2	2	339	117	2004	50425
962	1	2	341	117	2009	3681
963	1	1	333	138	2006	0
964	1	2	344	104	2009	15925
965	1	2	0	117	2007	16440
966	4	0	0	0	0	0
967	1	1	332	0	2009	9752
968	2	1	0	129	2005	17858
969	2	2	0	105	2005	9678
970	1	2	0	119	2007	0
971	1	2	0	96	0	0
972	1	1	333	129	2006	16067
973	1	2	338	117	2009	3564
974	1	2	0	104	2009	0
975	1	2	0	138	2006	9692
976	1	0	342	0	2005	0
977	1	2	347	97	2006	9333
978	1	2	348	101	2008	50270
979	1	1	328	0	2009	11206
980	1	2	334	133	2007	50002
981	1	2	337	117	2007	0
982	2	1	0	133	2005	9705
983	1	0	335	0	2008	0
984	1	1	333	105	2006	9760
985	2	2	0	97	2003	17060
986	2	1	0	110	2005	3681
987	1	2	0	125	2009	17129
988	2	1	0	110	2005	0
989	1	1	332	97	2009	17814
990	2	2	0	95	2004	18056
991	1	2	334	108	2008	17430
992	1	1	335	118	2006	53691
993	1	1	335	0	2008	9492
994	2	0	0	0	0	0
995	1	1	341	0	2009	25070
996	1	1	0	102	2007	3546
997	1	2	0	0	2007	50583
998	1	1	343	133	2006	16942
999	1	2	336	92	2009	15938
1000	2	0	0	0	0	0
1001	1	2	334	110	2008	3571
1002	1	0	0	0	0	0
1003	2	0	0	115	2005	0
1004	2	1	0	130	2005	50144
1005	1	2	349	118	2007	50410
1006	1	2	328	0	2007	14317
1007	1	0	0	0	0	0
1008	1	2	335	108	2008	50166
1009	1	1	334	92	2008	3681
1010	1	2	344	117	2008	17876
1011	2	1	0	122	2005	50872
1012	2	0	0	0	0	0
1013	1	2	348	118	2008	3544
1014	1	0	0	0	0	0
1015	1	2	334	0	2008	15959
1016	1	2	341	110	2007	3815
1017	2	2	348	108	1996	0
1018	1	2	338	0	2009	57595
1019	1	1	337	97	2007	51396
1020	1	2	341	117	2007	50268
1021	2	1	0	117	2005	50582
1022	1	2	339	0	2008	3749
1023	1	0	348	138	2007	51008
1024	1	1	333	114	2007	17932
1025	1	1	328	0	2009	17454
1026	1	1	330	115	2009	0
1027	1	1	333	0	2008	21094
1028	1	2	330	105	2009	9428
1029	1	2	334	108	2007	3632
1030	1	2	332	95	2008	17080
1031	1	2	348	108	2006	8820
1032	1	2	0	0	0	50062
1033	1	2	336	117	2009	16227
1034	1	2	332	137	2009	21219
1035	1	2	0	108	2007	16243
1036	1	2	343	100	2006	17407
1037	2	1	0	127	2005	16693
1038	1	1	352	127	2006	0
1039	2	2	0	117	2005	50024
1040	2	2	0	0	2004	50814
1041	2	2	0	118	2002	50863
1042	1	2	348	0	2008	3300
1043	1	2	0	128	2006	3632
1044	1	2	0	0	2006	0
1045	1	1	351	127	2008	16761
1046	1	1	334	97	2008	3632
1047	1	2	351	130	2009	17294
1048	2	1	0	117	2004	17669
1049	2	1	0	133	2005	17154
1050	1	0	348	130	2006	51535
1051	1	1	333	110	2006	9692
1052	1	1	338	100	2009	51465
1053	1	2	341	0	2008	3681
1054	1	2	351	104	2007	17083
1055	1	0	343	0	2006	0
1056	1	1	334	0	2008	50492
1057	1	2	334	99	2006	9536
1058	1	2	0	117	2006	0
1059	1	1	336	105	2008	21220
1060	2	2	338	134	1999	52899
1061	2	0	0	0	0	0
1062	1	2	330	118	2006	21781
1063	1	1	351	97	2006	50534
1064	1	1	347	129	2006	21531
1065	1	2	341	129	2007	9339
1066	1	1	336	108	2009	6399
1067	1	2	337	108	2007	17154
1068	1	2	0	0	2008	50959
1069	1	1	335	105	2007	17456
1070	1	1	0	138	2006	9787
1071	1	0	0	138	2006	17407
1072	1	1	334	129	2008	51806
1073	2	1	336	135	2005	15895
1074	2	1	0	129	2005	9423
1075	1	2	335	0	2008	3544
1076	1	1	347	108	2007	16067
1077	1	2	341	0	2009	0
1078	2	1	0	108	2005	50241
1079	1	2	0	117	2006	0
1080	1	1	332	134	2008	16265
1081	1	1	344	0	2009	0
1082	1	1	332	0	2009	17568
1083	1	1	0	122	2007	15963
1084	1	1	344	110	2009	0
1085	1	1	335	94	2007	50161
1086	1	1	334	128	2008	17242
1087	1	1	349	130	2006	18057
1088	2	2	336	115	2002	50046
1089	1	2	341	0	2009	8647
1090	5	1	0	113	0	17423
1091	1	1	332	118	2008	50246
1092	1	1	0	99	2007	9339
1093	1	1	335	108	2008	17329
1094	1	2	345	110	2006	9692
1095	1	2	332	92	2008	16130
1096	1	2	341	130	2006	17083
1097	1	1	332	138	2007	9618
1098	2	1	0	117	2004	16147
1099	1	2	0	129	2006	17786
1100	1	2	348	0	2009	3755
1101	1	1	341	99	2009	17150
1102	1	1	335	94	2008	17060
1103	1	1	0	135	2007	2813
1104	1	2	332	100	2008	9021
1105	1	2	345	108	2006	25180
1106	2	1	0	103	2005	21227
1107	2	0	0	0	2004	19444
1108	1	1	341	110	2009	50151
1109	1	1	0	125	2008	17271
1110	1	2	341	0	2009	16663
1111	1	1	335	0	2008	16794
1112	1	1	0	105	2006	50529
1113	1	1	342	129	2005	0
1114	2	1	0	112	2005	17654
1115	1	2	336	117	2009	50221
1116	5	1	0	90	2010	3748
1117	1	2	333	118	2007	50425
1118	1	2	340	133	2006	50666
1119	1	1	334	128	2006	50143
1120	1	1	349	124	2010	17083
1121	2	2	0	117	2005	9783
1122	2	2	0	104	2005	51066
1123	1	1	336	133	2007	17609
1124	1	2	338	0	2009	50143
1125	1	2	341	108	2006	50155
1126	2	1	0	110	2005	22219
1127	1	1	348	0	2009	17116
1128	1	0	0	108	2006	17454
1129	2	1	0	103	2005	3612
1130	1	2	350	130	2008	9753
1131	1	1	335	99	2008	17836
1132	1	2	341	0	2009	9580
1133	1	1	0	99	2006	50010
1134	1	1	335	102	2008	17115
1135	1	2	328	133	2009	55577
1136	2	1	0	93	0	50046
1137	1	2	348	117	2006	50643
1138	1	0	0	0	0	0
1139	1	1	341	110	0	50310
1140	1	1	335	97	2008	50221
1141	1	2	0	108	2008	17625
1142	1	1	341	108	2009	17040
1143	1	1	0	129	2007	50188
1144	1	2	330	0	2007	25012
1145	1	0	341	138	2007	9802
1146	1	1	335	0	0	0
1147	1	1	341	0	2009	9415
1148	1	1	0	108	2006	0
1149	2	1	0	102	2004	21326
1150	1	2	344	93	2007	0
1151	1	1	348	108	2007	50143
1152	1	2	340	115	2007	9244
1153	1	2	341	108	2006	9507
1154	2	1	0	133	2004	6399
1155	1	2	348	0	2009	18005
1156	1	2	0	122	2006	11172
1157	2	2	0	118	2005	17278
1158	1	2	336	124	2009	0
1159	2	2	343	108	2005	17584
1160	1	2	0	99	2007	50410
1161	1	0	341	117	2008	18721
1162	1	2	348	0	2006	17401
1163	2	1	327	118	2004	18056
1164	1	1	328	129	2006	17129
1165	1	1	333	92	2006	51988
1166	2	2	0	128	2004	9673
1167	1	1	0	134	2006	18115
1168	1	1	333	129	2006	9477
1169	1	1	348	129	2006	9757
1170	1	2	346	104	2008	17075
1171	1	0	0	94	2006	0
1172	1	1	0	129	2006	50074
1173	1	0	0	118	2007	17010
1174	1	0	0	0	0	0
1175	1	1	334	105	2008	25032
1176	2	2	343	129	2005	50582
1177	2	1	337	129	2005	52861
1178	1	0	334	125	2008	0
1179	1	2	0	0	2009	51034
1180	1	2	338	127	2009	16274
1181	1	1	344	129	2008	50629
1182	1	2	341	112	2007	21219
1183	1	2	341	122	2009	9674
1184	1	2	341	0	2009	50359
1185	1	1	0	94	2006	1943
1186	1	2	337	108	2008	17081
1187	1	1	333	108	2006	3714
1188	1	2	328	108	2009	0
1189	2	2	0	118	2005	50045
1190	2	0	0	118	2005	20838
1191	1	1	328	0	2009	16761
1192	1	2	332	124	2006	50377
1193	1	2	328	0	2009	9757
1194	2	1	0	118	2005	18157
1195	1	1	351	0	2008	53233
1196	1	1	341	0	2009	50096
1197	1	1	349	108	2007	17007
1198	1	1	348	108	2009	59556
1199	1	0	338	108	2008	50074
1200	1	2	330	104	2009	9382
1201	1	2	335	118	2008	0
1202	2	1	0	108	2005	50419
1203	1	1	351	0	2009	3683
1204	1	2	343	97	2007	0
1205	1	1	0	117	2006	3656
1206	1	2	348	127	2008	50494
1207	1	0	0	108	0	0
1208	1	2	330	118	2009	16992
1209	1	1	340	133	2006	50052
1210	1	1	341	108	2009	0
1211	1	1	330	117	2008	17548
1212	1	2	330	92	2007	3765
1213	1	2	341	138	2008	0
1214	1	2	341	107	2009	60941
1215	1	2	334	94	2007	50004
1216	1	2	334	117	2006	3763
1217	1	1	0	129	2008	17018
1218	1	0	0	0	0	0
1219	1	1	349	129	2006	50022
1220	2	2	347	99	2005	16794
1221	5	2	0	0	2005	3683
1222	2	1	337	117	2005	17081
1223	1	2	335	108	2008	17323
1224	1	0	0	124	2010	0
1225	1	1	347	105	2006	50611
1226	1	1	349	110	2006	6566
1227	1	2	341	0	2009	19885
1228	1	2	338	0	2009	9780
1229	1	1	341	117	2007	50059
1230	2	1	0	129	2002	18057
1231	1	1	338	117	2009	16127
1232	1	1	341	110	2009	25459
1233	2	1	0	125	2005	25191
1234	1	1	337	125	2006	50070
1235	1	1	349	129	2006	50302
1236	1	1	348	0	2009	52984
1237	1	1	0	110	2005	3735
1238	1	1	341	0	2009	3544
1239	1	0	352	108	2006	17609
1240	1	1	341	0	2009	50595
1241	1	1	338	112	2009	4687
1242	1	2	335	108	2008	16796
1243	1	1	333	125	2007	9419
1244	1	1	348	102	2009	17773
1245	1	0	334	105	2006	6097
1246	2	1	0	118	2005	17287
1247	1	1	332	105	2008	50010
1248	1	2	333	118	2007	51785
1249	1	1	336	96	2009	18159
1250	1	1	337	108	2006	17468
1251	1	2	342	97	2007	16261
1252	1	1	351	0	2008	3191
1253	1	1	333	133	2008	17955
1254	1	1	335	0	2008	17908
1255	1	1	333	0	2008	51111
1256	1	1	348	117	2009	50236
1257	2	2	335	130	2005	17154
1258	1	1	351	0	2009	17010
1259	1	1	0	117	2005	9580
1260	1	1	348	130	2008	3546
1261	2	2	0	118	2005	17180
1262	2	0	0	0	0	0
1263	1	2	340	122	2008	51465
1264	1	2	330	0	2009	50115
1265	2	2	0	0	2003	50595
1266	1	2	0	117	2006	51624
1267	1	1	332	0	2009	21653
1268	1	2	334	117	2005	3704
1269	2	2	0	102	2005	50814
1270	1	2	340	0	2008	9554
1271	1	1	335	0	2007	51060
1272	1	1	335	0	2008	50060
1273	1	1	328	133	2009	51388
1274	1	2	341	108	2006	50425
1275	1	2	341	0	2007	50105
1276	1	1	331	129	2008	50523
1277	1	2	0	108	2006	0
1278	2	2	332	127	2004	16043
1279	1	2	0	127	2009	0
1280	2	2	0	110	2005	9780
1281	2	1	0	130	2005	9536
1282	1	2	344	138	2008	17081
1283	1	1	334	99	2007	3755
1284	1	2	0	122	2006	50786
1285	1	2	338	0	2009	8881
1286	1	1	344	93	2007	17162
1287	1	1	341	133	2009	9366
1288	1	1	332	112	2009	9429
1289	2	2	0	0	2005	50104
1290	1	1	341	99	2007	24119
1291	1	2	336	97	2009	60468
1292	1	1	330	0	0	0
1293	1	1	0	90	2007	50201
1294	1	1	348	129	2009	0
1295	1	0	0	0	0	0
1296	1	1	341	0	2009	17917
1297	1	2	328	105	2007	16329
1298	1	1	341	117	2007	50384
1299	1	1	344	112	2008	50865
1300	1	2	343	119	2006	0
1301	2	1	0	133	2005	50597
1302	1	1	348	117	2007	50909
1303	2	2	0	104	0	0
1304	1	2	348	110	2007	3683
1305	1	1	333	125	2007	25369
1306	1	2	0	130	2006	18061
1307	1	1	348	91	2009	50179
1308	1	1	344	110	2009	50017
1309	1	2	343	108	2006	17029
1310	1	1	338	0	2008	9565
1311	1	1	342	129	2007	3576
1312	1	1	336	125	2006	21094
1313	1	2	340	108	2008	0
1314	1	1	338	0	2009	17400
1315	1	1	344	97	2009	9451
1316	1	2	333	100	2006	17839
1317	1	1	332	130	2009	17903
1318	1	2	0	108	0	50104
1319	2	1	0	122	2005	17227
1320	1	1	351	0	2009	17927
1321	1	2	332	102	2009	16808
1322	1	1	0	103	2007	17636
1323	2	2	0	95	2004	50814
1324	1	2	334	97	2008	3762
1325	2	1	0	99	2005	3712
1326	1	1	0	99	2007	13984
1327	2	1	333	135	2005	20900
1328	2	2	352	93	2005	16256
1329	1	2	0	108	2005	0
1330	1	1	0	103	2006	16269
1331	1	1	344	110	2008	52941
1332	1	2	335	117	2008	50115
1333	1	1	339	0	2008	50205
1334	1	1	341	0	2008	3576
1335	2	0	0	118	2005	51018
1336	1	1	0	108	2007	0
1337	1	1	0	117	2007	17836
1338	1	1	349	108	2006	9757
1339	1	2	351	0	2009	9318
1340	2	1	352	115	2005	17144
1341	1	2	349	118	2006	6399
1342	1	1	336	99	2008	0
1343	1	1	330	97	2009	17009
1344	1	1	334	94	2006	17060
1345	2	1	0	92	2005	0
1346	1	2	348	117	2007	51167
1347	1	2	344	0	2009	4849
1348	1	1	348	0	2008	20853
1349	1	2	335	117	2008	50270
1350	1	1	341	133	2009	50595
1351	1	2	338	129	2009	3284
1352	1	1	336	0	2009	50666
1353	1	1	337	129	2007	50425
1354	2	2	0	124	2004	25034
1355	2	1	334	93	2005	50124
1356	1	1	341	99	2007	16784
1357	1	2	352	108	2008	51097
1358	1	2	341	0	2008	50582
1359	2	1	330	102	2005	16909
1360	1	1	335	138	2008	3598
1361	2	1	0	125	2003	9540
1362	1	1	335	133	2007	15987
1363	1	1	345	122	2008	51408
1364	1	2	346	129	0	16671
1365	1	0	0	125	2007	9640
1366	1	2	330	95	2009	50325
1367	1	2	335	96	2007	51060
1368	2	2	0	97	2002	0
1369	1	2	347	130	2006	17836
1370	1	1	328	99	2005	17876
1371	1	1	332	125	2009	9415
1372	1	1	333	112	2008	20934
1373	1	1	347	131	2006	18068
1374	1	2	333	137	2008	9349
1375	1	2	328	117	2009	20480
1376	1	2	337	0	2007	50368
1377	1	2	348	105	2009	3290
1378	1	1	330	133	2006	9382
1379	1	2	343	125	2007	9369
1380	1	1	341	0	2009	16060
1381	1	1	349	101	2007	16850
1382	1	2	341	117	2009	17221
1383	1	2	341	0	2009	0
1384	1	2	333	108	2006	0
1385	1	1	333	135	2006	5477
1386	1	1	335	101	2008	17901
1387	1	1	332	110	2009	17081
1388	2	1	333	133	2005	9736
1389	1	2	0	97	2008	3755
1390	2	1	0	102	2002	50002
1391	2	2	334	108	2005	16440
1392	1	2	338	124	2009	16791
1393	1	1	335	117	2008	15902
1394	1	2	335	138	2007	9771
1395	1	1	333	135	2006	21506
1396	1	1	338	0	2009	50425
1397	1	2	335	97	2008	3681
1398	1	2	340	110	2006	7992
1399	1	1	348	0	2008	50963
1400	1	1	343	129	2007	50975
1401	2	2	0	134	2005	17752
1402	2	1	0	117	2005	16010
1403	1	2	341	97	2009	15943
1404	1	2	0	118	2007	15987
1405	1	2	348	96	2007	50872
1406	1	2	341	133	2008	50277
1407	1	1	341	128	2007	50325
1408	1	1	0	0	0	3632
1409	1	1	351	110	2009	15890
1410	2	1	347	122	2005	18057
1411	1	2	337	117	2008	16396
1412	2	2	330	124	0	56083
1413	1	1	338	97	2009	17060
1414	2	2	337	102	2005	50037
1415	1	2	332	108	2009	16274
1416	2	1	347	133	2005	22353
1417	2	1	0	138	2005	50484
1418	1	2	344	0	2009	50582
1419	1	2	350	0	2006	50037
1420	3	0	0	0	0	0
1421	1	2	335	117	2008	17914
1422	1	0	0	0	0	0
1423	2	2	0	92	2000	9783
1424	1	1	0	95	2006	54927
1425	1	2	333	118	2008	9650
1426	1	1	334	110	2006	16727
1427	2	0	0	0	0	0
1428	1	2	332	0	2008	3755
1429	1	2	350	108	2006	50074
1430	1	2	335	0	2008	9415
1431	1	1	333	93	2007	6393
1432	1	2	341	124	2009	0
1433	1	1	333	117	2007	17845
1434	1	2	335	118	2007	17885
1435	1	1	341	0	2008	51361
1436	1	1	345	97	2007	25008
1437	1	2	338	0	2009	50643
1438	1	0	335	102	2008	50036
1439	2	2	0	118	2005	17234
1440	1	1	338	113	2006	9523
1441	1	1	335	0	2007	51060
1442	1	1	336	0	2009	9382
1443	2	2	0	108	2005	16805
1444	1	1	332	122	2008	50143
1445	2	1	0	117	2005	21418
1446	1	2	344	0	2009	53385
1447	1	2	0	97	2006	3531
1448	1	1	335	130	2008	17135
1449	1	2	341	0	2007	17836
1450	1	2	344	108	2008	53242
1451	1	2	349	108	2007	9437
1452	2	1	0	0	2005	53720
1453	1	2	341	0	2009	9793
1454	1	2	332	0	2009	3754
1455	1	0	0	0	0	0
1456	1	1	339	0	0	9755
1457	1	0	0	0	0	17135
1458	1	1	335	117	2008	8644
1459	1	1	0	129	2007	16043
1460	1	1	0	103	2006	9753
1461	1	2	0	110	2007	3564
1462	1	1	328	97	2009	9586
1463	2	1	0	118	2004	17870
1464	1	2	350	119	0	50814
1465	2	1	0	108	2005	0
1466	2	1	333	110	2004	54370
1467	1	0	335	0	2008	16718
1468	1	1	333	97	2007	9614
1469	1	1	341	0	2009	25278
1470	1	1	336	133	2008	3716
1471	1	1	334	0	2008	50909
1472	1	1	342	114	2006	21069
1473	1	2	344	96	2009	17603
1474	1	1	333	101	0	50118
1475	1	2	330	127	2006	1913
1476	1	0	348	131	2007	0
1477	1	2	338	111	2009	6561
1478	1	1	328	0	2009	20631
1479	2	2	0	0	2003	15903
1480	5	1	0	0	2006	0
1481	1	2	0	108	2008	17609
1482	2	2	0	0	0	0
1483	2	2	0	130	2005	9307
1484	1	2	348	0	2008	50060
1485	1	1	330	0	2005	0
1486	1	1	332	137	2006	17117
1487	1	2	332	108	2009	17914
1488	1	1	339	125	2008	50143
1489	1	2	343	97	2007	18079
1490	1	1	335	108	2008	50315
1491	1	2	337	110	2006	50230
1492	1	1	333	124	2007	18126
1493	1	1	0	0	2008	9349
1494	1	2	340	133	2007	16487
1495	1	0	0	0	0	0
1496	2	1	0	117	2005	18044
1497	2	1	0	105	2005	15902
1498	1	2	0	123	2006	16990
1499	1	2	332	111	2009	3601
1500	1	1	341	129	2007	16128
1501	2	1	0	130	2005	17129
1502	2	2	0	108	2005	17625
1503	1	2	0	138	2006	21334
1504	2	2	0	122	2005	50246
1505	1	2	335	108	0	3565
1506	1	0	0	94	2006	9434
1507	1	2	336	96	2009	0
1508	1	2	351	129	2009	6399
1509	1	2	348	108	2007	21621
1510	1	1	336	118	2009	5616
1511	2	2	0	101	2004	21621
1512	1	1	333	97	0	3754
1513	2	2	0	104	2005	16229
1514	1	1	334	0	2008	9755
1515	1	1	328	133	2007	51038
1516	2	1	0	108	2005	16849
1517	1	0	0	0	0	0
1518	1	1	0	138	2006	9374
1519	1	0	0	0	0	0
1520	1	0	0	99	0	0
1521	2	1	0	92	2005	17529
1522	1	2	336	122	2007	16512
1523	1	2	328	97	2009	52104
1524	1	1	0	129	2006	17901
1525	1	2	0	122	2010	17529
1526	1	1	341	0	2009	17115
1527	2	0	0	0	0	50595
1528	1	2	0	99	2009	16406
1529	1	2	349	108	2006	16261
1530	2	2	0	115	2003	55733
1531	2	1	0	97	2005	3714
1532	1	1	333	107	2007	14680
1533	1	1	341	0	2009	50481
1534	1	1	348	105	2006	17845
1535	1	2	341	117	2009	17719
1536	2	1	347	118	2005	51901
1537	1	2	336	0	2009	9753
1538	2	1	0	115	2005	9780
1539	1	1	338	127	2007	9587
1540	2	2	343	122	2005	17529
1541	2	0	0	108	2005	3576
1542	2	2	350	117	2005	17640
1543	1	1	0	110	2008	8617
1544	1	1	341	0	2009	51624
1545	1	1	0	129	2007	17083
1546	1	2	0	118	2007	0
1547	1	2	0	128	2006	16389
1548	1	1	341	97	2007	56182
1549	1	2	0	0	2008	50230
1550	2	2	0	108	2004	19444
1551	1	1	333	0	2008	2322
1552	1	1	351	110	2009	3675
1553	1	1	330	99	2009	50675
1554	1	1	338	110	2009	16439
1555	2	2	0	135	2005	50173
1556	1	1	341	105	2009	17081
1557	2	2	0	134	2004	16803
1558	1	1	328	129	2006	17840
1559	1	1	347	133	2006	50036
1560	1	1	335	0	2008	9351
1561	1	1	336	94	2007	18559
1562	1	1	335	117	2007	18118
1563	1	1	340	115	2005	0
1564	1	1	335	118	2008	50060
1565	1	1	337	129	2006	17529
1566	1	2	344	0	2008	6930
1567	1	1	339	129	2008	50709
1568	1	2	341	0	2007	9530
1569	2	1	0	94	2005	52104
1570	1	2	338	0	0	17723
1571	1	1	334	0	2008	51521
1572	1	2	339	0	2007	3574
1573	1	2	333	127	2007	0
1574	1	2	334	129	2006	17786
1575	1	2	344	97	2009	60468
1576	1	2	0	118	2006	0
1577	1	1	335	0	2008	50502
1578	2	1	0	135	2004	50872
1579	2	1	0	94	2005	50484
1580	1	2	341	108	2008	2687
1581	1	2	334	115	2008	50909
1582	1	1	347	110	2006	16451
1583	1	1	341	92	2009	3744
1584	1	2	0	127	2006	0
1585	1	1	336	122	2006	17273
1586	1	2	341	108	2009	16387
1587	1	1	333	108	2007	0
1588	1	2	351	117	2005	50425
1589	1	2	334	117	2008	17529
1590	1	2	338	0	2009	4296
1591	1	1	337	108	2006	15903
1592	1	2	336	0	2009	25723
1593	1	2	348	117	2009	0
1594	1	2	341	138	2009	3576
1595	1	1	343	0	2008	16911
1596	1	1	333	125	2006	16992
1597	1	1	341	117	2009	3680
1598	1	1	328	99	2009	17331
1599	1	1	334	129	2007	17034
1600	1	2	341	125	2008	52591
1601	1	1	333	133	2007	17431
1602	2	1	0	94	2004	8989
1603	1	1	348	121	2009	5655
1604	1	1	335	0	2008	0
1605	1	1	341	105	2009	20478
1606	1	1	340	0	0	51535
1607	1	2	334	127	2008	21094
1608	3	2	0	0	2006	0
1609	1	2	328	117	2009	50476
1610	2	2	0	108	2004	0
1611	1	2	341	0	2009	9674
1612	2	2	0	128	2005	9321
1613	1	1	333	110	2008	51884
1614	1	2	344	108	2009	17584
1615	1	1	0	0	2008	0
1616	1	1	341	129	2008	16816
1617	1	2	328	138	2009	17454
1618	1	1	330	125	2009	20960
1619	1	2	348	0	2008	17901
1620	1	2	341	122	2006	16899
1621	1	1	336	133	2006	21629
1622	1	1	334	106	2007	3079
1623	1	2	330	127	2009	16313
1624	1	1	333	115	2008	17548
1625	1	1	0	0	2005	0
1626	1	2	332	134	2006	0
1627	2	1	345	124	2005	0
1628	2	0	0	0	0	0
1629	1	2	334	104	2007	50614
1630	2	1	0	125	2004	52957
1631	2	1	0	122	2005	3739
1632	1	0	0	0	0	0
1633	1	2	333	92	2005	1384
1634	1	1	350	122	2007	52104
1635	2	1	350	110	2005	3575
1636	1	1	349	0	2007	0
1637	1	2	336	0	2009	50124
1638	1	1	334	99	2006	3749
1639	1	1	339	110	2008	17081
1640	1	2	347	110	2006	3750
1641	1	2	0	95	2007	51444
1642	1	1	0	99	0	0
1643	1	2	351	104	2007	3796
1644	2	1	0	130	2004	50294
1645	2	1	0	117	2003	17681
1646	1	2	347	0	2008	50709
1647	1	1	334	97	2008	25008
1648	1	1	336	97	2009	16128
1649	1	2	341	130	2007	50025
1650	1	2	0	104	2006	9753
1651	1	1	343	0	2007	50100
1652	1	2	341	92	2009	8930
1653	1	1	344	118	2009	50042
1654	1	2	341	127	2007	9421
1655	2	1	0	117	2002	17971
1656	1	2	338	0	2008	17901
1657	1	1	344	0	2009	51465
1658	1	0	0	0	0	0
1659	2	1	333	133	2005	20454
1660	1	1	333	103	2007	15890
1661	2	1	0	129	0	17174
1662	1	1	332	108	2009	9076
1663	1	1	328	99	2009	17764
1664	1	1	327	138	2006	0
1665	1	1	341	109	2007	50173
1666	1	1	348	0	2009	21219
1667	1	1	341	0	2009	50123
1668	1	1	337	129	2006	3618
1669	2	2	334	127	2004	50158
1670	1	1	0	97	2006	50073
1671	1	2	0	0	2008	3721
1672	1	1	337	110	2006	9397
1673	1	0	334	110	2008	17876
1674	1	2	0	0	0	17529
1675	1	1	335	130	2008	52545
1676	1	1	343	132	2006	17080
1677	1	2	341	122	2007	52564
1678	2	2	337	108	2005	50101
1679	1	2	330	118	2009	9313
1680	1	2	335	122	2008	17504
1681	1	0	336	0	0	0
1682	1	1	0	94	2006	0
1683	1	1	332	110	2009	50378
1684	1	1	336	108	0	0
1685	1	2	335	108	2008	52899
1686	1	1	348	0	2008	50384
1687	1	1	332	0	2009	50747
1688	2	2	0	104	2004	17641
1689	2	1	0	114	2004	50492
1690	1	1	328	138	2006	53132
1691	1	1	335	97	2008	3755
1692	1	1	344	108	2009	0
1693	1	0	0	0	0	0
1694	1	1	333	128	2008	50258
1695	1	1	328	92	2009	0
1696	1	1	341	97	2009	50025
1697	1	1	338	102	2009	50270
1698	1	1	0	102	2007	50696
1699	2	0	0	0	2002	17529
1700	1	2	333	117	2008	16739
1701	1	1	333	117	2007	52104
1702	2	2	0	0	2005	17009
1703	1	1	335	108	2008	50582
1704	2	1	0	133	2005	16130
1705	1	1	343	122	2006	17129
1706	1	1	351	0	2009	17773
1707	1	1	329	125	2006	3632
1708	2	2	0	0	2004	3544
1709	1	1	0	129	2006	17425
1710	1	1	348	0	2008	9366
1711	1	1	330	109	2009	50425
1712	1	1	336	102	2009	3762
1713	1	2	341	0	2009	17533
1714	1	1	333	92	0	17914
1715	1	2	348	0	2009	50494
1716	1	1	343	122	2006	8820
1717	1	1	334	131	2008	9438
1718	1	1	347	133	2006	16440
1719	1	1	333	103	2007	3675
1720	1	1	344	0	2008	50001
1721	1	1	348	0	2009	50075
1722	1	1	348	0	2009	16492
1723	1	1	344	108	2009	55390
1724	1	2	0	117	2006	55650
1725	2	1	0	129	2005	17454
1726	1	2	0	109	2009	0
1727	1	2	346	117	2006	50184
1728	1	1	335	102	2007	50124
1729	1	1	334	110	2006	0
1730	1	2	348	0	2009	17568
1731	1	2	347	108	2005	3366
1732	1	1	341	97	2009	3755
1733	1	1	334	110	2007	17129
1734	1	1	330	110	2009	3840
1735	1	2	337	117	2007	51937
1736	1	2	335	0	2008	16382
1737	1	2	341	138	2009	3749
1738	1	1	341	94	2006	17885
1739	1	1	333	92	2006	16067
1740	1	2	338	128	2009	17127
1741	2	1	0	133	2004	22237
1742	1	1	0	0	0	0
1743	2	1	0	93	2005	17939
1744	1	1	0	97	2007	16746
1745	1	2	334	117	2007	17107
1746	1	1	343	92	2006	3540
1747	1	1	347	127	2006	17573
1748	1	2	341	117	2009	0
1749	2	1	0	138	2004	17568
1750	1	0	0	0	0	0
1751	2	1	0	108	2004	9437
1752	2	2	0	122	2005	53842
1753	1	1	347	110	2006	50141
1754	1	2	0	95	2006	9618
1755	1	2	351	108	2008	16390
1756	1	1	348	122	2007	50494
1757	1	2	336	108	2009	17326
1758	1	1	338	96	2009	9343
1759	1	1	336	97	2009	17540
1760	1	1	341	93	2009	9831
1761	1	2	336	135	2007	17775
1762	1	2	349	108	2005	21156
1763	1	0	0	0	0	0
1764	1	2	335	0	2008	50242
1765	3	1	0	0	0	0
1766	1	1	0	138	2006	17454
1767	2	2	0	97	2002	14494
1768	1	1	341	125	2007	50738
1769	1	2	335	0	2008	20602
1770	1	1	0	125	2008	0
1771	2	1	0	130	0	5852
1772	1	2	341	117	2007	3581
1773	2	1	0	103	2005	50025
1774	1	2	338	0	2009	0
1775	2	1	347	110	2005	23143
1776	2	2	0	124	2004	17153
1777	1	2	347	93	2006	50010
1778	1	1	333	115	2005	17055
1779	1	1	333	127	2008	15987
1780	1	2	339	108	2007	50240
1781	1	1	335	134	2008	17537
1782	1	2	333	105	2008	17030
1783	1	1	337	0	2007	17529
1784	1	1	340	110	2006	18071
1785	1	1	0	129	2005	51700
1786	1	2	340	118	2006	9313
1787	1	1	335	108	2007	16849
1788	2	2	0	97	2005	50173
1789	2	1	0	129	2004	0
1790	2	2	337	130	2005	16382
1791	1	1	337	129	2007	3755
1792	1	1	328	117	2009	17396
1793	1	2	342	127	2006	17946
1794	1	1	341	0	2007	50005
1795	1	2	330	0	2009	24989
1796	1	1	334	135	2007	50852
1797	1	1	348	130	2007	50240
1798	1	1	344	0	2009	50963
1799	1	2	333	108	2006	17129
1800	2	2	0	122	2005	50070
1801	1	2	0	91	2009	3638
1802	1	2	0	117	2009	50079
1803	1	1	348	0	2008	9366
1804	1	1	0	102	0	50244
1805	1	1	335	0	2008	18115
1806	1	2	337	118	2007	17946
1807	1	1	333	99	2007	15921
1808	1	2	334	108	2007	50314
1809	1	0	0	118	0	51700
1810	2	1	0	103	2005	50972
1811	1	0	0	113	2007	0
1812	1	0	0	0	0	0
1813	1	2	335	117	2008	50814
1814	1	2	337	108	2007	6399
1815	1	2	334	108	2006	9421
1816	2	1	345	108	0	17794
1817	1	2	338	130	2009	50079
1818	1	1	0	113	2008	6676
1819	1	2	337	122	2007	0
1820	1	1	351	0	2009	53092
1821	1	2	332	0	2009	16261
1822	4	1	0	103	2005	3734
1823	1	2	335	108	2008	25843
1824	1	2	333	132	2007	50258
1825	1	0	333	0	2008	50737
1826	1	2	349	130	2006	50173
1827	1	2	344	110	2009	0
1828	2	2	342	104	2004	21621
1829	1	2	0	138	2008	22203
1830	1	2	334	130	2007	9727
1831	1	2	338	0	2009	17383
1832	2	1	345	130	2004	17150
1833	1	2	338	117	2009	51536
1834	1	1	348	111	2008	50365
1835	1	2	348	127	2008	17115
1836	1	2	343	108	2006	50494
1837	1	1	0	129	2006	16043
1838	2	1	341	108	2003	17636
1839	1	2	341	108	2009	50480
1840	1	1	0	90	2006	0
1841	1	2	335	0	2008	3574
1842	1	2	333	0	2008	19445
1843	1	2	333	108	2006	6399
1844	1	2	333	122	2006	16258
1845	1	2	0	118	2006	0
1846	1	1	335	134	2008	16761
1847	1	2	328	0	2009	0
1848	1	1	328	101	2009	50094
1849	1	1	337	117	2007	21531
1850	1	1	334	133	2006	9404
1851	1	1	335	129	2008	0
1852	2	1	0	129	2005	17529
1853	1	2	335	117	2008	17099
1854	1	2	349	129	2006	17813
1855	2	1	0	129	2005	20927
1856	1	1	330	0	2009	50073
1857	2	2	0	0	2002	2824
1858	1	2	0	138	2006	50204
1859	1	2	341	122	2007	50113
1860	1	0	337	133	2006	17529
1861	1	1	347	95	2006	25032
1862	1	1	341	0	2009	18089
1863	1	1	351	0	2009	50002
1864	1	2	341	0	2008	17099
1865	1	1	328	93	2006	19608
1866	1	2	348	0	2009	50458
1867	1	2	333	108	2006	3716
1868	1	0	0	122	0	0
1869	1	2	341	0	2008	16420
1870	1	1	348	0	2008	51385
1871	1	1	352	138	2006	17214
1872	2	0	0	0	0	0
1873	2	2	0	129	2005	17703
1874	1	2	346	122	2007	9580
1875	1	2	335	117	2007	16473
1876	1	2	338	0	2009	50184
1877	2	0	0	102	2004	9755
1878	1	0	0	0	0	0
1879	2	2	0	117	2005	3683
1880	1	2	0	117	2006	3749
1881	1	2	339	108	2007	9417
1882	2	2	0	117	2004	50037
1883	1	0	349	127	2006	3754
1884	1	1	335	0	2008	17490
1885	1	0	0	0	0	0
1886	2	1	0	110	2004	51843
1887	1	1	334	125	2008	50889
1888	3	1	0	0	0	8952
1889	1	1	0	110	2006	50104
1890	1	2	348	108	2009	17149
1891	1	2	344	101	2008	17788
1892	2	2	337	129	2005	53092
1893	1	1	328	93	2009	17449
1894	1	1	0	0	0	25034
1895	1	1	333	138	2007	9561
1896	1	2	0	110	2007	50268
1897	1	1	348	99	2008	16690
1898	1	1	341	125	0	20853
1899	1	1	338	0	2009	50143
1900	1	2	339	108	2007	51841
1901	1	1	333	97	2008	15996
1902	1	1	345	129	2006	17037
1903	1	1	351	129	2009	0
1904	2	2	0	130	2005	50000
1905	2	1	0	94	2005	25280
1906	1	2	338	0	2009	18005
1907	1	2	334	108	2008	3686
1908	1	0	335	0	2008	17348
1909	1	1	334	101	2006	9429
1910	2	2	347	117	2005	17573
1911	1	2	341	0	2008	25032
1912	2	1	347	101	2005	50008
1913	1	2	334	127	2008	3750
1914	1	1	0	108	2007	21094
1915	1	1	330	0	2009	15943
1916	1	1	341	125	2008	17190
1917	1	0	348	94	2006	16790
1918	1	2	0	94	2006	9603
1919	1	2	335	137	2008	50143
1920	1	1	350	108	2008	50525
1921	1	1	335	138	2008	9771
1922	1	1	343	110	2006	50494
1923	1	2	351	0	2008	17324
1924	1	0	0	0	0	0
1925	1	0	335	0	0	16382
1926	2	2	0	108	2004	3714
1927	2	1	0	117	2005	3716
1928	1	1	346	97	2006	50813
1929	1	2	333	115	2006	16722
1930	4	1	0	0	0	18057
1931	1	1	0	125	2009	50871
1932	2	2	0	0	2005	9321
1933	1	2	332	108	2008	14347
1934	1	2	336	125	2009	9421
1935	1	2	338	117	2009	53092
1936	1	2	349	117	0	3900
1937	2	2	349	108	2005	50018
1938	1	1	332	0	2009	0
1939	1	1	0	135	2009	57918
1940	1	2	335	137	2007	17711
1941	1	1	0	138	2006	0
1942	2	1	0	0	0	0
1943	1	0	0	0	0	0
1944	1	2	336	97	2009	61174
1945	2	2	350	108	2005	3569
1946	1	2	348	108	0	17129
1947	2	1	347	129	2005	17681
1948	1	1	341	0	2009	3721
1949	1	2	338	122	2007	0
1950	1	1	335	0	2008	52108
1951	1	1	334	102	2007	50494
1952	1	1	333	115	2006	21408
1953	1	2	336	0	2009	54671
1954	1	2	0	117	2007	50268
1955	1	2	337	108	2007	9550
1956	3	0	0	0	0	0
1957	1	1	333	0	2008	3564
1958	1	1	0	129	2006	50005
1959	1	1	333	131	2007	50582
1960	1	1	351	102	2008	9530
1961	2	0	0	0	0	0
1962	1	2	334	117	2006	6399
1963	1	1	347	99	2006	50340
1964	1	1	350	129	2008	17473
1965	1	1	333	130	2007	9157
1966	1	2	0	108	2006	55102
1967	1	2	344	0	2008	0
1968	1	2	342	115	2006	17711
1969	2	1	0	103	2004	3390
1970	1	1	0	117	2007	21219
1971	1	1	351	0	2009	9626
1972	1	1	341	97	2007	9283
1973	1	1	0	118	2009	16751
1974	1	0	0	0	0	0
1975	1	0	333	0	2007	50018
1976	1	1	335	133	2008	0
1977	2	1	0	110	0	21196
1978	1	1	0	99	2008	50982
1979	1	2	348	100	2009	50045
1980	1	0	341	0	2007	18056
1981	1	2	334	0	2008	50595
1982	1	2	341	0	2009	17907
1983	5	1	335	0	0	0
1984	2	2	0	96	2005	50959
1985	2	1	0	102	2005	2292
1986	1	1	330	135	2009	0
1987	1	1	333	97	2006	3581
1988	1	1	337	0	2007	17813
1989	1	1	333	94	2008	9318
1990	1	1	335	130	0	51535
1991	2	1	0	110	2004	50000
1992	1	2	341	0	2006	50002
1993	2	1	0	94	2005	3611
1994	1	2	0	117	2008	50410
1995	1	2	330	119	2006	16406
1996	1	2	0	134	2007	9720
1997	2	2	0	117	0	16803
1998	4	0	0	0	0	0
1999	1	2	348	108	2008	50124
2000	1	1	333	111	2008	23042
2001	2	2	0	132	0	0
2002	1	1	341	96	2009	51238
2003	1	1	0	0	2009	16256
2004	1	1	334	110	2008	16112
2005	1	1	336	105	2009	50192
2006	1	2	344	0	2008	17901
2007	1	1	351	0	2009	9720
2008	2	1	0	108	2005	17876
2009	1	2	0	117	2006	51060
2010	1	1	328	0	2009	15912
2011	2	0	0	0	0	0
2012	1	2	348	105	2009	17767
2013	2	1	0	138	2005	3755
2014	1	2	341	0	2008	17469
2015	1	1	343	106	2005	3666
2016	2	1	0	125	2004	58093
2017	1	1	336	135	2006	9318
2018	2	1	0	135	2003	15925
2019	1	2	338	130	2009	19095
2020	1	1	335	0	2008	8820
2021	1	2	328	0	2009	17529
2022	1	1	335	0	2008	50161
2023	1	0	348	0	0	0
2024	1	2	0	117	2006	3735
2025	1	2	335	0	2008	50173
2026	2	2	0	125	2005	16329
2027	1	2	348	0	2009	0
2028	2	1	0	90	2005	9705
2029	1	1	344	118	2009	8617
2030	1	2	335	0	2008	9580
2031	1	1	348	0	2008	9508
2032	2	2	0	127	2005	17060
2033	2	2	0	108	2003	3544
2034	2	2	0	127	2004	3571
2035	1	1	339	133	2008	9530
2036	1	2	334	118	2007	9717
2037	1	1	0	129	0	0
2038	1	1	335	108	2007	24981
2039	1	1	341	108	0	3675
2040	2	0	333	128	0	0
2041	1	1	0	90	2007	17668
2042	1	2	351	0	2009	17636
2043	2	2	0	102	2004	9514
2044	1	2	341	90	2006	9415
2045	1	2	341	117	2009	16068
2046	1	1	335	108	2008	17836
2047	1	1	0	0	2006	50378
2048	2	0	0	0	2004	0
2049	2	1	0	97	2005	50407
2050	1	1	347	122	2006	50010
2051	4	0	0	0	0	0
2052	1	1	333	0	2008	17375
2053	1	1	348	110	2009	17786
2054	1	1	338	0	2009	20927
2055	2	2	0	0	2003	3716
2056	1	1	334	110	2007	21235
2057	1	2	341	117	2007	9580
2058	2	1	0	101	2004	9783
2059	1	1	340	118	2008	51438
2060	1	2	335	100	2008	10843
2061	1	1	341	0	2008	50494
2062	1	1	330	0	2009	3524
2063	1	1	335	0	2008	3576
2064	1	1	335	138	2006	2699
2065	1	2	341	130	2009	50094
2066	1	2	328	108	2008	16506
2067	1	0	341	0	0	50052
2068	2	1	0	135	2005	50059
2069	1	2	0	117	0	3716
2070	1	2	334	118	2007	16246
2071	1	1	335	118	2007	9073
2072	1	2	333	108	2006	50294
2073	1	1	335	0	0	3900
2074	1	1	341	110	2008	9565
2075	1	2	335	0	2008	16761
2076	1	2	0	110	2008	6399
2077	1	1	335	94	2007	50525
2078	1	2	332	117	2009	21219
2079	1	1	333	0	2008	18233
2080	1	2	333	117	2007	3700
2081	1	2	344	97	2009	18074
2082	2	1	0	115	2005	17183
2083	1	2	343	118	2008	16282
2084	1	1	344	97	2007	50000
2085	1	0	343	113	2006	16382
2086	1	0	0	0	0	0
2087	1	0	0	0	0	0
2088	2	1	334	99	2005	2862
2089	1	1	343	131	2006	50545
2090	1	2	334	108	2006	50872
2091	1	2	0	0	0	0
2092	1	2	332	0	2009	17636
2093	2	2	0	104	2003	19155
2094	1	2	341	118	2008	17723
2095	2	2	0	93	2005	50377
2096	2	1	0	108	2002	50223
2097	1	0	338	122	2007	0
2098	1	1	341	94	2006	3576
2099	2	2	333	93	2004	5702
2100	1	2	351	0	2009	9565
2101	1	1	334	129	2006	50065
2102	1	1	0	94	2007	50188
2103	1	2	0	118	2009	9344
2104	1	1	0	118	2006	25027
2105	1	1	335	0	2008	1569
2106	1	1	333	110	2006	9492
2107	2	1	344	93	2005	3622
2108	1	1	341	97	2009	9783
2109	1	1	341	97	2007	3713
2110	2	2	343	108	2004	21629
2111	1	2	0	0	0	10088
2112	1	1	333	97	2007	50046
2113	1	0	0	0	0	0
2114	1	2	0	117	2006	17640
2115	1	1	348	125	2009	9565
2116	1	1	345	99	2007	17326
2117	1	2	334	0	2008	9421
2118	1	2	337	122	2006	17349
2119	1	1	333	103	2006	50963
2120	1	2	341	0	2009	50425
2121	1	2	339	108	2007	19445
2122	2	0	0	99	0	0
2123	1	1	333	116	2006	17670
2124	1	1	341	0	2008	17075
2125	1	1	327	97	2006	22214
2126	1	2	334	108	2006	9554
2127	1	2	348	0	2006	0
2128	2	2	0	91	2004	50230
2129	1	1	335	0	2007	50088
2130	1	2	345	138	2006	16354
2131	1	1	333	125	2007	0
2132	2	1	0	113	2001	16438
2133	1	2	333	101	2008	16739
2134	1	2	334	122	2006	3297
2135	1	0	0	0	0	0
2136	2	2	0	99	2004	51167
2137	1	2	351	111	2008	0
2138	1	2	341	117	2009	17681
2139	2	1	0	134	2005	16484
2140	2	2	0	122	2005	3735
2141	1	1	348	130	2008	3649
2142	1	0	0	0	0	0
2143	1	1	341	118	2009	17115
2144	1	2	343	98	2008	17129
2145	1	1	339	129	2008	50534
2146	1	1	0	103	2007	16219
2147	5	2	0	106	0	0
2148	1	2	340	102	2008	16112
2149	2	2	0	108	0	3632
2150	1	2	337	0	2007	0
2151	1	1	0	138	2004	17180
2152	1	2	345	108	2006	50425
2153	1	1	348	0	2009	3284
2154	1	1	348	129	2009	61174
2155	1	2	334	104	2007	50065
2156	1	1	0	97	2009	53084
2157	1	1	343	130	2007	50378
2158	2	1	0	129	2004	3586
2159	1	2	335	0	2008	9580
2160	1	2	333	102	2005	50230
2161	1	1	341	129	2006	50410
2162	2	1	0	91	0	16804
2163	1	1	341	94	2006	9586
2164	1	1	0	0	0	17401
2165	1	1	352	117	2008	17592
2166	1	1	338	110	2009	17029
2167	1	1	334	138	2007	50036
2168	1	2	347	117	2006	16803
2169	1	2	335	94	2007	50199
2170	1	0	0	0	0	0
2171	2	2	0	117	2004	9419
2172	1	2	337	108	0	19445
2173	2	2	0	93	2005	17537
2174	1	2	344	0	2009	50250
2175	1	2	0	124	2006	0
2176	1	2	340	115	2007	3748
2177	1	2	0	108	2006	50000
2178	1	2	343	93	2006	50377
2179	1	1	328	97	2009	16423
2180	1	2	350	97	2004	17117
2181	2	1	333	97	2004	51307
2182	1	0	0	0	0	0
2183	2	2	0	122	2005	17529
2184	2	2	0	95	2005	50668
2185	1	2	345	100	2006	16068
2186	1	2	349	0	2006	3699
2187	1	2	343	113	2006	9523
2188	1	2	332	0	2008	25825
2189	1	2	341	0	2009	16159
2190	2	1	0	113	2004	9670
2191	2	2	333	97	2005	16445
2192	1	2	334	108	2008	17529
2193	1	1	351	118	2008	3570
2194	1	1	0	138	2006	21408
2195	1	0	0	0	0	0
2196	1	1	335	99	2008	50025
2197	1	1	344	125	2007	50868
2198	1	2	334	127	2007	21445
2199	1	2	328	128	2008	16010
2200	1	2	328	108	2009	3596
2201	1	1	332	115	2007	9093
2202	2	1	0	105	2004	3273
2203	1	0	335	0	0	25723
2204	2	1	349	129	2005	3755
2205	1	2	334	118	2007	3632
2206	1	0	0	0	0	0
2207	1	2	334	108	2006	5978
2208	1	1	341	0	0	5463
2209	1	1	327	117	2007	50523
2210	1	2	344	122	2008	51706
2211	1	2	339	122	2008	16802
2212	2	1	0	134	0	17568
2213	2	2	0	95	2005	50431
2214	1	1	334	99	2007	16313
2215	1	1	335	0	2008	16871
2216	1	1	0	117	2005	3716
2217	1	0	0	0	0	0
2218	1	1	348	129	2009	9757
2219	1	2	0	122	2009	16068
2220	1	1	0	127	2004	0
2221	1	1	347	129	2007	9437
2222	1	2	347	128	2006	4677
2223	2	2	0	0	2004	0
2224	1	2	348	0	2006	50045
2225	3	0	0	0	0	0
2226	1	2	341	127	2007	9350
2227	2	0	0	0	0	0
2228	1	2	337	117	2007	3716
2229	1	2	341	0	2008	50325
2230	2	2	0	112	2005	9428
2231	1	2	341	0	2009	50863
2232	1	2	333	103	2007	0
2233	2	2	0	138	2005	3574
2234	1	1	331	130	2008	17645
2235	1	0	0	0	2007	3544
2236	2	1	337	122	2005	3755
2237	2	1	334	117	2005	18123
2238	1	1	334	132	2006	50502
2239	4	0	0	0	0	0
2240	1	1	338	129	2009	3675
2241	1	1	0	117	2006	50025
2242	1	2	348	0	2008	17010
2243	1	2	0	117	2006	16010
2244	1	2	341	0	2009	9654
2245	1	2	337	108	2008	22237
2246	1	1	343	103	2006	17156
2247	1	2	344	138	2008	1606
2248	1	2	337	117	2007	9643
2249	1	2	0	131	2007	3749
2250	1	2	334	99	2006	53430
2251	2	0	0	0	0	0
2252	1	2	333	104	2008	3649
2253	1	1	336	93	2008	50272
2254	1	1	344	102	2009	18097
2255	1	1	341	94	2006	21326
2256	1	2	0	131	2006	0
2257	1	1	348	138	2009	2596
2258	5	1	0	93	2004	17092
2259	1	1	0	110	2006	17908
2260	1	2	0	0	2007	51444
2261	1	2	0	103	2006	50005
2262	1	1	343	108	2006	9588
2263	2	2	0	117	2004	50353
2264	1	2	335	0	2007	50088
2265	1	1	0	110	2006	16228
2266	1	1	337	94	2007	17640
2267	2	0	0	91	2004	17378
2268	2	1	0	93	2004	8961
2269	1	2	341	122	2007	0
2270	1	0	0	0	0	0
2271	2	1	0	137	2004	17485
2272	2	1	333	134	2005	20562
2273	1	1	335	0	2008	17870
2274	1	1	340	129	2008	3570
2275	1	1	341	130	2006	3711
2276	1	2	333	117	2008	15921
2277	2	0	0	93	2005	50241
2278	2	2	348	108	2005	14632
2279	1	2	348	0	2009	52899
2280	2	2	0	108	2005	51762
2281	1	1	337	0	2006	0
2282	1	1	0	125	2006	51753
2283	3	0	0	0	0	0
2284	1	2	341	97	2009	50875
2285	1	1	336	127	2008	23618
2286	1	2	334	127	2007	3743
2287	2	2	0	93	0	0
2288	1	1	348	0	2009	16161
2289	2	1	0	129	2004	16761
2290	1	1	334	129	2004	3570
2291	2	1	0	134	2003	9757
2292	1	2	328	92	2009	0
2293	2	1	0	99	2005	18071
2294	1	2	332	123	2009	17135
2295	1	2	341	108	2009	16381
2296	1	0	334	0	2008	9618
2297	1	2	335	0	2008	742
2298	1	2	341	99	2009	50724
2299	1	0	0	122	2006	0
2300	2	2	0	108	2004	9674
2301	2	2	0	0	0	0
2302	1	2	329	95	2006	17620
2303	1	1	348	0	2009	17640
2304	1	2	0	138	2007	50099
2305	1	2	340	110	2007	15932
2306	1	2	0	122	2008	51743
2307	1	1	348	105	2008	3716
2308	1	1	334	122	2007	50717
2309	1	1	343	108	2006	16420
2310	1	1	351	110	2008	3533
2311	1	2	334	0	2008	3749
2312	1	2	334	0	2007	9692
2313	1	2	0	0	2008	51099
