node	student	gender	dorm	major	year	school
0	1	2	87	320	2008	11404
1	5	1	105	278	0	10787
2	1	2	88	268	2005	0
3	1	1	86	325	2009	10892
4	1	2	0	268	2006	10206
5	1	2	89	339	2008	0
6	1	1	0	248	0	0
7	1	2	89	254	2005	10524
8	1	2	87	263	2009	10298
9	1	1	111	250	2006	10618
10	1	1	0	251	2008	10653
11	1	2	0	254	2008	26375
12	1	1	0	254	2005	10300
13	1	1	86	250	2007	26403
14	1	2	88	262	2006	9939
15	1	2	86	307	2008	10108
16	1	2	88	268	2008	26265
17	1	2	88	339	2005	10244
18	1	2	0	339	2007	10334
19	1	2	87	250	2009	0
20	1	2	0	260	2005	10341
21	1	0	86	253	2008	51306
22	1	2	88	260	2007	10710
23	1	2	86	268	2005	10297
24	2	1	0	251	2005	10427
25	1	2	0	251	2005	10274
26	1	1	86	268	2009	10709
27	1	2	0	263	2005	10416
28	1	2	113	339	2007	10923
29	1	1	86	250	2007	10943
30	1	1	106	252	2006	26269
31	1	2	88	262	2008	10471
32	1	1	0	303	2007	10615
33	1	2	92	339	0	26407
34	1	1	89	251	2005	5421
35	1	2	88	339	0	26403
36	1	2	88	263	2008	10268
37	1	2	0	254	2007	9853
38	1	2	88	306	2007	10471
39	1	2	87	254	2008	0
40	5	2	0	0	0	0
41	1	1	0	328	2007	53560
42	1	2	86	253	2008	10653
43	1	2	0	306	0	26349
44	1	2	94	268	2008	10728
45	1	1	0	0	2007	10192
46	1	2	88	273	0	11083
47	1	1	89	257	2006	0
48	2	2	0	262	2000	10106
49	1	1	0	325	2007	10298
50	2	1	106	316	2005	9919
51	1	2	0	254	0	26359
52	2	2	0	251	0	10589
53	1	2	88	273	2009	10734
54	1	2	0	286	2009	10425
55	1	2	87	262	2009	11199
56	1	2	0	249	2005	0
57	1	2	0	339	2006	10165
58	1	2	88	260	0	10531
59	1	2	0	262	2006	51580
60	1	1	0	265	2006	10786
61	1	2	0	268	2006	26328
62	1	1	88	278	2009	52033
63	1	2	88	263	2009	10307
64	1	2	88	250	2008	10184
65	5	2	0	306	0	10407
66	1	1	0	278	0	10383
67	1	2	88	339	2007	10186
68	1	2	0	254	2007	5585
69	1	2	88	252	2008	0
70	2	1	0	249	2005	10416
71	1	2	87	268	2007	10212
72	1	2	94	339	2006	9890
73	1	2	89	339	2007	10650
74	1	2	0	286	0	10178
75	1	2	0	320	2008	26648
76	1	2	0	248	2006	26709
77	1	2	88	273	2009	26402
78	2	2	0	252	2004	10158
79	1	0	0	0	0	0
80	1	2	0	0	0	10274
81	1	0	87	0	2008	14529
82	1	2	0	251	0	0
83	1	2	87	339	2009	11367
84	1	2	0	339	0	10334
85	1	2	0	251	2006	10392
86	1	2	0	339	2008	10569
87	1	2	87	252	2009	9836
88	1	1	110	273	0	10279
89	1	1	88	307	2008	10670
90	1	2	0	339	0	0
91	1	2	88	261	2008	10402
92	1	2	0	339	2007	9831
93	2	2	0	339	2005	26411
94	2	1	0	254	2004	26432
95	1	1	107	252	2006	11367
96	1	2	88	262	2009	9894
97	1	2	88	260	0	10915
98	1	2	0	251	2006	10432
99	5	1	0	286	2005	10425
100	1	2	89	339	2008	10455
101	1	2	0	0	0	10212
102	1	2	0	251	2008	10392
103	1	2	0	339	2006	50280
104	1	1	88	278	2009	6155
105	1	1	105	288	2007	10641
106	1	1	0	273	2007	55205
107	1	2	89	339	2007	9894
108	2	2	0	268	2005	10402
109	1	2	87	262	2008	10268
110	1	2	0	254	2007	50379
111	1	2	86	251	2009	26406
112	2	2	0	254	2004	10681
113	1	2	0	262	0	58825
114	1	2	87	261	2005	10286
115	1	2	86	339	2008	10208
116	1	2	0	339	2007	50510
117	1	2	86	339	0	9949
118	1	2	0	260	2006	50284
119	1	2	0	339	2004	51012
120	1	2	88	253	2005	26402
121	1	2	88	268	2008	10103
122	1	2	0	269	2006	10077
123	1	2	0	251	2007	26445
124	1	1	88	273	2005	10428
125	1	1	0	268	2008	10271
126	2	2	0	251	2004	10557
127	1	2	0	249	0	10334
128	2	2	100	339	2005	10732
129	1	2	88	339	2008	10435
130	1	2	0	273	2008	10417
131	1	1	88	248	2008	10542
132	1	0	107	250	0	51867
133	1	2	89	252	2009	10094
134	1	2	88	252	0	10379
135	1	2	0	251	2007	0
136	1	2	86	249	2008	26402
137	1	2	0	307	0	10617
138	1	1	0	278	2006	9822
139	1	1	0	249	0	3384
140	1	2	88	261	2009	10718
141	1	2	86	273	2009	10314
142	1	2	92	254	2006	10186
143	1	1	0	249	2007	9848
144	1	1	0	249	2008	26748
145	5	1	0	293	0	10334
146	1	2	0	254	2008	10227
147	1	2	0	251	0	9913
148	1	2	87	260	0	26709
149	1	1	0	308	2006	10649
150	1	1	0	253	0	10163
151	1	2	0	262	2007	10526
152	1	1	0	286	2007	50668
153	1	2	88	250	2009	10407
154	1	2	0	320	2008	10510
155	1	2	88	339	0	26406
156	1	2	0	339	2007	10220
157	1	2	88	286	0	0
158	1	1	0	260	2007	26378
159	1	2	0	269	2006	10003
160	1	2	0	269	0	9923
161	1	1	88	251	2009	5491
162	1	1	108	252	2006	50278
163	1	2	0	252	2008	26388
164	1	1	0	308	0	9939
165	1	2	87	268	2008	26619
166	1	2	0	251	2008	10134
167	1	2	0	309	2007	55177
168	1	2	87	268	2005	0
169	4	2	0	251	2003	10574
170	2	1	110	0	0	0
171	1	1	0	250	0	26402
172	1	2	0	339	2006	9865
173	1	1	111	251	2007	10739
174	1	0	0	303	2007	55314
175	1	2	88	268	2007	0
176	1	2	88	262	2008	11498
177	1	2	88	262	2009	9830
178	1	2	87	339	2007	10740
179	1	2	87	0	0	9894
180	1	2	88	268	0	50190
181	1	2	88	268	2007	26272
182	1	1	87	273	2009	10315
183	1	2	103	254	2007	10122
184	1	2	0	339	2006	10384
185	1	2	96	251	2007	10300
186	1	2	0	254	2007	10607
187	1	2	0	251	2008	0
188	1	2	0	288	2006	10279
189	1	2	0	268	0	0
190	1	1	86	0	2008	10685
191	1	2	88	339	2009	10425
192	1	2	0	339	2006	10547
193	2	2	0	339	0	0
194	1	2	0	253	2005	10178
195	1	2	88	0	2008	10519
196	2	2	0	269	2004	26445
197	1	2	91	339	0	10208
198	2	2	0	254	2004	10298
199	1	2	88	258	0	10748
200	1	2	86	268	2008	9847
201	1	0	0	0	0	0
202	1	1	88	249	2009	10569
203	2	0	0	286	2005	10676
204	1	1	88	251	2009	10212
205	1	2	100	339	2008	0
206	1	2	86	262	2005	10433
207	1	2	88	339	0	26565
208	1	2	88	260	0	10615
209	1	2	88	339	2010	56559
210	1	2	0	250	2007	10570
211	1	2	87	339	2008	26354
212	1	2	88	331	2008	51306
213	1	2	87	261	2008	26334
214	1	0	0	0	0	0
215	1	2	0	339	2007	10372
216	1	2	0	252	0	0
217	1	2	87	339	0	10180
218	1	2	0	273	2007	10360
219	1	2	0	251	2008	0
220	1	2	88	261	0	10173
221	1	2	0	254	0	50668
222	1	2	88	236	0	9925
223	1	2	113	339	2007	5646
224	1	2	0	339	2008	10519
225	1	1	86	249	2009	26463
226	1	1	0	328	2006	0
227	1	2	0	268	2006	10613
228	1	2	0	263	0	10599
229	1	2	0	286	0	9892
230	1	1	86	247	2006	11170
231	1	2	0	328	2005	10208
232	1	1	88	249	2009	9867
233	1	2	0	268	2005	10705
234	1	2	0	254	2008	10279
235	1	2	86	320	0	26663
236	1	2	0	339	2006	10726
237	1	2	0	334	2007	10494
238	1	2	87	261	0	9939
239	1	1	88	251	2008	26346
240	1	0	0	0	0	0
241	1	2	0	339	0	10543
242	2	1	106	251	2003	10274
243	1	2	0	339	0	0
244	1	2	0	275	2007	26407
245	1	0	0	0	0	0
246	1	2	0	339	2005	51797
247	1	2	92	254	2007	54703
248	1	2	100	249	0	10732
249	1	2	88	0	2009	11114
250	1	2	88	339	2009	10531
251	1	2	98	254	2007	10893
252	1	0	113	339	0	10318
253	1	2	0	339	2008	0
254	1	2	88	268	2008	10181
255	1	2	0	268	2006	10535
256	1	2	0	339	0	26403
257	1	1	0	251	2007	58956
258	2	2	0	0	0	0
259	1	2	89	254	2005	0
260	1	2	0	251	2006	10283
261	1	2	87	306	2007	0
262	2	1	111	253	2004	26681
263	1	2	88	273	2009	11234
264	1	2	88	339	2008	55116
265	1	2	0	254	2006	10274
266	1	2	0	268	2005	0
267	1	1	89	251	2006	5920
268	2	2	0	253	2005	10332
269	1	2	0	250	0	26407
270	1	1	107	306	2006	55177
271	1	1	88	249	2008	10680
272	1	2	88	260	2005	0
273	2	2	0	308	0	0
274	1	2	86	320	2007	10705
275	1	2	0	334	0	10298
276	1	1	106	339	2007	10173
277	1	2	0	273	2008	0
278	1	2	0	320	2008	10124
279	1	1	0	240	2008	10090
280	1	2	92	254	0	10273
281	2	2	113	339	2005	0
282	2	2	86	252	0	0
283	1	1	0	307	0	5789
284	1	1	111	252	2006	9973
285	1	2	0	339	2006	9834
286	1	0	0	0	0	0
287	1	1	0	339	2007	10080
288	2	2	0	261	2004	10286
289	1	2	88	250	2009	51580
290	1	2	0	262	2005	9911
291	1	2	87	249	2008	10313
292	1	2	0	339	2005	10228
293	1	2	88	268	0	10568
294	5	2	94	250	2006	51745
295	1	2	0	251	2007	10636
296	2	1	0	339	2004	0
297	2	2	96	339	2005	26403
298	1	2	86	268	2008	10377
299	5	2	0	247	2007	10103
300	2	1	0	254	2005	10442
301	1	2	0	249	2007	10343
302	1	1	110	278	2006	10280
303	1	2	113	250	2009	11083
304	1	1	104	339	2007	10726
305	1	1	0	251	0	10549
306	1	2	101	339	2007	10969
307	1	2	87	262	2008	10262
308	1	2	86	339	2009	10484
309	1	2	0	260	2008	10339
310	1	2	88	251	2009	10334
311	5	1	0	327	0	0
312	1	2	87	273	2007	10854
313	1	2	88	339	2008	26325
314	1	2	0	268	2006	26743
315	1	1	108	249	2006	10803
316	2	1	105	306	2005	10718
317	1	2	0	335	2009	58825
318	1	2	92	273	2006	10922
319	1	1	0	240	2005	26495
320	1	1	0	252	2007	50668
321	1	2	101	268	2008	10583
322	1	2	0	339	0	9976
323	1	2	0	254	2005	9865
324	1	2	88	268	2007	0
325	1	1	0	328	2007	10274
326	2	2	0	306	2005	9891
327	1	2	0	339	2007	10738
328	1	2	86	246	2010	10608
329	1	2	0	259	2007	51306
330	1	2	88	268	2008	10427
331	1	2	0	0	0	10428
332	1	2	0	254	2006	26597
333	1	2	0	251	2009	0
334	5	2	0	327	2005	9873
335	1	2	0	260	2008	10108
336	1	2	86	260	0	9900
337	1	2	0	331	2008	5905
338	1	2	87	0	0	10463
339	1	2	99	255	2006	10546
340	1	2	0	339	2008	9814
341	1	1	107	278	2006	10617
342	2	2	0	0	0	26349
343	1	2	86	307	0	10608
344	1	2	0	275	0	10705
345	1	2	0	339	2007	11083
346	1	1	0	339	2006	10428
347	1	1	106	251	2007	9913
348	1	2	92	339	0	10307
349	1	2	0	339	2007	10884
350	5	2	0	309	2010	9894
351	1	2	88	268	0	10618
352	1	2	88	339	2009	10531
353	1	1	88	254	2009	10676
354	1	2	88	262	0	10124
355	2	2	0	252	2005	9849
356	1	2	88	339	2005	10569
357	1	2	93	339	2008	11083
358	1	1	0	252	2008	26312
359	1	2	89	273	2008	26265
360	1	1	0	249	2007	26460
361	1	1	88	250	2009	0
362	1	2	88	330	2008	10355
363	2	2	0	0	0	58825
364	1	1	0	0	2007	10738
365	1	0	0	250	0	10012
366	1	2	88	268	2008	10372
367	1	1	0	249	2008	55432
368	1	2	88	262	2008	6387
369	1	2	0	278	0	10079
370	2	2	0	254	2005	10334
371	1	2	112	252	2007	26454
372	1	2	88	269	2006	10379
373	1	2	88	251	2009	10349
374	1	2	0	339	0	10279
375	1	2	88	339	2007	10490
376	1	2	87	251	2008	5852
377	1	2	99	254	2010	10509
378	1	2	0	275	2006	0
379	2	2	0	328	2004	10300
380	1	0	0	0	0	0
381	2	1	108	252	2005	10375
382	1	2	0	249	2009	10212
383	1	2	87	252	2009	10542
384	1	2	0	263	2007	55247
385	1	2	86	306	0	10272
386	1	2	0	261	2007	0
387	1	2	0	339	2008	10705
388	1	2	93	251	2007	10738
389	2	2	0	268	2005	0
390	1	2	0	339	0	55375
391	1	2	0	339	2008	10437
392	1	2	87	278	2010	10376
393	1	2	88	254	2008	10367
394	1	2	87	339	2009	10169
395	1	2	86	273	2008	10264
396	1	2	87	260	2009	10283
397	1	2	88	260	2009	0
398	1	2	112	261	2006	10173
399	1	2	0	269	2006	10332
400	1	1	0	0	0	0
401	1	2	0	339	2005	50190
402	1	2	0	275	2006	26557
403	1	1	0	267	2008	9920
404	1	0	0	0	0	0
405	1	1	0	249	0	10274
406	1	2	0	330	0	10367
407	1	2	0	254	2007	10084
408	1	2	88	339	2010	10265
409	1	2	88	339	2009	0
410	1	2	0	339	2009	10173
411	1	1	0	254	2005	10088
412	1	2	88	268	2009	10637
413	1	2	0	268	2007	9846
414	1	2	87	260	2008	10718
415	1	1	86	0	2008	10433
416	2	2	0	273	2005	10439
417	1	2	86	263	2009	10407
418	1	2	98	254	2008	10274
419	2	1	110	288	2005	9955
420	2	2	0	250	2005	10402
421	1	1	88	253	2009	10334
422	1	2	102	0	2007	9915
423	2	1	0	0	2005	10108
424	1	2	0	339	2008	26305
425	2	2	0	0	0	0
426	2	2	0	254	2004	0
427	1	2	0	260	0	10648
428	1	2	0	268	2006	10583
429	1	2	0	251	0	10923
430	1	1	86	330	2008	9913
431	1	1	0	0	2008	26327
432	1	2	0	339	2006	9874
433	2	1	0	322	2004	26338
434	1	2	86	262	2004	10220
435	1	2	0	250	2006	10208
436	1	2	89	306	2007	10599
437	1	1	0	254	2007	10392
438	1	2	0	261	0	10223
439	1	1	0	249	2008	10274
440	1	2	88	250	2006	10676
441	1	1	0	251	2008	9913
442	1	2	0	252	2008	0
443	1	2	0	252	2006	54742
444	1	1	0	251	0	10928
445	1	2	89	254	2006	14422
446	1	1	88	252	2009	9820
447	1	1	87	249	2005	10754
448	1	2	100	278	2006	10748
449	1	1	0	278	2007	10239
450	1	2	88	260	2008	26666
451	2	1	0	0	2003	10274
452	1	0	0	0	0	0
453	2	1	0	288	2005	26575
454	1	2	96	339	2007	10509
455	1	2	0	249	0	10274
456	1	2	87	262	2008	26264
457	1	2	0	339	2006	10520
458	1	2	87	319	2008	50284
459	1	1	0	254	2006	51306
460	1	2	87	325	2004	5689
461	1	2	87	269	2009	9867
462	1	1	86	328	2009	10892
463	1	1	109	251	0	10372
464	1	1	88	252	2009	9848
465	1	2	87	0	2008	10286
466	1	2	0	249	0	52312
467	1	2	89	293	2008	9850
468	1	2	0	339	2008	10615
469	2	2	0	339	2005	9984
470	1	2	0	284	2010	0
471	1	1	0	306	0	10672
472	1	2	99	273	2008	10376
473	1	2	0	254	2006	10610
474	2	2	0	251	2005	9847
475	5	2	0	251	2006	10177
476	2	1	0	252	2005	17423
477	1	2	0	252	2006	557
478	1	2	0	253	0	10122
479	1	1	0	252	2007	15426
480	1	2	88	261	2010	50823
481	1	1	86	339	2005	10664
482	1	2	87	273	2005	10546
483	1	2	0	262	2007	10649
484	1	2	86	254	0	0
485	1	2	87	339	2007	5876
486	1	2	0	337	0	9913
487	2	2	88	339	2004	10685
488	5	2	0	251	2006	50658
489	1	1	88	304	2007	5794
490	1	1	0	330	0	11083
491	1	1	88	339	2009	9975
492	1	2	87	262	2007	10213
493	1	1	86	254	2004	5227
494	1	2	0	251	2005	26663
495	1	1	0	254	2006	10620
496	2	1	0	253	2004	10670
497	1	1	86	308	0	10657
498	1	2	87	273	0	10543
499	1	2	0	263	2006	10147
500	1	1	0	273	2007	10625
501	1	2	88	0	0	0
502	1	1	0	339	2006	9917
503	1	2	0	339	2007	10650
504	2	2	0	339	2004	26467
505	1	1	86	260	2008	10268
506	1	0	0	0	0	0
507	2	1	0	327	2004	10567
508	1	2	87	339	0	0
509	1	1	88	250	0	10369
510	2	2	0	269	2005	26407
511	1	2	93	249	0	9887
512	1	1	108	325	0	10274
513	1	1	0	251	2006	3936
514	1	1	105	250	2006	10292
515	1	2	87	339	2009	50278
516	1	2	90	320	2007	26668
517	1	2	88	261	2009	10227
518	1	2	88	254	2005	50668
519	1	2	0	262	2006	0
520	1	2	0	261	2008	26269
521	2	2	92	254	2003	26269
522	1	0	0	0	0	0
523	1	2	0	339	2006	10560
524	1	2	87	308	2008	9944
525	1	2	0	249	0	50510
526	1	2	0	268	2007	0
527	1	2	0	339	2007	10825
528	1	2	86	261	2008	10452
529	1	2	0	251	2008	10061
530	1	1	0	254	2006	10546
531	1	2	88	262	2009	26662
532	1	2	88	250	2006	19519
533	1	2	87	260	2008	10377
534	1	1	88	339	2007	9853
535	1	2	87	339	2008	50661
536	1	2	86	250	2004	10653
537	1	2	0	339	2006	0
538	1	2	88	339	2005	0
539	1	2	0	252	2007	10921
540	1	1	0	251	2006	10510
541	1	2	88	252	2008	10427
542	1	2	0	260	2008	53033
543	1	0	0	0	0	0
544	2	1	0	339	0	26266
545	1	1	88	288	0	0
546	1	0	0	0	0	0
547	5	2	99	251	2006	10181
548	1	0	109	267	2007	10226
549	2	2	100	339	2005	10569
550	1	2	88	273	2009	9975
551	1	2	0	260	2009	10226
552	1	2	0	254	2006	26282
553	1	2	0	339	2007	10334
554	1	0	0	0	0	0
555	1	1	86	0	2009	11067
556	1	2	0	254	2008	10300
557	5	1	0	252	0	11170
558	1	2	99	254	0	26715
559	1	2	87	273	2008	10669
560	1	2	97	252	2006	54742
561	1	2	0	339	0	10229
562	1	2	88	328	2008	10462
563	1	2	88	268	2009	10334
564	1	2	88	339	2009	9880
565	1	2	88	269	2009	10334
566	1	2	87	339	2009	10738
567	1	2	98	255	2006	10419
568	1	2	87	251	2008	152
569	1	2	0	269	2007	10089
570	2	1	105	251	2003	10402
571	2	1	110	252	0	0
572	1	2	0	0	2010	11224
573	1	2	87	273	0	10187
574	1	2	86	339	2009	0
575	1	2	0	339	2007	0
576	1	2	0	252	2005	10405
577	1	1	0	251	2008	10510
578	1	1	105	252	2008	10391
579	1	1	112	249	2005	0
580	1	2	0	0	0	51797
581	1	2	0	268	2009	10215
582	2	1	0	253	2004	10111
583	1	2	0	251	2008	10349
584	1	2	88	339	2009	26497
585	1	1	0	251	2008	19576
586	1	2	88	325	2008	53932
587	1	2	0	251	0	10573
588	1	2	0	254	2006	51012
589	1	0	0	0	0	0
590	1	1	89	252	0	10213
591	2	2	0	268	2005	25704
592	1	2	88	334	2009	26705
593	1	2	0	251	2007	2376
594	1	2	101	251	2007	23604
595	1	2	88	273	2008	10180
596	1	1	0	249	2009	0
597	1	1	87	308	2008	26711
598	1	2	0	251	2007	11274
599	2	1	106	252	2005	10678
600	2	2	0	278	0	10108
601	1	2	0	286	2007	10334
602	1	0	0	0	0	0
603	2	0	0	0	0	10596
604	1	2	88	268	2008	11343
605	1	2	0	339	2006	10468
606	1	2	87	337	2009	10204
607	1	2	0	334	2006	0
608	1	2	0	339	0	52856
609	1	2	0	339	2007	10432
610	1	2	87	339	2009	10623
611	1	0	0	0	0	0
612	1	1	87	254	2009	5646
613	1	1	0	339	2008	10648
614	1	2	86	0	0	10294
615	1	0	0	0	0	0
616	1	2	0	339	0	10279
617	1	2	87	339	2008	50668
618	1	2	0	339	0	11326
619	1	1	111	251	2008	10574
620	1	2	0	268	0	10437
621	1	2	88	320	2007	10676
622	1	1	86	249	2008	6483
623	1	2	0	268	2008	26264
624	2	1	0	249	2005	25462
625	1	1	86	257	2007	10490
626	2	1	0	252	2005	10475
627	5	1	0	250	2009	10428
628	2	2	0	254	2005	10334
629	1	2	0	339	2004	10678
630	1	1	108	251	2007	10722
631	1	2	88	250	2009	10173
632	1	1	108	289	2005	0
633	1	2	102	254	2006	10569
634	1	2	87	339	2006	10147
635	1	1	87	250	0	50823
636	1	2	0	255	2009	10559
637	1	1	0	286	0	10300
638	1	2	88	339	2007	9874
639	1	1	0	254	2005	10247
640	1	2	86	275	0	11134
641	2	1	0	0	0	10108
642	1	2	0	339	2007	9965
643	1	2	87	339	0	10154
644	5	2	0	251	2005	10334
645	1	2	0	339	2008	10334
646	1	2	100	268	2007	10463
647	1	2	0	339	0	10468
648	1	2	101	275	2006	3387
649	1	2	0	250	2007	10178
650	1	2	88	263	2008	10186
651	1	2	88	268	2010	53772
652	1	2	0	268	2006	10221
653	1	2	0	337	0	10274
654	1	2	0	250	2007	10685
655	1	2	0	268	0	26445
656	2	2	89	262	2004	10279
657	1	2	92	0	0	10382
658	1	2	0	339	2007	10186
659	2	1	0	308	2005	10928
660	1	1	88	268	2009	10284
661	1	2	87	262	2009	26407
662	1	2	0	251	2006	10274
663	1	1	0	278	2006	51306
664	1	1	0	330	2006	0
665	1	1	0	254	0	9848
666	1	2	0	252	2006	9976
667	1	2	93	339	0	10398
668	1	2	88	339	2007	10173
669	1	2	0	254	2010	9845
670	2	2	89	262	2005	22827
671	1	0	0	0	0	0
672	1	2	0	275	2006	9845
673	1	2	87	339	2009	10285
674	2	2	0	339	2004	10478
675	1	2	88	269	2006	20054
676	1	1	86	308	2008	10648
677	1	2	92	339	0	10670
678	1	2	89	339	2007	10213
679	1	1	0	251	2008	10339
680	1	2	0	253	0	0
681	1	2	86	260	2007	9821
682	1	2	87	273	2009	26740
683	1	2	87	339	2008	26575
684	1	1	107	339	2005	10248
685	1	2	86	269	2008	10360
686	1	2	87	339	2009	10241
687	1	0	0	0	0	0
688	1	2	0	251	2009	10510
689	1	2	0	339	2007	10625
690	2	1	107	339	2004	10667
691	1	1	0	286	2008	9831
692	1	2	0	260	2008	10793
693	1	2	0	252	0	10667
694	1	2	87	254	2008	26456
695	2	2	98	339	2004	26349
696	1	1	0	328	0	10659
697	1	2	88	339	2008	11385
698	1	1	108	339	2006	10180
699	1	2	99	339	2008	10645
700	1	2	87	262	0	0
701	1	2	88	269	2009	26696
702	1	2	0	0	0	10416
703	5	1	107	251	2006	10332
704	1	2	0	339	2007	26354
705	1	1	89	249	2008	10252
706	1	2	88	260	2009	0
707	1	1	0	284	2009	9822
708	1	1	0	254	2007	10123
709	1	2	88	339	2009	10172
710	1	2	88	254	2007	10334
711	1	2	0	304	2006	10876
712	1	2	88	268	0	26575
713	1	1	88	253	2008	10705
714	1	2	87	278	0	51306
715	1	2	89	268	0	0
716	1	2	0	260	0	10372
717	1	2	0	339	2007	9955
718	1	1	86	308	2006	9891
719	1	0	0	0	0	0
720	1	1	0	256	2007	26748
721	2	1	107	250	2005	11066
722	1	2	0	254	2007	55812
723	1	2	0	269	0	0
724	2	1	107	254	2005	9836
725	5	2	0	260	2007	9865
726	2	2	94	262	2004	10596
727	2	2	87	339	2005	10480
728	1	1	0	252	2008	10173
729	1	1	89	254	0	10943
730	1	2	0	262	2005	0
731	1	1	88	254	2008	10889
732	1	1	0	249	2009	10274
733	1	2	88	339	2009	0
734	2	2	87	262	2004	10586
735	1	2	88	250	2009	10617
736	2	1	0	251	2005	10298
737	1	1	0	256	0	10510
738	1	2	88	267	2008	10680
739	1	1	0	251	2007	10615
740	1	2	87	273	0	10788
741	1	2	112	339	0	10306
742	1	2	88	273	2009	50668
743	1	2	0	337	2008	557
744	4	0	0	0	0	0
745	1	2	87	339	2008	53345
746	1	1	87	289	0	10428
747	1	2	102	339	2006	50284
748	1	2	0	339	0	10636
749	1	2	87	268	2005	0
750	1	2	0	339	2008	9844
751	1	2	88	339	2009	10189
752	1	1	88	256	2009	10334
753	1	2	100	339	2006	10376
754	1	2	0	339	0	50510
755	1	2	88	250	2009	0
756	1	1	0	251	0	9913
757	1	2	0	268	2006	10173
758	1	1	87	252	2008	10851
759	1	2	0	286	2006	0
760	2	1	107	268	2004	10625
761	1	2	0	328	2006	52645
762	1	2	0	251	2007	5741
763	1	2	0	254	2008	13233
764	1	2	0	254	2006	10685
765	1	2	88	260	2008	10427
766	1	2	0	308	2007	10728
767	5	2	0	306	0	25758
768	1	0	87	262	2009	10490
769	1	2	0	254	2007	10101
770	5	2	0	306	2005	9814
771	1	1	86	268	2009	10432
772	1	1	0	249	2007	9872
773	2	1	0	308	0	10355
774	1	2	89	248	2004	0
775	1	1	88	251	2007	10029
776	1	2	0	339	2008	10486
777	1	2	0	339	2005	26433
778	1	2	87	339	2007	10208
779	1	2	0	328	0	0
780	1	1	86	320	0	26819
781	1	2	0	338	2006	10249
782	1	2	0	254	2007	10080
783	1	2	0	262	2006	26637
784	2	2	0	262	2005	26402
785	1	1	0	252	2007	26663
786	1	2	87	320	2009	10487
787	1	2	0	255	2005	10578
788	1	2	88	268	2004	10432
789	1	2	0	306	2007	9893
790	1	2	0	251	2006	9913
791	1	2	88	240	2009	10070
792	1	2	0	339	0	0
793	1	2	88	331	2009	5999
794	1	2	0	250	0	0
795	1	2	86	0	2008	10377
796	1	2	88	252	2008	26663
797	1	1	0	252	2007	0
798	1	2	0	339	2006	10510
799	1	2	88	309	2008	10427
800	1	2	0	269	0	0
801	1	1	87	254	2007	26456
802	1	1	0	268	2006	57353
803	1	2	0	254	2007	26272
804	1	1	0	240	2006	10266
805	1	2	86	260	2007	9956
806	1	2	0	339	2007	10043
807	1	1	0	278	2006	10870
808	1	1	88	252	2008	10364
809	1	2	87	268	2005	0
810	1	2	0	307	2005	50284
811	1	2	0	251	2008	9913
812	1	2	0	254	0	10620
813	1	2	0	328	2005	0
814	1	2	0	339	2008	10937
815	1	1	89	339	2007	10003
816	1	2	0	308	2007	10169
817	1	2	100	339	2008	26420
818	1	2	88	339	2008	26420
819	2	1	0	249	2005	6993
820	1	1	0	273	2008	54805
821	1	1	88	328	2007	55144
822	2	2	0	262	2002	10488
823	1	2	0	339	2007	52312
824	1	1	87	339	2008	10391
825	1	2	0	254	2007	10618
826	1	2	0	339	2007	26402
827	1	1	88	249	2007	10173
828	1	2	87	254	2009	9962
829	1	2	0	261	2005	0
830	1	2	86	260	0	10943
831	2	2	88	278	2004	26575
832	1	2	0	261	0	10089
833	1	2	0	0	0	10519
834	1	2	0	339	2004	10501
835	1	2	88	261	2005	9889
836	1	0	0	254	0	10308
837	1	1	107	249	2006	10509
838	1	1	88	339	2008	26492
839	2	2	0	249	0	10524
840	5	1	0	308	2006	25831
841	1	2	0	292	2008	52737
842	1	1	0	249	2009	10722
843	1	2	0	251	2008	0
844	2	2	0	339	2005	26540
845	1	2	88	273	0	0
846	2	1	0	256	2004	10692
847	1	2	0	339	2006	9853
848	1	2	0	339	2007	10722
849	1	1	0	256	0	9845
850	1	2	88	263	2008	26354
851	5	2	0	236	2007	10575
852	1	2	88	339	2008	55116
853	1	2	88	339	2009	9975
854	1	1	86	339	2006	9977
855	1	2	89	268	2007	10596
856	1	2	0	339	2008	10657
857	1	2	0	306	2008	26420
858	1	2	0	254	2008	26738
859	1	0	0	0	0	0
860	2	1	107	249	2004	10088
861	1	2	0	251	2009	10381
862	1	2	87	339	2009	0
863	2	1	108	252	2004	10220
864	1	2	0	273	0	0
865	1	2	88	262	2008	10480
866	1	2	88	261	2007	6248
867	1	2	86	260	2008	10428
868	1	2	87	268	2009	0
869	2	2	0	260	2004	50190
870	1	1	88	273	2009	0
871	1	1	88	250	0	26313
872	1	2	0	263	2007	10376
873	1	2	0	339	2008	11345
874	1	2	87	252	2007	10682
875	1	2	0	252	2006	52367
876	5	1	0	329	2004	26366
877	1	2	0	320	2007	10995
878	1	2	0	339	2006	11226
879	1	0	86	252	2008	10428
880	1	2	0	339	0	0
881	1	0	0	0	0	0
882	2	2	100	254	2004	10363
883	1	1	88	250	2009	10424
884	1	2	87	254	2010	10292
885	1	2	0	275	2006	10182
886	1	2	0	251	0	10077
887	1	2	87	339	2006	6078
888	2	2	0	268	2005	10319
889	2	2	98	288	2004	10427
890	1	1	86	252	2008	9847
891	1	2	88	306	2007	9810
892	1	1	0	250	2007	10427
893	1	1	0	266	2006	0
894	1	2	0	328	2005	10274
895	1	2	99	306	2007	10782
896	1	2	86	339	2008	26408
897	1	2	0	254	2006	10216
898	1	1	0	250	0	10628
899	1	2	86	273	2009	10070
900	1	2	0	262	2007	10314
901	1	2	88	262	2006	10208
902	1	1	104	239	0	10455
903	1	2	89	262	2005	0
904	1	2	87	289	2009	9935
905	1	1	87	320	2009	10007
906	1	2	88	273	2008	5503
907	1	2	0	339	2006	10666
908	2	1	0	328	2005	50823
909	1	2	0	268	2005	0
910	1	2	0	328	0	10226
911	1	1	88	253	2008	9940
912	1	2	88	250	0	10351
913	1	1	0	278	2007	10501
914	1	2	88	275	2008	11379
915	1	2	89	251	2006	4440
916	1	2	0	306	2006	0
917	1	1	0	273	2010	10274
918	1	2	0	250	2008	9845
919	1	2	86	278	0	10220
920	2	1	108	250	2005	10641
921	1	2	0	275	2006	26737
922	1	2	89	268	2006	0
923	1	2	88	254	2007	10264
924	1	2	87	268	2008	53842
925	1	2	0	339	2005	26557
926	1	2	0	0	0	10226
927	1	2	88	252	2009	10542
928	2	2	0	262	2005	50278
929	1	2	88	251	2009	10292
930	1	2	88	335	2008	26354
931	1	2	87	260	2009	25251
932	1	2	87	251	2005	0
933	1	2	0	306	2006	0
934	1	2	88	249	2007	0
935	1	2	0	339	2007	10402
936	2	1	89	268	2005	0
937	1	2	88	339	2009	26266
938	1	2	0	339	2005	0
939	1	2	0	339	2007	10283
940	1	1	102	288	2005	0
941	1	2	87	268	2009	10307
942	1	2	88	251	2009	55144
943	2	1	0	289	2005	51093
944	2	2	0	268	2004	10330
945	1	2	0	262	2008	10314
946	1	2	86	278	2009	11379
947	1	1	88	254	0	10407
948	2	2	0	262	2005	11249
949	1	2	88	268	2009	10637
950	1	1	0	260	0	50823
951	1	2	87	331	2009	11170
952	2	1	0	247	2005	26348
953	1	2	92	268	0	10663
954	1	1	87	263	0	10036
955	1	2	0	339	2007	9969
956	1	2	88	339	2005	10220
957	1	1	87	252	2008	10367
958	1	2	0	339	2008	10734
959	1	2	0	339	0	53345
960	1	2	88	254	2009	5999
961	2	2	88	339	2004	9992
962	1	2	88	262	0	10164
963	1	2	0	339	0	10079
964	1	2	89	251	2008	10366
965	1	2	87	339	2009	10432
966	1	1	105	339	2007	10394
967	1	2	90	302	2005	10202
968	1	2	0	249	2008	26535
969	1	2	0	254	2008	10589
970	1	2	0	275	2005	10177
971	1	2	88	273	2009	10468
972	1	1	0	289	2008	10373
973	2	2	0	252	2005	10461
974	1	1	87	325	0	54308
975	1	2	0	339	2005	26557
976	1	2	87	328	2009	10334
977	1	2	0	339	2006	26663
978	1	2	0	254	2007	10376
979	2	2	96	254	2004	52895
980	1	2	0	339	2008	9817
981	1	2	88	236	2009	10442
982	1	1	0	252	0	0
983	1	2	87	339	2008	26407
984	1	2	0	339	0	0
985	1	2	88	252	0	10735
986	1	2	0	261	2007	10339
987	1	2	88	251	0	10003
988	1	0	0	250	0	10169
989	1	0	0	0	0	0
990	1	2	88	253	2009	0
991	1	0	0	0	0	0
992	1	2	87	273	2009	10360
993	1	2	0	254	2007	10208
994	1	2	87	308	2009	10510
995	1	2	101	251	2008	10402
996	1	1	0	239	0	10079
997	1	2	87	339	2008	10501
998	2	1	0	254	2005	10556
999	1	2	88	273	0	0
1000	1	0	0	278	0	10648
1001	2	1	0	250	2005	10107
1002	1	2	86	262	2008	26402
1003	1	2	0	268	2007	55118
1004	1	2	88	254	2009	0
1005	1	0	0	0	0	26422
1006	1	2	86	339	2009	26786
1007	1	2	113	339	0	10526
1008	1	1	87	268	2008	10428
1009	1	2	0	339	2007	51668
1010	5	1	0	339	2005	10471
1011	1	2	92	254	2005	10663
1012	1	1	87	251	2009	0
1013	1	2	0	339	2007	9919
1014	1	1	0	251	0	10343
1015	1	2	88	250	2008	11083
1016	1	1	0	249	2008	10274
1017	1	2	0	240	2008	0
1018	1	2	0	268	2008	10220
1019	1	2	0	251	2006	10297
1020	1	2	0	262	2007	10612
1021	1	2	89	251	2007	10602
1022	1	1	0	251	2006	24634
1023	1	2	0	261	2008	52781
1024	1	1	0	330	2008	0
1025	1	1	0	267	0	10274
1026	1	1	0	278	2007	55514
1027	1	2	0	261	2008	10079
1028	1	2	0	251	0	10392
1029	1	2	0	268	2006	9973
1030	1	2	0	339	2008	10229
1031	1	2	0	278	0	10676
1032	1	2	0	250	2008	58825
1033	1	2	0	254	2005	9853
1034	2	2	87	268	2004	56642
1035	1	1	0	275	2007	0
1036	1	1	0	251	2007	11086
1037	1	2	95	252	2007	10189
1038	2	2	87	268	2005	0
1039	1	1	0	258	2008	0
1040	1	2	87	251	2007	10286
1041	1	2	87	260	0	10183
1042	5	2	0	251	2006	9032
1043	1	1	88	320	2009	2665
1044	1	2	0	262	2007	10239
1045	1	1	0	325	0	55314
1046	1	2	0	339	2007	51454
1047	2	1	0	339	2004	11205
1048	1	1	88	254	2007	19706
1049	1	2	100	252	2006	10518
1050	1	2	0	330	2006	0
1051	1	2	102	251	2006	5925
1052	1	2	88	250	2007	10184
1053	1	1	88	273	2009	26407
1054	1	2	88	254	2009	10180
1055	1	1	0	249	0	55314
1056	1	1	105	249	2006	0
1057	1	2	88	260	2007	50278
1058	1	2	86	339	2009	0
1059	1	2	88	252	2008	26782
1060	1	2	87	325	2008	9894
1061	1	1	87	278	2006	10487
1062	1	1	88	273	2009	9829
1063	5	2	0	327	0	52560
1064	2	2	100	306	0	10275
1065	1	2	87	262	2009	22951
1066	1	2	87	269	2009	9887
1067	1	1	87	262	2009	4459
1068	1	1	0	267	0	0
1069	1	2	0	0	0	9913
1070	1	2	91	330	2008	10298
1071	2	2	0	252	2005	10433
1072	2	1	110	251	2004	17189
1073	1	1	109	252	2005	22059
1074	2	2	0	251	2005	10298
1075	1	2	88	261	2009	10376
1076	1	1	88	278	0	11280
1077	1	2	88	0	2009	26408
1078	1	2	87	273	2009	9846
1079	1	0	0	0	0	0
1080	1	2	0	0	0	10872
1081	1	2	88	339	2006	10181
1082	1	1	88	254	0	5477
1083	1	2	0	260	2007	9831
1084	2	1	0	328	2005	10345
1085	1	2	88	331	2009	10374
1086	1	1	0	325	0	0
1087	1	2	88	254	2004	0
1088	1	2	88	268	2008	10334
1089	5	2	0	251	2006	10705
1090	1	2	0	339	0	0
1091	1	1	86	261	0	10728
1092	1	2	86	262	0	10428
1093	1	1	88	250	2007	10360
1094	1	2	0	251	2007	10510
1095	1	2	0	260	2006	10402
1096	1	2	0	254	2007	10509
1097	1	2	0	254	2007	0
1098	1	2	0	0	2007	10452
1099	5	1	104	251	2007	9855
1100	1	1	0	278	2007	10524
1101	1	2	86	268	2006	0
1102	1	1	86	0	2008	10402
1103	1	1	88	330	2009	10274
1104	1	2	88	339	2009	10608
1105	2	1	0	306	2005	9913
1106	1	0	0	0	0	0
1107	1	1	86	330	2008	10648
1108	1	2	0	339	2008	51306
1109	2	2	95	251	2005	9853
1110	1	0	0	250	2006	10268
1111	1	2	0	339	2007	10922
1112	2	2	0	339	2005	11210
1113	2	2	0	328	2005	10455
1114	1	2	87	339	0	10180
1115	2	2	92	339	0	51012
1116	5	1	89	330	2005	58857
1117	2	2	0	328	2004	10544
1118	1	1	0	250	2007	10578
1119	1	2	100	339	2008	10570
1120	2	1	107	250	2004	10402
1121	1	1	0	254	0	9973
1122	2	2	0	252	2005	58825
1123	1	2	0	260	2005	10648
1124	1	2	0	339	2007	10713
1125	1	1	88	273	2005	10428
1126	1	2	95	339	2009	10161
1127	1	2	0	273	2008	10339
1128	1	1	108	278	2006	0
1129	1	1	107	303	2008	10274
1130	1	2	0	339	0	0
1131	1	1	0	249	2010	10483
1132	1	1	0	260	2007	10471
1133	1	1	106	339	2008	51306
1134	1	2	88	260	2009	10608
1135	1	2	0	339	2004	10266
1136	1	1	88	254	2008	26672
1137	1	2	88	337	2008	0
1138	1	2	88	339	2008	10192
1139	1	1	0	240	2006	10314
1140	2	1	106	278	2004	10549
1141	1	2	0	339	0	26349
1142	1	2	87	262	2009	10586
1143	1	2	0	250	2008	26651
1144	1	2	0	254	0	10526
1145	1	2	0	268	0	0
1146	1	2	88	273	2009	10341
1147	1	2	0	0	0	0
1148	1	1	0	339	2006	10487
1149	1	2	0	251	2006	10274
1150	1	2	0	339	2008	50882
1151	1	2	0	262	2008	10248
1152	1	2	0	268	2006	17609
1153	1	0	0	0	0	0
1154	1	2	93	339	2005	10425
1155	1	1	87	249	2008	10468
1156	2	2	0	251	2005	55144
1157	1	1	0	252	2006	10292
1158	1	2	0	268	2006	9850
1159	1	2	87	262	0	0
1160	1	2	0	289	0	10300
1161	2	2	0	262	2005	51952
1162	1	2	104	278	0	10932
1163	2	2	90	275	2005	0
1164	1	2	87	262	0	10109
1165	2	2	0	251	2005	9983
1166	1	2	100	339	2008	26492
1167	1	2	99	249	2007	10154
1168	1	2	87	267	2008	50284
1169	1	2	89	339	2007	26265
1170	1	2	89	286	2008	9894
1171	1	2	87	251	2007	10274
1172	1	1	0	247	2007	50823
1173	1	1	105	240	2006	10181
1174	1	2	0	262	2008	10379
1175	1	0	0	0	0	0
1176	1	2	86	339	2007	9956
1177	2	2	0	268	2005	10468
1178	1	2	0	268	0	26694
1179	1	2	0	339	0	50278
1180	1	2	87	339	2007	10685
1181	1	2	0	268	2009	0
1182	1	1	0	250	2007	0
1183	1	2	89	268	2006	10657
1184	1	2	0	268	2007	10252
1185	1	1	111	254	2006	9894
1186	1	0	0	251	2007	0
1187	1	2	88	250	2010	26653
1188	2	2	0	339	2005	10160
1189	1	2	0	251	2007	10226
1190	1	2	88	254	0	26714
1191	1	2	88	262	2005	10786
1192	1	2	88	254	2008	10943
1193	1	2	0	260	2006	26387
1194	2	1	0	328	2004	10292
1195	1	2	113	306	2007	10427
1196	1	1	0	249	2007	9845
1197	1	2	0	339	2006	10247
1198	1	2	88	268	2009	10398
1199	1	1	88	247	2004	10300
1200	1	2	87	339	2009	10160
1201	1	1	0	251	2007	10080
1202	1	1	87	268	0	9849
1203	1	2	87	251	2008	26668
1204	1	2	0	339	0	0
1205	1	2	0	339	2007	10220
1206	1	2	0	0	2007	50278
1207	5	2	0	339	2005	9815
1208	1	2	88	320	2006	20576
1209	1	2	88	339	2008	10644
1210	2	1	0	339	2004	9972
1211	2	2	0	339	2004	10379
1212	1	0	88	273	2009	11158
1213	1	2	87	262	2006	10381
1214	1	0	0	0	0	0
1215	1	2	88	260	0	10537
1216	1	2	86	325	2009	10274
1217	1	1	106	256	0	51306
1218	1	2	0	250	2007	0
1219	1	2	86	262	2007	10274
1220	1	2	88	0	2008	0
1221	1	1	0	254	2007	9894
1222	1	1	0	252	2006	10425
1223	1	2	0	254	2008	9815
1224	1	2	0	266	2007	26290
1225	1	2	0	251	0	0
1226	1	2	0	254	0	51655
1227	2	1	0	306	2005	0
1228	1	2	0	339	2008	11172
1229	1	0	0	0	0	0
1230	1	2	88	0	2008	52645
1231	1	1	0	260	2006	26595
1232	1	1	88	306	2009	3373
1233	1	2	0	251	2007	0
1234	1	1	88	247	2008	10718
1235	1	2	87	339	2009	22389
1236	1	2	0	251	2006	57687
1237	1	2	88	282	2008	50379
1238	2	1	107	251	2005	51306
1239	1	1	0	273	2007	10650
1240	1	1	88	278	2009	10612
1241	1	2	0	250	2008	11139
1242	1	1	88	253	2007	26747
1243	1	2	0	286	2008	10493
1244	2	2	0	339	2005	0
1245	1	2	88	252	2008	10264
1246	1	1	87	250	2009	10435
1247	1	2	0	273	2008	26422
1248	1	1	87	268	2008	50278
1249	2	2	90	254	2005	10369
1250	1	2	86	268	2004	10583
1251	1	2	86	254	2009	10645
1252	1	2	0	268	2006	26575
1253	2	2	113	339	2003	10509
1254	1	1	86	250	2009	9967
1255	1	2	86	262	2009	10657
1256	1	2	87	252	2008	6051
1257	1	2	0	251	2008	10300
1258	1	1	88	249	2008	10466
1259	1	1	0	268	0	9934
1260	1	1	88	278	2007	26410
1261	1	2	87	254	2005	0
1262	1	2	86	339	2007	9872
1263	1	0	0	0	0	0
1264	2	2	113	339	2003	10498
1265	1	2	0	262	2008	10162
1266	1	2	0	268	0	20844
1267	1	2	0	339	2007	10732
1268	1	2	86	249	2009	10734
1269	1	2	0	268	2008	26301
1270	1	0	0	0	0	0
1271	1	2	0	251	2007	56367
1272	1	2	0	260	2007	26402
1273	1	2	88	339	2007	10198
1274	1	1	0	282	2008	10510
1275	5	2	0	251	2006	10653
1276	1	2	0	254	2006	10372
1277	1	2	0	339	2007	10705
1278	1	0	0	0	0	0
1279	1	2	0	268	2006	0
1280	1	2	0	328	0	10481
1281	1	2	0	251	0	26407
1282	1	2	0	339	2008	11206
1283	1	2	0	339	0	5570
1284	2	1	108	254	2005	19850
1285	1	2	93	339	2006	10412
1286	1	2	0	268	0	0
1287	1	0	90	339	0	10285
1288	1	2	0	306	0	0
1289	1	2	94	247	2006	10402
1290	1	2	88	252	2009	0
1291	1	2	88	306	0	6088
1292	1	1	0	240	2006	22951
1293	1	2	88	250	2009	10617
1294	1	2	89	260	2008	26519
1295	1	1	86	254	2008	26651
1296	1	2	88	320	2009	58825
1297	1	2	98	254	2005	6155
1298	1	1	87	273	2008	9960
1299	1	0	0	0	0	0
1300	1	2	0	263	0	9820
1301	1	2	88	263	2009	10307
1302	1	2	0	254	2006	51941
1303	1	2	0	254	2005	26301
1304	1	1	88	273	0	10549
1305	1	2	88	268	2006	10471
1306	1	2	0	275	2007	50510
1307	2	2	0	268	2005	10510
1308	1	2	87	339	2010	10490
1309	1	2	92	260	2008	26406
1310	1	2	88	252	2008	10974
1311	1	2	87	339	2008	55845
1312	1	2	88	273	0	10787
1313	1	1	0	245	0	10402
1314	1	2	0	275	2006	51655
1315	2	2	87	262	2004	10501
1316	1	2	0	339	2006	26269
1317	1	2	0	275	2007	10516
1318	1	2	87	339	2009	9953
1319	1	1	105	249	0	58825
1320	1	2	99	339	2006	10718
1321	2	1	0	328	2005	9944
1322	1	2	0	339	2008	9103
1323	1	2	0	252	2006	10463
1324	1	2	0	254	2006	10526
1325	1	1	0	252	2007	10948
1326	1	2	0	339	2008	52367
1327	1	1	87	254	0	0
1328	1	2	0	260	2007	10162
1329	1	2	88	254	2009	0
1330	1	2	0	254	2008	50823
1331	1	2	0	339	2007	10103
1332	2	2	0	268	2005	10134
1333	2	1	0	328	2005	9877
1334	1	2	0	260	2007	54805
1335	2	2	0	339	2005	11184
1336	1	2	103	339	2010	14496
1337	2	2	90	339	2003	10425
1338	1	2	88	260	2007	11067
1339	1	2	0	249	2007	0
1340	1	1	0	339	0	10621
1341	1	2	0	339	2005	3411
1342	1	2	87	262	2008	10285
1343	1	2	88	268	2007	10571
1344	1	2	0	339	2008	11285
1345	5	0	0	236	0	10402
1346	1	2	0	275	2007	10416
1347	1	2	88	339	2006	25666
1348	1	2	0	273	2008	10563
1349	1	0	0	0	0	0
1350	1	0	0	0	0	0
1351	2	2	0	308	2005	10249
1352	1	1	88	337	2008	26266
1353	1	1	87	0	0	0
1354	1	0	0	0	0	0
1355	1	2	88	262	2007	10650
1356	1	2	88	250	2008	50823
1357	1	2	0	339	2007	10079
1358	2	2	98	254	2004	26349
1359	2	2	0	275	2005	11019
1360	1	2	88	339	2008	9836
1361	1	2	88	339	2007	10621
1362	1	2	87	0	0	10615
1363	1	2	113	260	2008	26477
1364	1	1	108	330	2005	51580
1365	2	1	109	289	2005	9892
1366	1	2	86	339	0	26378
1367	1	2	0	306	2007	26432
1368	1	2	92	339	2008	10621
1369	1	2	88	252	2009	51306
1370	1	2	103	254	2007	10463
1371	1	2	89	250	2007	0
1372	1	2	0	254	0	0
1373	1	2	0	328	2006	26575
1374	2	2	0	262	2005	50668
1375	1	1	0	251	2008	50864
1376	2	2	100	250	2004	10226
1377	1	0	0	0	0	0
1378	1	2	0	251	2006	10602
1379	1	2	87	260	2007	10215
1380	1	2	88	253	2005	10471
1381	1	1	0	250	2006	10334
1382	1	2	87	269	2008	10545
1383	1	2	0	339	2007	10330
1384	2	1	87	251	2005	10667
1385	1	2	0	254	2008	50284
1386	1	2	0	254	2007	25723
1387	2	2	0	339	2005	10381
1388	1	2	86	251	2006	10569
1389	1	1	108	339	2005	11336
1390	2	2	0	269	2005	10247
1391	1	2	0	252	2008	26651
1392	1	2	0	339	2007	26696
1393	1	2	88	268	2009	10180
1394	1	2	0	339	0	50882
1395	1	2	88	260	2009	9867
1396	1	2	0	262	2005	10089
1397	1	2	88	339	2009	26557
1398	1	2	87	250	2009	54951
1399	1	2	102	335	2009	10340
1400	1	1	0	307	0	10510
1401	1	1	88	251	2006	10455
1402	1	1	88	253	2008	26786
1403	1	2	0	262	2006	0
1404	1	2	88	339	0	55812
1405	5	2	0	236	0	11038
1406	1	2	0	339	0	0
1407	1	1	87	308	2007	26494
1408	1	2	93	268	0	26336
1409	1	2	0	262	2007	10659
1410	1	2	0	260	2008	0
1411	1	2	0	339	2008	10154
1412	1	2	88	252	2009	26602
1413	1	2	0	268	2007	10575
1414	1	2	0	252	2007	10948
1415	1	1	110	254	0	10147
1416	2	1	0	310	2005	10274
1417	1	2	88	251	2009	26741
1418	1	2	87	254	2008	10011
1419	1	2	88	268	2009	5980
1420	1	2	87	252	2008	0
1421	1	1	0	303	0	9845
1422	1	2	0	339	0	0
1423	1	2	87	237	2009	0
1424	1	2	89	254	2005	9971
1425	1	1	0	249	2009	0
1426	1	2	0	339	0	9884
1427	1	0	88	273	0	26586
1428	1	2	88	254	2009	0
1429	1	2	0	0	0	10570
1430	1	2	88	250	2009	10569
1431	1	1	0	251	2009	0
1432	1	2	88	306	2007	10569
1433	1	2	0	268	2006	0
1434	1	2	0	270	0	0
1435	1	1	0	325	2008	0
1436	1	0	0	0	0	0
1437	2	1	0	328	2005	9918
1438	1	2	86	339	0	10709
1439	1	2	88	339	2008	0
1440	1	2	88	262	2009	9850
1441	1	1	88	339	0	9973
1442	1	2	88	244	2009	10369
1443	1	2	88	339	2008	10599
1444	1	1	88	252	2009	55247
1445	1	1	0	251	2009	10468
1446	1	2	0	268	2005	26584
1447	1	2	0	251	0	10266
1448	1	2	0	254	2006	26348
1449	1	1	0	239	0	0
1450	1	2	0	339	2007	26327
1451	1	1	0	251	0	10759
1452	1	1	0	249	2005	26408
1453	1	2	0	260	2006	3449
1454	1	2	87	339	2008	26266
1455	1	1	0	267	2006	26266
1456	1	2	98	303	2006	10362
1457	2	2	0	339	2005	26624
1458	1	2	0	275	2006	26700
1459	1	2	0	260	2007	10488
1460	1	2	0	339	2006	26408
1461	1	2	0	252	2006	10893
1462	1	2	87	254	2009	10738
1463	1	2	0	255	2008	9937
1464	2	1	108	251	2005	10235
1465	5	2	98	254	2005	0
1466	1	0	0	339	0	26637
1467	1	2	87	339	0	10334
1468	1	1	0	253	2008	10173
1469	1	2	92	339	2008	26407
1470	1	2	99	339	2005	10384
1471	1	2	0	254	2005	5265
1472	1	1	0	254	0	26392
1473	1	2	0	339	0	10468
1474	2	2	0	254	2005	10681
1475	1	1	88	249	0	0
1476	1	2	0	268	2007	10468
1477	1	2	0	254	2007	50668
1478	1	1	0	0	0	0
1479	1	2	100	252	2006	10490
1480	1	2	0	339	2006	26494
1481	1	2	0	251	2006	10733
1482	1	2	0	339	0	10885
1483	1	1	87	273	2009	10624
1484	1	2	86	308	2007	9849
1485	1	2	0	254	2009	9845
1486	1	1	110	249	2004	9814
1487	1	2	0	254	2008	9913
1488	1	2	90	254	2007	10232
1489	1	1	0	339	2006	16685
1490	1	2	86	268	2008	9975
1491	1	2	88	339	2008	10937
1492	1	2	89	339	2007	9880
1493	1	2	0	268	2007	10531
1494	2	1	106	240	2005	10094
1495	1	0	0	0	0	0
1496	1	0	0	339	0	0
1497	2	2	0	251	2005	9970
1498	1	2	0	339	0	58052
1499	1	2	86	268	0	26378
1500	1	2	90	254	2006	0
1501	1	2	0	0	2009	10376
1502	1	2	0	251	2006	10596
1503	1	2	88	262	2009	10220
1504	1	2	101	250	0	10204
1505	2	2	0	256	0	10343
1506	1	1	0	339	2006	10578
1507	1	2	0	268	2007	10162
1508	1	1	86	253	2008	10479
1509	1	2	113	339	2010	52716
1510	1	2	0	320	2007	11224
1511	1	2	86	262	2009	10204
1512	1	2	0	339	2007	9973
1513	1	2	0	339	0	10247
1514	1	2	87	273	2009	10367
1515	1	2	88	278	2007	10220
1516	1	1	0	250	2006	52631
1517	1	1	86	325	2008	26641
1518	1	1	87	251	2008	10286
1519	1	2	0	268	0	26637
1520	1	2	90	267	0	10079
1521	1	1	0	250	2008	10300
1522	1	2	86	339	2009	0
1523	1	2	0	251	2006	9894
1524	1	2	87	273	2009	9960
1525	1	1	105	254	2007	10220
1526	1	0	0	0	0	0
1527	1	2	0	332	0	10402
1528	1	2	88	240	2009	0
1529	1	1	107	339	2006	10265
1530	1	1	0	249	2007	26348
1531	1	2	0	254	2007	26381
1532	1	2	0	254	0	0
1533	2	1	109	339	2004	10636
1534	2	0	0	0	0	0
1535	1	2	0	249	2004	10266
1536	1	2	96	339	2005	10599
1537	1	2	88	339	0	50823
1538	1	2	87	251	2009	26408
1539	1	0	87	320	2008	0
1540	1	2	0	250	2007	10083
1541	1	2	87	339	2005	50807
1542	1	1	89	325	2006	54828
1543	1	1	0	320	2008	9820
1544	1	1	88	252	2010	26290
1545	1	2	0	254	2007	10043
1546	1	2	88	339	2009	10274
1547	1	2	87	268	2008	0
1548	2	1	0	339	2005	10298
1549	1	2	92	251	2007	10479
1550	1	2	88	260	0	0
1551	1	2	0	0	2008	0
1552	1	0	88	268	2007	9822
1553	1	2	89	288	2008	10088
1554	1	2	86	260	2009	10171
1555	1	2	0	250	0	10003
1556	1	2	99	339	2007	10531
1557	1	0	0	0	0	0
1558	1	1	0	339	2006	10277
1559	1	2	0	250	2008	10402
1560	2	1	0	278	2004	11010
1561	1	2	87	339	0	50473
1562	1	2	87	339	2009	10029
1563	1	2	0	260	2005	10216
1564	1	1	86	325	0	10343
1565	1	2	0	275	2006	11331
1566	2	2	93	254	2005	50823
1567	1	1	0	249	2007	10376
1568	2	1	108	339	2005	10178
1569	1	2	95	339	2005	10617
1570	2	2	0	253	2004	6253
1571	1	2	88	261	0	10279
1572	2	1	0	306	2005	11382
1573	2	2	0	269	2005	10557
1574	1	2	0	339	2006	10290
1575	1	2	89	268	2008	26378
1576	1	1	0	252	2008	10471
1577	1	2	98	254	2007	10432
1578	1	2	88	273	2009	10486
1579	1	2	87	261	2009	5914
1580	1	0	0	0	0	0
1581	1	2	0	333	2009	9913
1582	1	1	105	339	0	10457
1583	1	2	0	254	2006	9894
1584	1	2	0	268	2006	10402
1585	1	2	0	239	2005	10666
1586	1	2	0	268	2007	26349
1587	2	2	0	252	2005	10108
1588	2	1	107	251	0	9951
1589	1	2	87	339	2008	9228
1590	1	2	86	249	2009	10733
1591	2	2	0	251	2003	10334
1592	1	1	88	339	2006	10383
1593	1	2	87	268	2008	9849
1594	1	2	89	339	2006	26514
1595	1	2	0	249	2006	10111
1596	1	2	0	0	0	10560
1597	1	1	0	250	2005	50668
1598	1	1	0	252	2007	10416
1599	1	0	0	0	0	0
1600	1	2	0	270	2007	10192
1601	1	2	87	273	2009	10147
1602	1	1	0	330	2009	10274
1603	1	2	88	339	2008	10468
1604	1	1	88	339	0	10331
1605	1	2	0	339	2006	10615
1606	1	1	88	249	2008	10646
1607	1	2	87	339	2005	10625
1608	1	2	87	339	0	26348
1609	1	2	86	339	2008	10498
1610	1	2	0	339	0	26483
1611	2	1	0	278	0	10369
1612	1	1	86	251	2008	10407
1613	2	2	0	262	2005	10738
1614	1	2	88	339	2009	9944
1615	1	2	100	339	2006	10177
1616	1	1	89	260	2007	7775
1617	2	2	102	328	0	10340
1618	1	2	0	250	2007	10070
1619	1	1	87	249	0	10754
1620	1	2	0	268	0	9876
1621	1	1	105	249	2007	10292
1622	1	2	87	273	2009	26736
1623	1	0	0	0	0	0
1624	1	2	0	306	2006	10417
1625	1	2	0	261	2008	9847
1626	1	2	88	254	2005	10244
1627	1	2	87	339	2009	0
1628	1	2	88	339	0	10094
1629	1	2	0	261	2007	26710
1630	1	1	105	306	0	55116
1631	1	2	0	275	2007	0
1632	1	1	0	251	2008	11139
1633	1	2	88	262	2008	10722
1634	1	2	88	269	0	26709
1635	1	0	0	0	0	0
1636	1	2	88	254	0	6370
1637	1	2	88	262	2005	10192
1638	2	2	0	308	2004	0
1639	1	2	0	254	2008	0
1640	2	2	0	308	2005	11128
1641	1	2	88	0	2008	10391
1642	1	1	0	0	0	0
1643	2	1	0	252	2005	10164
1644	1	1	87	254	2007	10094
1645	1	1	109	303	0	10226
1646	2	2	0	250	2005	0
1647	1	1	87	339	0	10661
1648	2	2	0	262	2005	0
1649	1	2	0	254	2005	10334
1650	1	2	88	252	2007	54873
1651	1	2	0	251	0	26747
1652	1	2	0	307	2007	10832
1653	1	2	89	254	2005	9917
1654	1	2	86	254	2006	26269
1655	1	2	90	240	2007	10710
1656	1	0	0	0	0	0
1657	1	2	86	251	2009	26310
1658	1	2	88	260	2007	0
1659	1	1	0	251	2006	10226
1660	1	2	0	261	2007	10080
1661	1	1	88	286	2009	10090
1662	1	2	0	339	2007	26407
1663	1	2	98	268	2007	11170
1664	2	1	0	307	2005	26637
1665	1	2	88	268	2009	26265
1666	1	2	0	249	2006	10463
1667	1	2	90	251	2006	10109
1668	1	2	0	339	2006	10157
1669	1	1	0	339	2005	10738
1670	2	2	0	339	2003	10247
1671	1	2	86	320	0	10192
1672	1	2	0	250	0	10226
1673	1	2	0	249	2008	5656
1674	1	2	0	268	2005	0
1675	1	0	0	0	0	0
1676	1	1	88	254	2009	10220
1677	1	1	87	251	0	10080
1678	2	2	0	268	2005	10159
1679	1	1	0	254	0	10424
1680	1	1	86	254	2007	9944
1681	1	2	0	288	2007	10485
1682	1	1	87	339	2009	9847
1683	2	0	0	328	2004	5446
1684	1	1	0	252	0	10379
1685	1	1	0	251	2006	10402
1686	1	1	0	249	2007	10510
1687	1	2	0	268	2008	26284
1688	1	2	88	339	0	51306
1689	1	2	0	260	2007	10391
1690	1	1	0	330	2006	26557
1691	1	1	86	286	0	10767
1692	1	1	0	256	2006	0
1693	1	2	87	251	2009	10486
1694	1	1	0	249	2005	10334
1695	1	2	88	268	2009	10379
1696	2	2	0	268	2005	26774
1697	1	1	88	339	2008	10461
1698	1	2	87	308	0	10169
1699	1	2	0	334	2007	26458
1700	1	1	88	253	2006	26618
1701	1	2	0	308	2007	10427
1702	2	2	99	254	2005	10154
1703	5	2	0	261	2005	0
1704	1	1	88	249	2007	10617
1705	1	2	88	339	2004	10427
1706	1	2	0	339	2006	11288
1707	1	1	86	249	2009	26736
1708	1	2	0	261	2008	53837
1709	1	1	89	252	2008	55144
1710	4	2	0	0	0	19013
1711	1	1	0	273	2009	0
1712	1	2	0	262	2006	0
1713	1	1	89	307	2005	0
1714	1	2	88	252	2009	0
1715	1	2	0	251	2007	10510
1716	1	2	88	254	0	10599
1717	1	2	0	331	2006	51580
1718	1	2	97	339	2007	26325
1719	2	1	107	0	0	10608
1720	1	2	0	339	2007	11144
1721	1	2	0	250	2009	26770
1722	2	2	0	254	0	10574
1723	2	1	0	251	2005	10545
1724	1	2	0	339	2006	26593
1725	1	2	91	339	2007	9880
1726	1	2	0	260	0	0
1727	1	2	92	269	0	0
1728	1	0	0	0	0	2433
1729	2	2	0	262	1996	11326
1730	1	2	0	269	0	10575
1731	1	2	87	273	2007	0
1732	2	1	0	268	2005	52756
1733	1	1	110	265	2008	10214
1734	1	2	88	268	2009	51580
1735	1	2	0	260	2007	10085
1736	1	2	88	261	2008	10212
1737	1	1	88	273	0	0
1738	1	2	87	268	2008	10247
1739	1	1	88	286	2009	6097
1740	1	2	0	339	0	10122
1741	1	2	88	308	2008	26408
1742	1	2	0	254	2007	9944
1743	1	2	88	253	2008	10176
1744	1	1	0	250	0	10300
1745	1	0	0	255	0	10682
1746	1	2	0	261	2008	9902
1747	1	2	0	339	2006	50823
1748	1	0	0	0	0	0
1749	1	2	0	339	2008	11095
1750	1	2	88	339	2007	0
1751	1	2	88	339	2009	10621
1752	1	2	87	268	2009	10285
1753	1	2	92	339	0	10479
1754	2	2	0	251	2005	26666
1755	1	2	86	269	2008	10070
1756	1	2	0	254	0	26403
1757	1	2	94	253	2006	10541
1758	1	1	88	251	2005	20684
1759	1	2	88	339	2006	6383
1760	1	2	0	0	0	2702
1761	2	2	0	254	2005	10457
1762	1	2	86	252	2005	0
1763	1	2	0	262	0	10499
1764	1	2	86	252	2009	0
1765	1	2	0	273	0	0
1766	1	2	88	261	2009	10685
1767	1	1	0	251	2007	9913
1768	1	1	87	320	0	0
1769	1	2	93	251	2007	10113
1770	2	2	0	251	2000	10180
1771	1	1	89	306	2007	10339
1772	1	1	0	249	2007	10274
1773	1	0	0	0	0	9975
1774	1	2	88	262	2008	10455
1775	1	2	0	339	2008	10339
1776	1	1	0	339	2006	10029
1777	1	2	0	255	0	10379
1778	1	0	0	0	0	0
1779	1	1	87	249	2006	26488
1780	1	0	0	0	0	0
1781	5	0	0	0	0	0
1782	1	2	0	339	2006	26502
1783	1	2	0	0	2004	9905
1784	1	2	92	254	2007	26381
1785	1	2	0	251	2005	0
1786	1	1	0	267	2006	10108
1787	2	2	92	268	2005	26378
1788	1	2	86	0	2004	10101
1789	2	2	0	254	2004	9822
1790	1	2	0	254	2007	10111
1791	1	2	0	339	2006	9915
1792	2	0	89	253	0	0
1793	1	2	88	286	2009	2443
1794	1	2	0	339	2008	5933
1795	1	2	88	339	2009	26269
1796	1	2	0	252	2007	11010
1797	1	2	87	260	2009	10455
1798	1	0	0	328	2006	10439
1799	1	2	88	273	2005	10569
1800	1	1	0	251	2006	10488
1801	2	2	87	268	2005	26622
1802	1	2	88	260	2007	10437
1803	1	2	0	339	2005	0
1804	1	1	88	286	2007	10479
1805	1	2	89	253	2008	26451
1806	1	2	88	273	2009	9821
1807	1	2	0	339	2008	6051
1808	2	2	0	263	2004	10306
1809	1	2	87	275	2009	10010
1810	1	1	88	251	2005	26767
1811	1	2	88	0	0	10726
1812	1	1	105	254	2005	57927
1813	1	1	0	266	2007	10427
1814	1	2	86	268	2009	10943
1815	1	2	88	288	2008	10281
1816	1	2	88	268	2007	0
1817	1	2	99	339	0	9866
1818	1	2	89	339	2006	0
1819	1	2	87	308	2009	51657
1820	1	2	0	253	2006	50131
1821	1	1	107	256	2006	9890
1822	2	2	0	320	2004	10274
1823	1	2	86	254	2007	26272
1824	1	1	0	252	2007	10108
1825	1	2	95	269	2006	0
1826	1	2	0	339	0	0
1827	1	2	87	339	2008	9894
1828	1	2	0	247	2006	10681
1829	5	2	89	262	2005	9890
1830	1	2	0	339	2005	26637
1831	1	2	87	339	2008	10475
1832	1	0	0	303	2005	0
1833	1	2	86	268	2008	10377
1834	1	0	0	0	0	0
1835	1	1	88	273	0	10154
1836	1	1	88	251	2008	9894
1837	2	1	108	250	2005	10433
1838	1	2	0	339	0	10169
1839	1	0	0	0	0	0
1840	1	2	0	254	2006	10462
1841	1	2	0	254	2008	0
1842	1	2	0	251	0	10226
1843	2	1	110	0	0	17478
1844	1	1	88	254	2008	10202
1845	1	2	0	250	2008	10300
1846	1	2	88	339	0	0
1847	1	2	103	268	2005	26334
1848	1	2	87	252	2008	10424
1849	1	1	89	251	2008	9875
1850	1	2	87	330	2009	9866
1851	5	2	0	262	2005	51306
1852	1	1	0	256	2007	26575
1853	1	1	88	250	0	9894
1854	1	2	0	268	2006	10182
1855	1	2	0	275	2009	10274
1856	1	0	0	0	0	0
1857	5	2	0	339	2006	10943
1858	1	2	88	339	2008	10330
1859	2	2	0	339	0	51219
1860	1	2	0	339	0	9871
1861	1	2	0	334	2008	10608
1862	1	2	90	268	2007	10416
1863	1	1	0	251	2009	9847
1864	1	2	87	339	2005	10186
1865	1	2	87	306	0	10569
1866	1	2	0	339	2006	10173
1867	1	2	0	254	2006	10109
1868	1	2	88	339	2007	9820
1869	1	1	0	308	2005	10341
1870	1	2	0	273	2008	9837
1871	2	2	88	339	2005	10663
1872	1	2	87	254	0	10270
1873	1	2	88	252	2008	10164
1874	1	1	0	254	2008	26715
1875	1	2	90	339	2007	10893
1876	2	1	0	278	0	10391
1877	5	0	0	0	0	0
1878	1	1	88	250	2008	10270
1879	1	1	89	268	2007	52352
1880	1	1	87	0	0	10173
1881	1	1	88	339	2007	10583
1882	2	2	0	252	2004	9830
1883	1	2	0	252	2007	51306
1884	2	2	0	260	2005	10710
1885	1	1	0	0	0	10339
1886	1	1	0	249	2007	10226
1887	1	2	0	268	2008	10157
1888	5	1	0	283	0	10748
1889	1	1	0	249	2006	10286
1890	1	1	87	339	2009	10189
1891	1	0	89	268	2005	50278
1892	1	1	88	250	0	10744
1893	1	1	88	325	2009	55177
1894	1	2	88	339	2008	0
1895	2	2	0	254	2004	10160
1896	1	2	0	267	2008	26747
1897	1	2	100	339	2006	10177
1898	1	2	87	337	2010	26334
1899	1	2	88	0	0	0
1900	1	2	0	275	0	58058
1901	2	1	0	328	2005	50230
1902	2	2	0	252	2005	26709
1903	1	2	87	250	2009	10500
1904	1	2	88	339	2009	50668
1905	1	2	88	260	2006	9917
1906	1	2	87	262	2006	10854
1907	1	2	87	254	2008	53033
1908	1	1	87	252	0	0
1909	1	2	0	258	2005	10306
1910	1	0	0	0	0	0
1911	2	2	0	251	2005	9950
1912	1	1	0	308	2006	26349
1913	1	1	89	250	2006	51306
1914	1	2	0	261	2008	9939
1915	1	0	97	249	0	50882
1916	1	2	0	339	0	11123
1917	2	2	0	339	2005	5905
1918	1	2	0	249	2006	26360
1919	1	2	89	251	2006	26557
1920	2	1	110	254	2004	26622
1921	1	1	0	339	2007	50110
1922	1	2	87	339	2008	9944
1923	1	1	0	328	2006	9913
1924	1	1	0	252	2007	10680
1925	1	2	0	260	2006	54465
1926	1	1	0	240	2008	10625
1927	1	2	0	249	2008	10274
1928	1	2	99	275	2006	10154
1929	1	2	102	339	2006	19198
1930	1	2	0	268	0	10386
1931	1	2	87	260	2008	10342
1932	1	1	0	0	0	9913
1933	1	2	0	268	2006	10893
1934	1	1	88	249	2009	10343
1935	1	2	87	260	2007	10854
1936	1	2	0	268	2005	9913
1937	1	2	86	261	2009	10479
1938	1	2	88	254	2008	11206
1939	1	2	0	262	2007	9831
1940	1	2	0	339	2006	52033
1941	1	2	86	278	2006	9953
1942	1	2	0	252	0	539
1943	1	2	0	260	2005	10226
1944	1	2	88	273	2009	10485
1945	1	2	113	339	2007	10334
1946	1	2	0	268	2007	19945
1947	1	1	0	278	0	10523
1948	1	2	88	331	2009	26519
1949	1	2	0	339	2005	0
1950	1	2	88	249	2009	26403
1951	1	2	86	254	0	10162
1952	1	2	88	275	2008	10698
1953	5	2	0	268	2006	10266
1954	1	2	88	308	2007	10029
1955	1	2	0	339	2008	51907
1956	1	2	88	339	2005	0
1957	1	1	0	251	2009	10343
1958	1	2	102	339	2005	9842
1959	1	2	0	339	2007	26407
1960	1	2	92	339	0	10644
1961	1	2	0	339	2007	26491
1962	1	2	0	253	0	0
1963	1	1	109	251	2006	10471
1964	1	1	0	251	0	0
1965	1	0	0	0	0	0
1966	1	2	0	330	2005	10061
1967	1	2	88	268	2008	56893
1968	1	2	0	251	2005	10226
1969	1	1	0	251	0	10160
1970	1	1	0	325	2006	9913
1971	1	2	90	251	2005	50510
1972	1	2	0	268	2006	10175
1973	1	2	87	252	2009	10215
1974	1	1	0	339	2006	26715
1975	1	2	0	251	2008	9913
1976	1	2	0	339	2007	10479
1977	1	1	105	306	0	0
1978	1	2	86	254	2006	10158
1979	1	2	0	339	2005	51580
1980	1	2	0	251	2006	10825
1981	1	2	87	252	2005	6247
1982	1	2	88	262	2009	26422
1983	1	2	0	306	2007	10574
1984	2	2	0	254	2005	0
1985	2	2	0	268	2005	50190
1986	1	1	108	249	2006	10388
1987	1	2	0	275	2008	51006
1988	5	2	0	339	2005	0
1989	2	2	0	275	2004	10589
1990	1	2	0	250	2008	11157
1991	1	1	0	250	0	26354
1992	2	1	0	328	2005	9913
1993	1	2	93	339	2008	9822
1994	1	1	89	268	2005	0
1995	1	1	87	250	2008	10108
1996	1	1	0	249	2006	10416
1997	1	2	88	339	2009	10173
1998	1	2	0	251	2009	10061
1999	1	2	87	273	2004	9949
2000	1	1	0	339	2006	9822
2001	1	2	0	251	2008	10788
2002	1	2	0	339	2008	26677
2003	1	2	90	251	2006	10402
2004	1	2	0	260	2007	26651
2005	1	1	0	252	2006	10625
2006	1	2	0	0	0	9944
2007	2	1	0	253	2005	10759
2008	1	2	86	261	2008	9848
2009	1	1	0	249	0	9913
2010	1	1	87	252	2007	0
2011	1	2	90	339	2007	26687
2012	1	2	0	306	2008	10524
2013	1	2	0	254	2006	9845
2014	1	2	88	252	2008	55116
2015	1	2	0	251	2005	10492
2016	1	2	0	339	2008	10428
2017	1	2	87	268	2009	19853
2018	1	2	86	262	2009	10070
2019	2	2	0	268	2002	9822
2020	1	2	0	339	2006	11342
2021	1	2	88	339	2009	10608
2022	1	2	0	334	2006	10392
2023	1	1	0	251	2006	9814
2024	1	1	0	249	0	55314
2025	2	1	0	249	2005	21022
2026	1	2	0	260	2008	10763
2027	1	2	88	260	2009	10374
2028	1	0	0	0	0	0
2029	1	2	86	339	2008	10248
2030	2	2	0	262	2004	10226
2031	1	1	0	286	2005	26592
2032	2	2	0	269	2005	0
2033	1	1	0	249	2007	10416
2034	1	2	87	250	2007	10154
2035	1	2	0	339	2008	51306
2036	1	1	88	308	2009	10659
2037	1	1	0	251	2006	10575
2038	1	2	0	269	0	10596
2039	1	1	105	339	2006	9978
2040	2	1	0	328	2004	10343
2041	1	2	0	268	2008	10043
2042	1	1	0	251	0	0
2043	1	2	88	262	2007	10333
2044	1	2	87	339	0	9937
2045	1	2	0	260	0	50854
2046	2	1	0	316	2004	10215
2047	1	2	102	252	2008	55247
2048	1	2	0	0	0	10274
2049	1	2	0	275	2006	26713
2050	1	2	0	252	2007	10563
2051	1	1	0	328	2007	10061
2052	1	2	0	268	0	10637
2053	4	2	88	254	0	52645
2054	1	2	87	254	2008	0
2055	1	2	87	252	2008	10247
2056	1	2	0	339	2006	26585
2057	1	2	0	254	0	10653
2058	1	2	0	339	0	55812
2059	1	2	0	268	2006	10865
2060	1	1	87	273	2009	53837
2061	1	1	0	278	2007	0
2062	1	2	88	268	2006	10433
2063	1	2	0	251	2007	10061
2064	1	2	88	262	0	9849
2065	1	1	88	251	2007	11372
2066	1	0	0	0	0	0
2067	2	0	0	250	0	10468
2068	1	2	0	254	2007	10178
2069	1	2	86	251	2007	10286
2070	1	2	0	339	2007	9960
2071	1	2	0	339	2006	26266
2072	1	2	0	262	2008	10226
2073	2	2	0	262	2005	581
2074	1	2	0	339	2008	10596
2075	1	2	86	249	2010	58825
2076	1	2	0	254	2008	10786
2077	1	2	0	249	2009	10306
2078	2	2	0	328	2004	10300
2079	2	2	0	250	2005	0
2080	1	2	87	339	2009	10432
2081	1	0	0	0	0	0
2082	1	1	0	249	2009	10274
2083	1	2	88	339	2007	9911
2084	1	0	0	0	0	0
2085	1	2	0	268	2005	26622
2086	1	2	99	254	2006	9944
2087	1	2	0	339	0	0
2088	1	2	0	328	2005	55247
2089	1	2	0	339	2007	10483
2090	2	2	0	252	0	10300
2091	1	2	88	339	2009	0
2092	1	0	0	0	0	0
2093	1	2	0	253	2006	10657
2094	1	2	87	339	2008	10543
2095	1	1	0	273	2009	55314
2096	1	2	87	262	2009	10204
2097	1	2	0	261	2006	5834
2098	1	2	0	262	2007	9909
2099	1	2	87	273	2009	10663
2100	5	2	0	278	2005	10177
2101	2	2	94	262	0	10407
2102	1	2	88	248	0	24025
2103	1	1	0	249	0	10402
2104	2	2	0	339	2004	0
2105	1	2	87	320	2009	9937
2106	1	2	87	252	2007	10870
2107	1	1	86	306	2009	10189
2108	2	1	0	254	2005	10189
2109	1	2	88	262	2009	10334
2110	2	0	0	0	0	0
2111	1	2	0	251	2007	2418
2112	1	2	0	268	2007	10326
2113	1	2	88	339	2009	9977
2114	2	1	0	251	2005	10463
2115	1	2	89	307	2007	11019
2116	1	0	0	0	0	0
2117	1	1	88	260	2009	0
2118	1	2	0	251	2006	10392
2119	1	2	0	250	2008	0
2120	1	2	0	339	2009	10764
2121	1	2	0	328	0	9867
2122	1	1	88	278	2009	0
2123	1	2	88	339	2009	11115
2124	2	1	107	278	2004	10279
2125	1	2	87	254	0	26269
2126	1	2	0	249	2009	0
2127	1	2	0	268	2006	10379
2128	1	1	106	325	2007	51557
2129	1	2	0	252	2006	10610
2130	1	1	108	251	2008	0
2131	5	2	0	260	2005	9925
2132	1	1	104	275	2005	10236
2133	2	2	94	262	2005	9894
2134	1	1	0	249	0	10124
2135	1	2	88	306	2008	10192
2136	1	2	88	306	2008	10621
2137	1	2	0	254	2006	10487
2138	1	2	88	339	0	11123
2139	1	2	0	339	2006	4213
2140	1	1	0	339	0	0
2141	1	2	87	337	2007	10314
2142	2	0	0	0	0	0
2143	1	2	87	306	0	0
2144	1	2	88	339	0	10510
2145	1	2	0	339	2007	10088
2146	1	2	0	254	2006	0
2147	2	2	0	292	2005	10509
2148	1	1	0	250	2007	4377
2149	1	2	0	268	0	26402
2150	1	2	0	339	2008	10197
2151	1	2	0	268	2007	6537
2152	1	2	86	262	2009	10376
2153	1	2	86	251	2009	26406
2154	1	2	0	254	2006	26407
2155	1	2	0	254	2007	10200
2156	1	2	112	254	0	9881
2157	1	2	92	339	2007	10625
2158	1	2	88	262	2008	5503
2159	1	2	0	254	2007	10775
2160	1	2	88	252	2008	10428
2161	1	2	0	339	2006	26269
2162	1	2	0	339	2007	50325
2163	1	2	89	339	2008	10427
2164	1	1	0	252	2007	9849
2165	1	2	88	254	2008	26407
2166	1	2	87	339	2009	51012
2167	1	1	0	325	2006	11186
2168	1	2	0	320	2008	10990
2169	1	1	109	251	2007	26403
2170	1	2	0	253	2007	10215
2171	2	0	0	0	0	0
2172	1	0	0	0	0	0
2173	1	2	0	328	2006	10422
2174	1	2	88	339	2009	9831
2175	1	2	0	260	2009	10427
2176	1	2	0	260	2006	5741
2177	1	2	0	254	2008	26312
2178	1	2	88	262	2008	10524
2179	1	2	86	248	2007	10788
2180	1	2	87	273	2009	11172
2181	1	2	0	339	2008	10656
2182	1	2	86	261	2007	10615
2183	2	2	0	237	2004	10274
2184	1	1	87	256	2007	10202
2185	1	1	105	249	2008	10608
2186	1	2	0	339	0	11367
2187	1	2	98	339	2006	9929
2188	3	2	0	250	0	10937
2189	1	1	86	278	2008	10094
2190	1	2	88	307	0	6068
2191	1	1	88	302	2009	10340
2192	1	0	0	0	0	0
2193	1	2	86	268	2009	11280
2194	1	2	87	339	2009	10173
2195	1	2	87	306	2009	9877
2196	1	2	87	262	2008	51808
2197	1	2	88	260	2009	6408
2198	1	0	0	0	0	0
2199	1	2	87	249	2005	10274
2200	1	2	0	251	2007	10223
2201	1	2	0	306	2007	10333
2202	1	1	88	240	2009	10109
2203	2	2	96	263	2004	10180
2204	1	2	0	0	0	10079
2205	1	2	97	251	2006	10468
2206	1	2	0	252	2008	10334
2207	1	2	88	275	2008	10517
2208	1	2	88	339	2008	50657
2209	1	1	0	251	2008	10334
2210	1	2	87	339	2008	51372
2211	1	2	87	339	2008	9955
2212	1	2	87	339	2007	26408
2213	1	2	0	268	2009	11336
2214	2	2	0	251	2005	9894
2215	1	2	0	261	2006	24206
2216	1	1	88	250	2005	9913
2217	2	2	103	254	2004	4099
2218	1	2	93	251	2006	26406
2219	1	2	0	282	0	10226
2220	1	2	93	273	2007	9894
2221	1	0	0	254	0	0
2222	1	2	0	268	2008	0
2223	1	1	88	278	2009	10546
2224	2	2	0	254	2005	10499
2225	1	2	86	273	0	58825
2226	1	2	0	262	2005	10583
2227	1	2	87	260	2005	26747
2228	1	1	105	253	0	10197
2229	1	2	0	268	0	10497
2230	1	2	87	331	2009	9822
2231	1	2	88	260	2008	10264
2232	1	1	0	0	0	10689
2233	1	1	89	251	2007	0
2234	1	1	0	328	2005	0
2235	2	2	93	251	2005	26422
2236	1	2	0	316	0	0
2237	1	1	88	249	2008	10341
2238	1	2	0	260	2008	10722
2239	1	2	90	339	2006	10275
2240	1	2	0	339	2005	26782
2241	1	2	0	260	2008	5206
2242	1	1	0	330	2005	9913
2243	1	2	88	339	2008	9912
2244	1	2	0	252	2008	9842
2245	1	2	86	252	0	10130
2246	1	1	88	251	0	10585
2247	1	2	87	262	2009	10452
2248	1	2	101	339	2007	10969
2249	1	1	87	278	2007	26716
2250	1	2	0	286	2007	10524
2251	1	2	0	339	2006	11263
2252	1	2	0	339	2004	10568
2253	1	2	90	339	2006	558
2254	1	2	87	339	2009	9910
2255	1	2	0	268	2006	5948
2256	1	1	109	251	2005	10428
2257	1	0	0	0	0	0
2258	1	2	0	254	2006	11270
2259	1	2	88	339	2009	50379
2260	1	2	0	339	2009	10663
2261	1	2	0	328	2005	10993
2262	1	2	88	268	2009	11172
2263	1	2	94	273	2006	26673
2264	1	1	109	254	0	10659
2265	1	2	0	270	2006	9913
2266	1	2	0	254	0	11326
2267	1	2	0	339	2005	6008
2268	1	1	0	251	2008	10274
2269	1	1	0	249	2007	10292
2270	1	2	86	261	2006	0
2271	1	0	0	0	0	0
2272	1	2	87	339	0	10599
2273	1	2	87	273	0	10623
2274	1	2	87	339	2009	6332
2275	1	2	88	328	2006	10029
2276	1	0	0	0	0	0
2277	1	2	87	260	0	5246
2278	1	2	88	262	2009	10717
2279	1	1	0	254	2007	11186
2280	1	2	86	273	2004	10360
2281	1	2	88	339	2008	9894
2282	1	2	0	0	0	10298
2283	1	2	87	252	2007	10286
2284	2	2	0	268	2005	10509
2285	1	0	0	0	0	0
2286	5	2	94	289	2006	50190
2287	1	1	88	253	2008	51306
2288	1	2	0	251	2004	10402
2289	5	2	0	339	2003	10090
2290	1	2	93	339	2006	10285
2291	1	1	107	330	2005	9894
2292	1	1	86	251	2008	9929
2293	1	2	86	262	2008	10685
2294	2	2	0	339	2005	10428
2295	1	2	87	339	0	10563
2296	1	2	88	306	2007	10158
2297	2	1	89	250	0	52528
2298	1	1	0	250	2006	10360
2299	1	2	88	250	2008	10341
2300	2	1	0	339	2004	50668
2301	1	2	86	339	2009	50956
2302	1	2	88	294	2007	3749
2303	1	2	0	339	2006	26726
2304	1	2	87	339	2009	10360
2305	2	2	0	339	2005	10705
2306	1	2	87	268	2008	26425
2307	1	2	0	339	2006	10402
2308	1	2	0	339	0	10070
2309	1	2	87	254	2008	50882
2310	1	1	88	251	0	10740
2311	1	2	86	251	2009	0
2312	1	2	0	306	2006	10270
2313	1	2	0	237	2007	10391
2314	1	1	0	254	2006	10303
2315	1	2	93	339	2007	11083
2316	1	2	88	339	2008	10341
2317	1	0	0	0	0	0
2318	1	1	0	328	2007	6396
2319	1	1	106	252	2008	10922
2320	2	1	0	0	0	10402
2321	1	2	0	260	0	9914
2322	1	1	86	250	2008	9877
2323	1	2	99	334	2006	10280
2324	1	2	0	254	0	10440
2325	2	2	93	254	2004	9875
2326	2	2	0	337	0	0
2327	1	2	87	331	2009	0
2328	1	2	0	251	0	51580
2329	1	2	0	252	2006	10175
2330	1	2	0	286	2006	10335
2331	1	2	0	339	0	0
2332	1	2	0	254	2005	10377
2333	1	2	88	337	2009	6035
2334	1	2	86	339	2008	11087
2335	1	2	0	339	2006	10918
2336	1	1	0	254	0	26663
2337	1	2	87	273	2009	26517
2338	1	1	89	339	2006	10692
2339	1	2	88	268	2008	10220
2340	1	2	88	268	2009	10334
2341	1	2	88	286	0	26597
2342	2	2	0	339	2004	10416
2343	1	2	0	339	0	10560
2344	1	1	0	275	0	10226
2345	1	2	86	339	2008	26557
2346	1	2	0	254	2008	10103
2347	2	0	0	0	0	0
2348	1	1	108	339	2005	10154
2349	1	2	0	273	2005	10608
2350	1	2	88	262	0	0
2351	5	1	0	286	2006	6090
2352	1	2	0	306	2006	10644
2353	1	2	87	268	2009	10212
2354	1	2	0	262	0	50588
2355	1	1	88	252	2008	10692
2356	1	1	86	328	2008	10497
2357	2	1	0	308	2005	10610
2358	1	1	0	278	2006	9975
2359	1	2	0	339	2007	9967
2360	1	2	87	306	2009	0
2361	1	2	0	339	0	10625
2362	1	1	0	251	2005	10226
2363	1	1	0	260	2008	50882
2364	1	2	93	278	0	26517
2365	1	2	88	273	2009	0
2366	1	2	89	261	2007	26595
2367	1	2	0	250	2007	26407
2368	1	2	0	278	0	0
2369	1	2	0	268	2005	9880
2370	1	2	0	339	2008	52856
2371	1	2	87	254	2008	585
2372	1	2	0	268	2005	11379
2373	1	1	0	249	2008	10402
2374	1	0	0	0	0	0
2375	1	2	0	0	0	9845
2376	1	2	88	339	2007	10664
2377	2	1	106	251	2004	9913
2378	1	2	87	339	2008	50661
2379	2	1	0	240	2004	9960
2380	1	1	87	339	2006	10463
2381	1	2	0	236	0	10212
2382	1	1	88	253	2009	0
2383	1	2	0	269	2005	5652
2384	2	0	0	0	0	0
2385	1	2	0	251	2008	10274
2386	1	2	0	339	2007	10169
2387	1	2	0	254	2008	0
2388	2	2	0	339	2005	10744
2389	1	2	0	339	2005	10300
2390	1	2	88	262	2004	10369
2391	1	2	89	339	2007	5960
2392	1	2	88	268	2005	10678
2393	1	2	0	339	2005	10084
2394	1	2	0	339	2008	10077
2395	1	2	87	268	2009	0
2396	2	1	109	312	2004	10160
2397	1	0	0	0	0	0
2398	1	2	88	252	0	19051
2399	1	2	88	339	2006	26349
2400	1	2	0	254	2005	9918
2401	1	0	0	0	0	0
2402	1	2	0	267	2008	10501
2403	1	0	105	0	0	0
2404	1	2	88	252	2009	10416
2405	1	2	0	252	2006	9894
2406	1	2	88	268	2008	26663
2407	1	2	88	308	2007	58733
2408	1	2	86	268	0	10314
2409	1	2	0	339	2007	10432
2410	1	2	87	252	2009	6579
2411	2	1	0	328	2005	5887
2412	1	2	88	339	2009	10697
2413	1	2	93	306	2007	52780
2414	1	2	88	273	2009	10346
2415	1	2	0	0	2007	10474
2416	1	2	88	262	2008	10435
2417	1	2	93	254	2008	50882
2418	1	1	88	268	2009	10160
2419	1	2	88	0	2009	10510
2420	1	2	0	306	2006	10523
2421	1	1	86	339	2005	9822
2422	1	2	0	307	2006	26414
2423	1	1	89	249	2008	57239
2424	1	2	0	339	2008	10369
2425	1	2	0	308	2006	10274
2426	1	2	0	339	2007	10657
2427	2	2	0	254	2004	10266
2428	1	2	113	268	0	51784
2429	1	2	93	251	2005	26295
2430	1	2	87	339	2009	6050
2431	1	2	88	254	2008	10625
2432	1	2	87	252	2009	10292
2433	1	2	88	268	2009	10775
2434	1	2	0	268	0	0
2435	1	2	0	251	0	10306
2436	1	1	88	278	0	26361
2437	1	2	94	260	2006	0
2438	1	2	88	339	2008	10709
2439	1	1	88	273	2009	58825
2440	2	2	0	339	2004	10391
2441	1	2	0	261	2008	10247
2442	1	2	89	288	2009	10376
2443	1	2	87	339	2009	26567
2444	1	1	0	251	0	10510
2445	1	2	88	339	2009	10164
2446	1	2	88	254	2008	9917
2447	1	2	87	262	2008	26622
2448	2	2	0	260	2005	9976
2449	1	2	87	339	2009	53535
2450	2	2	0	260	2005	10372
2451	1	2	88	263	2009	10343
2452	1	2	88	251	0	0
2453	1	2	0	339	2007	10341
2454	1	1	108	254	2006	10178
2455	1	2	0	254	2008	10279
2456	1	2	0	0	0	50053
2457	2	1	0	250	0	51191
2458	1	2	0	339	2005	10274
2459	1	1	0	325	2007	9934
2460	1	2	0	260	2008	11050
2461	1	2	88	268	2007	0
2462	1	2	87	268	2007	26406
2463	1	1	0	249	2009	10226
2464	1	2	87	289	2005	0
2465	2	2	0	268	2005	26338
2466	1	2	87	339	2008	10685
2467	2	1	0	286	2005	7697
2468	1	2	89	251	2006	10591
2469	1	2	0	260	2006	0
2470	1	2	88	339	2009	10377
2471	1	2	87	252	2009	10599
2472	1	2	0	275	2005	5486
2473	1	1	0	251	2009	10226
2474	2	1	0	252	2005	10887
2475	2	2	0	251	2005	10596
2476	2	2	0	339	2004	9814
2477	2	1	106	288	2005	9939
2478	2	2	0	252	2005	55106
2479	1	2	0	339	2007	26726
2480	1	2	0	251	2007	10180
2481	1	2	0	241	2007	10499
2482	5	2	0	290	2005	10279
2483	1	2	0	269	2008	9865
2484	1	2	0	268	2007	9944
2485	1	2	88	331	2009	50710
2486	1	0	0	0	0	0
2487	1	2	88	339	0	0
2488	1	2	87	273	2009	10543
2489	1	2	86	339	0	10509
2490	5	1	0	339	0	10910
2491	1	1	107	254	2005	9855
2492	1	1	87	250	2007	9939
2493	1	2	0	260	0	10692
2494	1	2	0	262	2006	10417
2495	2	2	0	262	2005	10372
2496	1	1	106	251	2006	26408
2497	2	2	0	252	2005	10241
2498	1	2	0	339	0	10189
2499	1	0	0	0	0	0
2500	5	1	0	289	2006	10455
2501	1	1	0	253	2007	10524
2502	2	1	0	308	2004	10615
2503	1	2	88	254	2008	26264
2504	2	1	0	254	2004	9911
2505	1	0	87	268	0	26420
2506	2	2	92	240	0	10182
2507	2	1	0	0	0	10213
2508	1	2	0	254	0	9865
2509	1	1	0	339	0	11175
2510	1	1	86	249	2009	10932
2511	2	1	106	249	2004	9868
2512	1	1	0	278	0	19659
2513	1	2	89	261	2005	10468
2514	1	1	0	308	0	26673
2515	1	2	87	252	2008	10733
2516	2	1	0	252	2005	10628
2517	1	2	86	273	0	10279
2518	1	2	86	339	2009	10011
2519	1	1	87	250	2008	11205
2520	1	2	0	251	2008	26265
2521	1	1	87	250	2007	10468
2522	1	2	86	268	2009	10664
2523	1	0	0	0	0	0
2524	1	2	88	252	2009	9951
2525	1	2	0	268	2006	10535
2526	1	2	0	0	2005	0
2527	1	1	0	339	2006	10029
2528	1	2	88	254	0	10308
2529	1	2	0	339	2005	26497
2530	1	2	88	255	2008	10427
2531	1	1	86	249	0	50982
2532	1	2	99	268	2006	9865
2533	1	2	89	0	0	10298
2534	1	0	0	0	0	0
2535	1	2	89	242	0	10478
2536	1	1	88	339	2006	10608
2537	1	2	0	254	2006	50432
2538	1	2	88	251	2009	58825
2539	4	2	0	0	0	9927
2540	1	2	86	262	2009	10608
2541	1	2	88	251	2008	10275
2542	1	2	88	252	2007	10270
2543	1	1	88	339	2008	10845
2544	1	0	0	0	0	0
2545	1	2	95	286	2008	25380
2546	2	1	0	268	2005	10181
2547	1	2	86	339	2009	10685
2548	1	1	0	0	0	9845
2549	1	2	88	268	2009	10726
2550	2	2	93	251	2005	10466
2551	1	2	0	262	2008	10134
2552	1	2	99	275	2007	10079
2553	1	1	0	251	2006	9913
2554	1	2	0	250	2007	26407
2555	1	2	87	273	2009	10345
2556	1	2	89	306	2006	10537
2557	1	2	88	339	2008	10244
2558	1	1	109	250	2006	10376
2559	1	2	0	260	2009	6111
2560	1	0	0	0	0	0
2561	1	2	0	339	2005	10439
2562	1	2	0	254	2007	0
2563	1	2	90	260	2006	10498
2564	1	2	0	268	2008	26336
2565	2	2	87	268	2005	10279
2566	1	2	87	252	2007	10157
2567	1	2	87	253	2008	26743
2568	1	0	0	251	2006	10598
2569	1	2	0	260	2008	10080
2570	1	2	99	268	2007	55375
2571	1	2	87	273	2005	0
2572	1	2	89	269	2008	10517
2573	1	2	88	273	2009	10206
2574	1	1	0	268	2007	10610
2575	1	2	0	262	2006	10248
2576	1	0	0	0	0	0
2577	1	2	90	339	2008	10178
2578	1	1	0	303	2008	10376
2579	1	0	0	0	0	0
2580	1	2	0	320	2006	9839
2581	2	1	0	250	2004	10402
2582	1	2	0	251	2007	10586
2583	1	2	0	0	2008	26403
2584	1	2	0	262	0	10147
2585	2	2	87	252	2004	0
2586	1	0	0	0	0	0
2587	1	2	90	338	2007	26492
2588	1	2	87	339	2007	26266
2589	1	2	0	339	2006	52756
2590	1	1	88	252	2008	50659
2591	1	2	89	263	2006	10428
2592	2	1	0	278	2005	10437
2593	2	2	0	268	0	0
2594	1	2	92	251	2007	10382
2595	1	2	88	250	2008	58825
2596	1	2	0	339	2006	26348
2597	1	2	88	339	2009	10428
2598	1	2	0	339	2005	10428
2599	2	1	0	251	2005	10339
2600	1	0	0	0	0	26402
2601	2	1	112	0	2004	0
2602	1	2	0	339	2008	11139
2603	1	2	0	254	0	10646
2604	1	1	0	339	2008	26584
2605	1	1	0	306	0	0
2606	1	1	0	325	2006	10471
2607	1	2	98	275	0	10103
2608	2	2	86	260	2004	10433
2609	1	2	88	339	0	10262
2610	1	2	88	308	0	10108
2611	1	0	0	0	0	0
2612	1	2	0	254	2007	10169
2613	1	2	0	339	2006	10208
2614	1	2	92	339	0	26407
2615	1	2	0	320	2007	0
2616	1	0	0	249	2007	5997
2617	1	2	88	250	2006	10487
2618	2	0	0	0	0	0
2619	1	2	93	253	2006	0
2620	1	2	0	275	2007	10402
2621	1	1	104	250	2008	10402
2622	1	2	0	339	2006	0
2623	1	2	88	262	2008	10519
2624	1	1	0	255	2005	10274
2625	1	1	87	250	0	6894
2626	2	2	0	268	2005	9831
2627	1	2	89	252	2009	10478
2628	1	1	88	254	2008	10279
2629	1	2	0	339	2007	26393
2630	1	2	0	254	2007	10102
2631	1	2	0	339	2006	10166
2632	1	1	0	251	2005	9913
2633	1	2	87	251	2009	50657
2634	2	0	0	251	2004	10274
2635	2	2	0	251	2005	0
2636	1	2	88	339	2009	50958
2637	1	2	0	339	2006	10884
2638	1	2	113	261	2008	50366
2639	1	1	107	252	2006	50668
2640	1	1	0	278	2006	5562
2641	1	2	0	252	2008	26653
2642	1	2	0	262	2006	10108
2643	1	0	0	0	0	0
2644	1	1	0	325	2007	10279
2645	1	2	86	339	2008	9956
2646	2	1	108	249	2005	10941
2647	1	1	0	330	2006	10497
2648	2	1	108	330	0	10497
2649	1	2	0	320	0	10893
2650	1	2	88	254	2009	10283
2651	1	2	0	339	2007	9830
2652	1	2	88	339	2008	9876
2653	1	2	86	260	0	51306
2654	1	1	0	251	0	10455
2655	1	2	88	260	2008	10535
2656	1	2	0	250	2007	9962
2657	4	2	0	0	0	7021
2658	2	1	0	249	2004	10343
2659	1	2	0	249	2009	10226
2660	1	2	88	339	2008	10757
2661	1	2	0	339	2006	10432
2662	1	2	0	252	2008	0
2663	2	0	107	254	2005	10134
2664	5	2	0	251	2005	55144
2665	1	2	0	260	2006	26743
2666	1	2	0	339	2007	6247
2667	1	2	102	278	2008	52781
2668	2	2	0	250	2005	9925
2669	1	0	0	0	0	0
2670	1	2	87	251	0	10191
2671	1	2	0	268	0	10200
2672	1	1	88	252	2009	557
2673	1	2	86	339	2009	0
2674	2	2	87	254	2005	0
2675	1	2	0	252	0	10290
2676	1	1	0	251	2009	10274
2677	1	2	0	254	2008	10872
2678	2	2	0	268	0	10525
2679	1	1	88	250	2008	10596
2680	1	2	0	306	2007	10589
2681	1	2	0	339	2007	10488
2682	1	1	88	307	0	9872
2683	1	2	0	339	2008	10340
2684	1	2	88	305	2009	10181
2685	1	0	0	0	0	0
2686	1	2	88	290	2008	9943
2687	2	1	0	328	2004	10274
2688	5	2	89	252	2006	26651
2689	1	2	0	251	0	11270
2690	1	2	87	260	0	10854
2691	1	2	0	250	2007	50823
2692	1	2	87	253	2008	10524
2693	1	2	87	255	2005	9813
2694	1	2	0	252	2007	26593
2695	1	2	100	278	0	10428
2696	1	2	86	339	0	10596
2697	1	2	0	254	2005	10297
2698	1	1	89	256	2006	9869
2699	1	2	87	252	2008	11288
2700	1	2	0	339	2006	50668
2701	1	2	0	268	2006	10803
2702	1	0	0	254	0	10457
2703	1	1	0	308	0	7114
2704	1	2	90	252	2007	10187
2705	1	2	89	260	2007	26743
2706	1	2	87	251	2008	0
2707	1	2	0	252	2006	9836
2708	1	2	88	260	2009	10184
2709	1	1	0	251	2008	10870
2710	1	2	86	339	2009	6247
2711	1	2	88	262	2007	10573
2712	1	1	0	260	2007	26544
2713	1	2	86	252	2009	10332
2714	1	2	0	252	2005	0
2715	1	2	87	275	2007	0
2716	1	2	89	339	0	10854
2717	1	0	0	0	0	0
2718	1	1	86	339	2008	10713
2719	1	2	88	260	0	9975
2720	2	1	110	0	0	50278
2721	1	2	86	261	2008	10685
2722	1	1	88	250	2008	50505
2723	1	2	88	273	2009	19384
2724	1	2	0	308	2008	10648
2725	1	2	0	339	2005	10292
2726	1	0	0	0	0	0
2727	1	2	0	339	2005	26402
2728	1	1	0	286	2006	15440
2729	2	2	92	252	2005	55247
2730	1	2	88	250	2009	10379
2731	1	2	0	249	2006	10226
2732	1	2	0	262	2006	10339
2733	1	2	0	254	2007	54742
2734	1	2	87	273	2009	9868
2735	1	2	0	248	2005	55247
2736	1	1	88	251	0	10274
2737	1	2	0	262	2007	9944
2738	1	2	88	268	2009	10175
2739	1	2	0	325	2006	10226
2740	1	1	105	339	2007	10381
2741	1	2	88	252	2005	0
2742	1	2	0	252	2007	10645
2743	1	2	100	250	2008	50823
2744	1	2	99	251	2005	10427
2745	3	2	0	309	0	0
2746	2	2	0	339	2005	10079
2747	1	1	88	253	0	10468
2748	1	1	88	249	2004	0
2749	1	1	0	251	2009	10273
2750	1	2	90	246	2007	10178
2751	1	2	86	268	0	10416
2752	1	2	0	251	2007	10562
2753	1	2	88	268	2009	10513
2754	1	2	0	251	2005	26408
2755	1	2	88	339	2009	26403
2756	1	2	87	269	2008	10506
2757	1	2	0	254	2006	10297
2758	1	2	87	262	2009	10531
2759	1	2	88	237	2009	10666
2760	1	1	0	339	0	11326
2761	1	2	88	273	2009	10656
2762	2	2	0	251	2005	9837
2763	1	2	86	268	2005	10108
2764	1	2	99	252	2009	10713
2765	2	2	0	254	2005	9876
2766	2	2	92	0	2005	6241
2767	1	2	87	339	2009	20662
2768	1	1	0	288	2005	10777
2769	1	1	0	251	0	9913
2770	1	2	88	269	2007	26736
2771	1	2	88	0	2008	10741
2772	1	2	88	268	2009	10471
2773	1	2	92	339	0	10522
2774	2	1	0	256	2005	26616
2775	1	1	87	240	2009	10570
2776	1	2	0	260	2007	10506
2777	1	2	0	339	0	10705
2778	1	1	0	339	2006	10080
2779	1	2	0	248	2005	0
2780	1	2	88	306	2007	26403
2781	1	1	0	328	2007	9913
2782	2	2	93	339	2005	9960
2783	1	2	0	0	2009	10376
2784	1	2	0	339	2009	10250
2785	1	2	88	254	2009	0
2786	1	1	0	0	2007	0
2787	2	2	0	339	2005	11367
2788	1	2	88	339	2009	26477
2789	1	2	88	339	2008	10744
2790	1	1	0	249	2006	10722
2791	1	1	89	268	2006	0
2792	1	2	0	339	2008	10928
2793	2	2	98	252	2003	10734
2794	1	2	88	254	2008	26406
2795	1	2	0	339	2006	9913
2796	1	2	0	251	2007	10562
2797	1	2	87	273	2009	10249
2798	1	2	0	269	2005	10226
2799	1	2	0	262	2008	50473
2800	1	2	88	261	2008	10452
2801	2	1	89	0	2005	0
2802	1	2	0	281	2008	10298
2803	2	1	111	328	2005	10274
2804	1	2	0	339	2008	26591
2805	1	2	0	339	2007	10620
2806	1	2	87	339	2008	10162
2807	1	1	0	251	0	10549
2808	1	2	88	254	2006	10575
2809	1	2	88	339	2008	10425
2810	1	2	0	339	2006	26747
2811	1	2	0	252	2008	10228
2812	1	2	0	284	2006	0
2813	1	2	87	339	2008	26778
2814	1	2	0	254	2008	10845
2815	1	2	87	260	0	10147
2816	1	2	0	262	2008	10134
2817	1	2	0	268	2008	26637
2818	1	1	88	339	2008	10755
2819	1	0	0	0	0	0
2820	1	2	0	252	2007	10575
2821	1	2	88	306	2007	10893
2822	1	2	88	255	2008	10306
2823	1	1	0	251	0	10200
2824	1	2	87	273	2009	9868
2825	1	2	98	262	0	26709
2826	1	1	0	251	2006	10274
2827	1	2	0	252	0	0
2828	1	2	88	339	2008	6097
2829	1	2	0	268	2007	10101
2830	1	2	88	339	2006	51306
2831	1	1	0	249	0	55314
2832	2	2	0	249	2005	10226
2833	1	2	88	268	2009	5980
2834	1	2	86	268	0	9977
2835	1	1	88	251	0	10343
2836	1	0	0	0	0	0
2837	1	2	0	251	0	10226
2838	1	2	0	251	0	10339
2839	1	2	0	237	2009	10636
2840	1	2	88	273	2009	10575
2841	2	1	0	339	2004	10300
2842	1	2	0	339	2006	10284
2843	1	2	0	339	2004	26696
2844	1	2	0	250	2008	55144
2845	1	2	0	339	2006	58058
2846	1	2	0	251	2009	10274
2847	1	2	90	336	2006	10202
2848	1	2	93	339	2007	50823
2849	1	1	110	328	2005	26614
2850	1	2	89	262	2005	10608
2851	1	2	0	268	0	10175
2852	1	2	88	339	2009	26269
2853	1	2	87	273	2009	26497
2854	2	0	0	0	0	0
2855	1	1	107	251	2006	10298
2856	1	2	87	339	2008	26614
2857	1	1	86	254	2006	10884
2858	1	2	88	251	2005	51941
2859	1	2	0	339	2008	10292
2860	1	1	0	0	0	10397
2861	1	2	88	273	2009	10513
2862	1	2	0	266	0	10250
2863	1	2	0	267	2008	10297
2864	1	2	0	251	2008	10333
2865	1	2	0	339	2007	11233
2866	1	1	0	249	2006	10339
2867	1	2	0	339	2006	10687
2868	1	1	104	249	2008	10156
2869	2	2	0	339	2004	10646
2870	1	1	0	339	2005	10432
2871	1	2	87	273	2009	9831
2872	1	0	0	0	0	0
2873	1	1	0	262	2005	0
2874	1	2	0	339	2009	9846
2875	1	0	0	0	0	0
2876	1	1	0	289	2007	10108
2877	1	1	87	306	2008	10492
2878	2	2	93	249	2005	10226
2879	1	2	87	260	2009	16883
2880	1	2	0	330	2007	10733
2881	1	2	0	339	2006	10180
2882	1	2	88	262	2006	10710
2883	1	1	88	254	0	10711
2884	1	2	86	250	2006	0
2885	1	2	88	268	2005	10517
2886	2	2	0	262	2005	26514
2887	1	2	88	268	2008	55144
2888	1	2	0	268	2008	10416
2889	1	2	88	339	0	10318
2890	1	2	0	339	0	10334
2891	1	2	88	263	2009	0
2892	1	2	88	252	2008	50668
2893	1	2	87	331	0	0
2894	1	2	0	240	2005	9822
2895	1	2	0	339	2007	10589
2896	1	2	87	262	2007	10266
2897	1	2	87	269	2007	10625
2898	1	2	0	331	2007	10948
2899	1	2	0	273	0	10537
2900	1	2	93	254	0	10666
2901	1	2	0	263	2006	10475
2902	1	2	0	262	2006	9837
2903	1	2	0	339	0	0
2904	1	2	86	339	2005	10247
2905	1	2	94	275	2008	10472
2906	1	1	104	339	0	11206
2907	1	2	0	306	2007	10583
2908	1	2	0	339	2007	10070
2909	1	1	0	308	2006	10479
2910	1	2	92	254	2008	26436
2911	1	2	0	254	2007	10678
2912	1	2	87	339	2008	9967
2913	1	2	88	252	2010	10443
2914	1	2	0	268	0	10608
2915	2	2	0	251	0	10455
2916	1	2	88	339	2007	10181
2917	1	2	0	289	2007	9894
2918	1	2	0	339	2005	10180
2919	1	1	86	0	0	52895
2920	1	1	0	268	2009	10307
2921	1	2	88	260	2007	10564
2922	1	1	0	278	2006	10177
2923	2	2	0	339	2005	10422
2924	1	2	89	254	2008	10206
2925	1	2	86	260	2008	10428
2926	1	2	0	250	2007	0
2927	1	2	0	339	2006	51762
2928	1	2	87	273	2005	26381
2929	1	2	88	268	2008	10755
2930	1	2	86	339	2010	0
2931	1	0	0	0	0	0
2932	1	1	0	339	2005	26265
2933	1	2	86	339	2008	10381
2934	1	2	0	339	2007	9862
2935	2	2	95	339	2004	6001
2936	1	1	86	249	2005	26439
2937	1	1	88	0	0	10186
2938	5	2	0	313	2006	0
2939	1	2	0	268	2006	0
2940	1	2	0	339	2007	10615
2941	1	1	0	248	2005	10198
2942	2	0	0	267	2004	10463
2943	1	2	97	316	2007	9992
2944	1	2	0	269	0	10274
2945	1	2	0	269	2006	10617
2946	1	2	0	252	2006	10475
2947	1	2	0	251	2005	50284
2948	5	2	0	254	2005	11210
2949	1	2	0	254	0	26593
2950	1	0	0	278	2007	10101
2951	1	2	89	339	2008	26378
2952	1	1	88	339	2009	10108
2953	1	2	0	268	2008	10363
2954	1	1	0	251	0	10252
2955	1	2	88	273	2008	54876
2956	1	2	88	262	2009	10641
2957	1	2	0	251	2005	0
2958	2	2	0	268	2005	10292
2959	1	1	106	251	2005	10562
2960	2	2	92	339	0	9821
2961	1	2	0	251	2006	10618
2962	1	1	86	330	2007	10122
2963	1	2	0	254	0	9890
2964	1	2	87	250	2009	26737
2965	1	2	0	328	2007	10180
2966	1	1	89	250	2008	9845
2967	1	2	87	261	2009	0
2968	1	2	0	0	2007	0
2969	1	2	0	339	0	26392
2970	1	1	0	254	2006	10108
2971	1	2	88	339	2006	10274
2972	1	1	88	325	2008	5741
2973	1	1	0	249	2007	10392
2974	1	2	86	339	2009	10268
2975	1	2	88	273	2009	0
2976	1	2	88	270	2006	10416
2977	2	2	0	306	2003	54465
2978	1	2	86	252	0	26325
2979	5	1	106	272	2005	0
2980	1	1	0	251	2007	0
2981	1	2	87	260	2008	10427
2982	1	2	0	339	2005	0
2983	1	1	0	340	2007	10728
2984	1	1	0	0	0	10274
2985	1	2	88	330	2009	10567
2986	1	2	0	304	2008	10596
2987	1	2	0	251	0	24582
2988	1	2	101	273	2008	10307
2989	1	2	0	268	2007	10615
2990	1	2	0	252	2008	9949
2991	1	2	0	339	0	10274
2992	1	2	88	339	2009	9944
2993	1	2	86	339	2007	10416
2994	1	2	99	254	2007	10154
2995	1	1	0	306	2005	10376
2996	1	2	0	260	2006	10402
2997	1	1	0	250	2005	10270
2998	1	1	0	256	2006	10392
2999	1	1	0	249	2008	10399
3000	1	0	0	0	0	0
3001	1	2	87	330	2005	10488
3002	1	1	0	249	0	0
3003	1	2	0	249	0	10497
3004	1	2	0	273	2009	9891
3005	1	1	0	254	0	10569
3006	1	1	0	251	2008	10274
3007	1	2	88	260	2009	9944
3008	1	1	88	251	0	10486
3009	1	2	0	260	2006	9892
3010	1	0	0	0	0	0
3011	1	2	88	339	2007	10192
3012	1	0	0	339	2006	10710
3013	1	1	0	286	2006	10292
3014	2	1	0	339	0	11326
3015	1	1	88	0	2008	9831
3016	1	2	0	251	2005	0
3017	1	2	0	288	2008	11274
3018	1	1	0	254	0	55314
3019	1	2	0	275	2005	10922
3020	1	0	0	0	2008	14693
3021	1	2	87	306	2007	6321
3022	1	2	93	339	2006	26491
3023	1	2	86	339	2009	10657
3024	1	2	87	273	2009	9919
3025	1	1	88	250	2006	26266
3026	1	2	88	339	2008	10607
3027	1	2	0	339	2008	11022
3028	2	2	100	268	2003	26783
3029	1	1	105	249	2007	9965
3030	1	1	88	337	2009	10513
3031	1	2	87	340	2009	26269
3032	2	2	0	254	2004	10216
3033	1	2	0	0	2008	9917
3034	1	2	86	260	0	10377
3035	1	2	88	260	2009	26557
3036	1	1	0	268	0	10432
3037	1	2	0	254	2008	10206
3038	1	2	0	260	0	0
3039	2	2	0	339	0	5767
3040	1	2	0	339	2007	10419
3041	1	1	88	251	2009	9911
3042	2	2	0	268	2005	10468
3043	1	1	0	0	0	10185
3044	5	2	89	339	2005	9983
3045	1	2	97	261	2007	10575
3046	1	1	107	0	0	10332
3047	2	2	0	252	2004	9822
3048	1	1	86	254	2009	9940
3049	1	2	87	268	2008	9944
3050	1	0	0	0	0	0
3051	1	2	87	339	2005	10326
3052	1	2	0	308	2009	9913
3053	1	2	101	262	2006	10405
3054	1	2	100	252	2008	10490
3055	1	2	88	273	2010	10876
3056	1	2	88	261	2005	10279
3057	1	2	0	339	2007	10180
3058	1	2	0	275	0	10468
3059	1	1	0	252	2008	10212
3060	1	1	0	0	2009	10212
3061	1	2	88	254	2005	10247
3062	1	2	88	268	2009	11382
3063	1	1	0	330	2006	55177
3064	1	2	88	254	2008	26591
3065	1	2	0	308	2005	0
3066	1	2	0	278	2007	10648
3067	2	2	0	262	2001	0
3068	1	2	99	268	2006	10455
3069	2	1	0	278	2003	6012
3070	1	1	107	249	2006	26407
3071	1	2	90	253	2009	10285
3072	1	1	89	266	2006	0
3073	1	2	0	254	2007	9898
3074	1	1	89	303	2006	9917
3075	1	2	0	339	2006	10483
3076	1	1	0	249	0	58825
3077	1	1	0	267	0	10226
3078	1	2	88	339	2008	6050
3079	1	2	0	339	2007	26709
3080	1	2	0	254	2007	10506
3081	1	1	88	249	2009	10570
3082	1	2	0	339	2008	10292
3083	1	1	0	325	0	10226
3084	1	2	88	261	2009	5684
3085	1	2	86	268	2005	0
3086	1	2	96	330	2007	0
3087	1	1	87	250	2006	10279
3088	1	2	87	250	2009	56043
3089	1	2	0	252	2007	0
3090	1	2	87	339	2008	0
3091	2	2	0	252	2005	26494
3092	1	2	0	252	2006	10509
3093	1	2	0	339	2008	10088
3094	1	1	0	252	0	10029
3095	1	2	87	254	2008	6242
3096	2	2	92	252	2005	10121
3097	2	2	94	262	2004	10241
3098	1	1	106	249	2006	10274
3099	1	2	0	339	2005	10360
3100	1	0	0	0	0	0
3101	1	1	110	308	0	10455
3102	1	2	0	275	2007	26407
3103	1	2	0	339	2008	10365
3104	1	1	87	256	2010	10468
3105	1	2	88	273	2008	26672
3106	1	2	92	339	2006	10479
3107	2	2	0	339	2005	10615
3108	1	2	100	254	2007	10694
3109	1	1	88	254	2007	10189
3110	1	2	87	268	2008	10563
3111	1	1	87	278	2006	26284
3112	1	1	88	320	2008	26668
3113	2	2	0	278	2004	0
3114	1	0	0	0	0	0
3115	1	2	0	339	0	9906
3116	2	1	0	249	2004	9876
3117	1	1	0	252	2006	10169
3118	1	1	0	251	0	10274
3119	1	2	87	339	2005	26607
3120	1	1	0	250	0	10379
3121	1	2	97	254	0	56406
3122	2	1	0	253	2004	10134
3123	1	2	88	320	2007	10573
3124	1	1	109	252	2006	10101
3125	1	1	110	268	2005	10180
3126	1	2	0	269	2006	10391
3127	1	2	0	260	0	10607
3128	1	1	0	260	2006	5834
3129	1	2	0	252	2008	26457
3130	1	2	87	261	2008	10575
3131	1	2	100	261	2006	10663
3132	1	2	0	255	2008	10109
3133	1	2	0	0	2006	26662
3134	2	2	86	253	2003	10487
3135	1	2	88	339	2005	0
3136	1	2	99	339	2007	10718
3137	1	2	86	268	2008	9917
3138	1	2	0	339	2007	10474
3139	1	1	107	339	2006	50661
3140	1	2	0	339	0	10483
3141	1	2	0	339	2008	10169
3142	1	2	87	268	2006	10564
3143	1	2	0	339	2006	10402
3144	1	2	88	269	2007	51306
3145	1	1	109	0	0	10402
3146	2	1	109	254	2004	10543
3147	1	1	107	0	2007	0
3148	1	2	0	306	2007	26783
3149	1	2	0	0	0	12657
3150	1	1	88	240	0	10625
3151	1	2	88	0	0	11170
3152	1	2	0	254	2006	26741
3153	1	1	108	249	2006	10427
3154	2	2	0	337	2004	0
3155	1	1	0	251	2007	26264
3156	1	2	0	339	2008	10192
3157	2	2	0	339	2004	50661
3158	1	1	88	331	2009	10119
3159	1	2	0	334	2007	9913
3160	1	2	88	339	2007	10101
3161	5	2	0	0	0	9929
3162	1	1	0	286	2006	10393
3163	1	2	0	263	0	10788
3164	1	2	0	338	2004	10274
3165	5	2	0	339	2006	26501
3166	1	2	86	262	2006	10764
3167	1	2	87	262	2006	10676
3168	1	2	0	339	2007	26422
3169	1	2	0	275	2006	0
3170	1	2	93	250	2007	0
3171	1	2	87	339	2008	10434
3172	1	1	88	339	2005	5794
3173	1	2	88	252	2008	10726
3174	1	2	0	339	2007	9944
3175	1	2	87	339	2009	10663
3176	1	1	88	278	2009	10517
3177	1	2	0	249	2009	10274
3178	5	2	0	0	0	11187
3179	1	2	0	251	2008	2017
3180	5	1	0	250	2006	10519
3181	2	1	107	251	2003	10274
3182	1	1	87	250	0	10578
3183	1	2	0	262	2006	10832
3184	1	1	0	320	2007	10575
3185	2	2	0	252	2005	10694
3186	1	2	0	287	2005	10280
3187	1	2	87	339	2008	26410
3188	1	1	0	306	0	10648
3189	1	2	0	261	2007	26634
3190	1	2	0	339	2006	10547
3191	1	2	91	262	2007	9850
3192	1	1	108	330	2005	10510
3193	1	1	87	268	2008	11024
3194	1	2	0	251	2007	10402
3195	1	1	0	339	2007	10108
3196	1	2	0	268	0	0
3197	2	2	0	316	2005	9846
3198	1	1	88	250	2005	11114
3199	1	2	87	339	2009	10285
3200	1	2	0	268	2006	10247
3201	1	2	0	254	2007	10123
3202	1	2	88	331	2008	0
3203	1	2	0	288	2006	2793
3204	1	2	0	254	0	11326
3205	1	2	0	339	2006	26266
3206	2	2	0	252	2004	10705
3207	1	2	0	339	2008	9971
3208	1	2	0	339	2009	10115
3209	2	2	0	268	2003	10428
3210	1	2	0	339	0	10420
3211	5	1	86	339	2006	10220
3212	1	2	0	268	2004	26497
3213	1	2	0	251	2007	10402
3214	1	0	0	0	0	0
3215	1	2	0	339	2007	26740
3216	1	2	0	252	0	9949
3217	1	2	87	268	2009	10608
3218	1	2	0	248	0	10381
3219	1	2	0	254	2008	10204
3220	1	2	0	254	2005	0
3221	2	1	110	328	2005	10488
3222	1	2	88	268	2008	26782
3223	1	1	88	278	2009	10187
3224	1	1	88	339	2008	26666
3225	1	1	0	249	0	10300
3226	1	2	87	339	2007	54742
3227	1	2	0	251	0	26334
3228	2	1	0	252	2005	10748
3229	1	2	0	260	2008	10788
3230	1	2	0	262	0	51797
3231	1	2	0	268	2006	10657
3232	1	2	0	275	2008	10080
3233	1	0	0	0	0	0
3234	1	2	86	254	2009	11038
3235	1	1	88	251	2007	9913
3236	1	0	0	0	0	0
3237	1	2	87	339	2008	0
3238	1	2	0	306	2008	10377
3239	1	1	0	304	2008	9913
3240	1	2	87	254	0	9894
3241	2	1	0	330	2005	9911
3242	1	2	88	262	2008	10687
3243	1	2	99	339	2005	0
3244	1	0	109	328	0	0
3245	1	2	0	0	0	51830
3246	2	1	107	250	2004	9853
3247	1	1	0	249	2007	26297
3248	1	2	0	275	2010	1604
3249	1	2	88	339	2009	10334
3250	1	2	86	339	2008	10220
3251	1	2	88	268	2009	10932
3252	1	1	86	249	2009	51941
3253	1	2	87	339	2007	10854
3254	1	2	93	254	0	10666
3255	1	2	89	306	2008	6310
3256	1	2	87	339	2009	10943
3257	1	2	88	252	2009	10332
3258	1	2	0	250	2007	10535
3259	1	2	0	275	2007	10220
3260	1	2	99	268	0	0
3261	1	2	0	306	2006	10598
3262	1	1	0	249	2005	9913
3263	1	2	88	261	2009	10650
3264	1	2	86	254	2007	10393
3265	1	1	89	248	2006	53757
3266	1	1	0	251	0	10654
3267	1	2	88	339	2008	10341
3268	1	2	88	268	2007	9880
3269	1	2	87	339	2008	6500
3270	1	1	87	335	2008	9876
3271	1	1	0	256	0	10273
3272	1	2	88	278	2009	10513
3273	1	1	107	251	2006	10297
3274	1	1	0	325	0	26519
3275	1	2	0	330	2005	10613
3276	1	1	88	273	2009	11067
3277	2	2	0	339	2005	55116
3278	1	2	0	339	2007	10341
3279	1	1	88	306	2008	10398
3280	1	2	0	263	2006	10681
3281	1	1	88	253	2009	10720
3282	1	2	0	339	2007	10624
3283	2	2	0	0	2004	26378
3284	1	1	88	252	2009	10108
3285	1	2	87	260	2007	10628
3286	1	1	0	250	2008	26406
3287	1	2	88	339	0	10220
3288	1	1	88	339	2009	10372
3289	1	2	0	268	2008	10187
3290	1	1	88	250	2005	0
3291	1	2	88	339	2008	10192
3292	2	2	0	339	2005	10121
3293	1	2	102	275	2007	10492
3294	1	2	95	339	0	26491
3295	1	2	88	262	2009	0
3296	1	2	87	252	2006	0
3297	1	1	0	256	2008	10653
3298	1	2	0	339	0	10427
3299	1	1	87	252	2009	10583
3300	2	2	0	254	2005	26342
3301	1	2	87	251	2008	10286
3302	1	2	0	254	0	10492
3303	1	2	0	252	0	11227
3304	1	2	89	261	2008	26353
3305	1	2	0	278	2007	9838
3306	1	2	86	252	2008	10129
3307	1	2	0	339	2008	11205
3308	2	2	0	262	2003	10586
3309	2	1	0	249	2004	0
3310	1	2	0	254	2007	26295
3311	1	2	0	339	2008	10870
3312	1	2	86	339	0	0
3313	1	2	98	339	2006	9915
3314	2	2	0	339	2005	11224
3315	1	2	0	261	2009	10339
3316	1	2	0	0	2008	0
3317	1	2	87	339	2007	50284
3318	1	2	88	339	0	0
3319	1	2	87	339	2010	10103
3320	1	2	87	339	0	26721
3321	1	1	0	268	2007	10641
3322	1	2	87	268	0	10332
3323	1	0	0	0	0	0
3324	2	1	0	339	2004	10570
3325	1	2	88	262	2007	10268
3326	1	1	105	288	2005	26359
3327	1	1	87	250	0	10648
3328	1	2	0	262	2008	10596
3329	2	1	0	249	1997	0
3330	1	1	87	268	0	0
3331	1	2	0	339	2006	11067
3332	1	2	87	254	2009	9866
3333	1	1	0	325	2007	0
3334	1	2	87	253	2009	10109
3335	1	1	0	306	2006	10108
3336	1	2	0	250	0	26402
3337	2	1	108	339	2005	26491
3338	1	1	0	268	2006	10720
3339	1	2	87	266	2008	0
3340	1	1	0	250	0	10349
3341	1	2	87	339	0	26782
3342	1	2	88	268	2008	0
3343	1	2	87	0	2008	10300
3344	1	2	0	339	2006	50785
3345	1	2	0	261	0	10339
3346	1	2	87	260	2008	10544
3347	1	2	87	273	2008	10764
3348	1	2	0	268	2005	26666
3349	1	2	0	260	2004	0
3350	1	2	99	268	2005	26445
3351	1	1	0	256	2005	10339
3352	1	1	88	337	0	0
3353	1	0	0	0	0	0
3354	1	2	87	269	2009	10376
3355	1	1	0	303	0	10274
3356	1	1	89	249	2008	0
3357	1	1	89	251	2007	57239
3358	1	2	87	250	2009	58267
3359	1	2	87	252	2008	10519
3360	1	2	0	254	2007	10212
3361	1	2	88	254	2005	50668
3362	1	2	88	252	2008	10264
3363	2	1	0	339	2005	10759
3364	1	2	88	252	2009	0
3365	1	1	0	250	2007	10379
3366	1	1	88	240	2009	10108
3367	2	0	0	0	0	10793
3368	1	2	0	254	2005	10519
3369	1	1	0	253	2008	10575
3370	1	0	0	0	0	0
3371	1	2	92	251	2005	9821
3372	1	2	0	339	2008	10283
3373	1	2	0	339	0	26725
3374	1	2	99	278	2006	11326
3375	1	2	88	331	2009	10182
3376	1	2	86	252	2009	0
3377	1	2	88	268	2005	10407
3378	1	2	88	260	2007	26456
3379	1	2	88	268	0	26266
3380	1	2	88	334	2008	10337
3381	1	2	0	251	2008	9978
3382	1	2	87	273	2009	9910
3383	1	2	87	268	2006	9924
3384	1	1	0	250	0	10181
3385	1	2	0	251	2008	10615
3386	1	2	0	251	2006	10922
3387	2	1	107	254	2004	26519
3388	1	2	86	273	2009	10392
3389	1	2	0	339	2007	26726
3390	1	1	89	249	2008	10509
3391	1	2	0	268	2008	10175
3392	1	2	87	320	2009	6000
3393	1	2	0	263	0	11285
3394	1	2	0	268	2007	10993
3395	1	1	86	325	2009	10613
3396	2	2	102	252	2004	10612
3397	1	2	89	325	2006	10208
3398	1	1	0	0	0	10308
3399	1	2	86	251	0	10492
3400	1	2	0	252	2007	26408
3401	2	1	0	250	2005	57927
3402	1	2	88	339	2005	26743
3403	2	2	0	268	0	0
3404	1	2	0	339	2004	10728
3405	1	2	0	268	2005	10519
3406	1	2	112	252	2007	10720
3407	1	2	0	275	2007	3416
3408	1	2	87	260	2009	10738
3409	1	2	0	308	2008	10711
3410	1	2	87	339	2005	7922
3411	1	2	90	339	2007	50510
3412	1	2	87	339	2007	10599
3413	1	2	0	339	2007	5771
3414	1	1	88	339	2008	10374
3415	1	1	88	254	2009	10428
3416	2	2	98	328	2004	0
3417	1	2	87	260	2004	9884
3418	1	2	0	250	2006	10405
3419	1	1	0	249	2008	51306
3420	1	2	86	262	2008	10685
3421	1	1	88	249	2009	10575
3422	1	2	88	275	2009	10606
3423	1	2	88	275	2008	10249
3424	1	2	0	339	2008	55590
3425	1	1	88	268	0	11170
3426	1	2	89	251	2006	10234
3427	1	1	110	334	2008	10468
3428	1	2	87	262	2009	51012
3429	1	2	0	254	2008	10646
3430	1	2	88	339	2008	10208
3431	1	0	0	250	0	10575
3432	1	2	86	308	2005	51306
3433	1	2	0	269	2007	10692
3434	1	2	0	339	2005	10615
3435	1	2	87	262	2009	0
3436	1	2	0	268	0	10710
3437	1	2	87	268	2007	10910
3438	1	2	89	254	2008	10206
3439	1	1	88	325	2009	50823
3440	1	1	0	260	2007	0
3441	1	1	106	278	0	10285
3442	1	2	0	0	2005	10274
3443	1	1	0	260	2007	10127
3444	1	2	0	269	2007	10123
3445	1	1	105	251	2005	0
3446	1	2	87	269	0	10222
3447	1	2	87	262	2008	10215
3448	1	2	0	339	2007	10468
3449	1	0	0	0	0	0
3450	1	1	0	254	2007	10163
3451	1	2	96	286	2008	10366
3452	1	2	92	251	2005	10655
3453	2	2	0	268	2004	0
3454	1	2	87	262	0	10575
3455	1	2	0	288	2004	0
3456	1	2	0	0	2007	10560
3457	1	1	88	240	2008	10653
3458	1	2	87	237	2008	25180
3459	2	2	0	339	2004	50510
3460	1	2	88	254	2009	10180
3461	1	2	88	278	0	10376
3462	1	0	0	0	0	0
3463	1	2	102	339	2006	10574
3464	1	2	0	260	2008	10442
3465	1	1	88	251	2009	26747
3466	1	2	0	251	2008	10402
3467	1	1	107	278	2006	10657
3468	1	2	88	337	2009	5997
3469	1	2	86	260	2005	0
3470	1	1	86	339	2009	10922
3471	1	2	88	339	2009	10390
3472	1	1	86	254	2005	0
3473	1	2	87	249	2009	10391
3474	1	2	0	260	0	10334
3475	1	2	88	260	2008	5488
3476	5	1	0	289	0	26534
3477	1	2	87	262	2008	25065
3478	1	2	93	339	0	10650
3479	1	1	0	339	2007	10726
3480	2	2	0	268	2005	9975
3481	1	0	0	0	0	0
3482	1	1	0	249	2009	10226
3483	1	2	89	256	0	0
3484	1	0	0	0	0	0
3485	1	2	89	260	2006	54229
3486	1	2	87	254	2009	10599
3487	1	2	88	339	2007	26348
3488	1	2	88	240	2009	10108
3489	1	2	87	339	0	26782
3490	1	1	0	250	2005	10428
3491	1	1	88	339	0	26651
3492	1	2	0	268	0	10266
3493	4	2	0	263	0	10615
3494	2	2	0	289	0	10649
3495	1	2	0	262	2006	9994
3496	1	1	88	273	2009	52367
3497	1	2	87	339	2008	10728
3498	1	1	106	252	2007	0
3499	1	2	0	268	2007	26709
3500	1	2	0	286	2007	9862
3501	1	1	86	251	2009	10734
3502	1	2	0	254	2007	9872
3503	1	2	0	268	0	10950
3504	1	2	0	254	2006	10432
3505	1	1	87	241	2008	0
3506	1	2	88	309	0	0
3507	1	1	88	339	2008	19670
3508	1	2	0	339	2008	10180
3509	1	1	0	0	0	11233
3510	1	2	87	339	2004	10872
3511	1	1	0	249	2007	10274
3512	1	2	0	339	2007	10653
3513	1	2	0	339	2007	10426
3514	1	1	89	252	2007	55144
3515	1	2	87	261	2007	51454
3516	1	2	0	254	0	0
3517	1	2	88	262	2006	10617
3518	1	0	87	250	2008	55144
3519	2	1	0	250	2005	26348
3520	2	1	0	252	2005	10887
3521	1	2	0	268	2006	3384
3522	1	1	0	258	2007	26738
3523	2	2	0	339	2005	10402
3524	1	2	88	260	2008	0
3525	2	2	0	339	2004	18760
3526	2	2	0	252	2004	10249
3527	1	2	0	334	2007	26497
3528	2	2	88	339	2004	0
3529	1	1	0	339	0	10247
3530	1	2	0	339	2007	5999
3531	1	2	89	306	2006	10208
3532	2	2	0	328	2004	10372
3533	1	1	0	257	2009	10226
3534	1	1	0	267	2009	9913
3535	1	1	107	249	2007	0
3536	1	2	87	254	2008	6102
3537	1	1	87	251	0	10501
3538	1	2	88	252	2008	10705
3539	1	2	0	339	0	10578
3540	1	2	0	273	0	0
3541	2	2	92	339	2005	9821
3542	1	2	0	262	0	0
3543	4	1	0	0	0	10274
3544	1	2	0	268	2006	51306
3545	1	2	90	339	2007	5780
3546	1	2	0	240	2006	5948
3547	1	2	87	268	2009	10543
3548	1	2	94	307	2005	9969
3549	1	2	88	273	2008	0
3550	2	1	0	254	2004	10424
3551	1	2	0	268	2006	50278
3552	1	0	88	268	0	50823
3553	1	2	87	260	0	10220
3554	1	2	93	254	2006	26557
3555	1	1	0	251	2009	9913
3556	1	2	0	339	2006	10147
3557	1	2	0	260	2007	9844
3558	2	2	87	305	2003	8183
3559	1	2	93	0	2006	50823
3560	1	2	0	339	0	0
3561	1	2	0	320	0	0
3562	1	1	0	249	2009	10343
3563	1	2	100	268	2008	9842
3564	1	2	0	339	2006	10127
3565	2	2	87	254	0	10623
3566	1	1	87	254	2009	10494
3567	1	2	86	250	2009	3373
3568	1	2	88	269	2009	10169
3569	1	2	0	268	0	26312
3570	1	2	88	308	2006	26663
3571	1	2	88	339	2009	26349
3572	1	2	88	254	2005	9821
3573	1	2	0	269	2007	55144
3574	1	2	0	254	2006	9855
3575	1	2	87	249	2009	10343
3576	2	0	0	0	0	0
3577	1	2	87	319	2009	9911
3578	1	0	88	243	2008	0
3579	1	1	89	249	2006	55144
3580	1	2	88	254	2009	10283
3581	1	1	88	250	0	10687
3582	1	2	0	254	2008	10376
3583	1	0	0	0	0	0
3584	2	0	0	0	0	0
3585	1	2	97	249	2006	10569
3586	1	2	0	268	2007	10247
3587	1	1	88	249	2007	10252
3588	1	2	88	267	2008	10425
3589	1	2	0	339	2007	10725
3590	1	2	87	268	2008	10657
3591	1	1	0	325	2009	0
3592	1	1	88	254	2009	10620
3593	1	2	93	339	0	0
3594	1	2	86	339	2009	9950
3595	1	2	0	262	2007	10615
3596	1	2	0	278	2006	10722
3597	1	2	0	254	2007	10159
3598	1	2	88	268	2009	10509
3599	1	1	87	339	2008	54222
3600	1	2	0	328	0	10759
3601	1	2	0	334	2007	10564
3602	1	2	0	330	2006	10840
3603	1	2	88	254	2009	0
3604	1	2	88	275	2008	26420
3605	2	2	0	268	2005	9852
3606	2	2	0	268	2005	55116
3607	1	2	0	263	2006	10664
3608	1	0	0	0	0	0
3609	1	2	0	251	2007	10300
3610	1	2	0	328	2008	10339
3611	2	2	0	268	2004	9849
3612	1	2	93	339	2007	10921
3613	1	2	87	268	2008	6088
3614	1	1	0	308	2006	10097
3615	1	2	0	339	2006	0
3616	1	2	0	306	0	0
3617	1	2	0	250	2006	10334
3618	1	2	93	255	2007	26497
3619	1	2	0	339	0	10108
3620	2	2	0	251	2004	10213
3621	1	2	0	268	0	26406
3622	1	2	0	339	2007	9830
3623	1	2	88	339	2008	26356
3624	1	2	90	269	2006	10346
3625	1	1	0	251	2008	26521
3626	1	2	0	268	2005	10314
3627	1	1	0	251	2006	10274
3628	1	2	88	320	2008	9817
3629	1	1	0	250	2008	26466
3630	1	2	93	339	2007	10569
3631	1	2	0	278	2006	10435
3632	1	2	88	273	2009	10468
3633	2	0	0	252	2005	10657
3634	1	2	87	254	2010	0
3635	1	1	0	267	0	10279
3636	2	1	0	251	2005	10274
3637	1	2	87	339	0	10213
3638	1	2	0	331	2008	5868
3639	1	1	0	249	2008	9894
3640	1	1	111	339	0	10241
3641	1	2	0	268	2006	10567
3642	1	1	0	254	0	24119
3643	1	1	89	328	0	51372
3644	2	1	0	328	2004	55247
3645	1	2	0	261	2008	26403
3646	1	1	0	262	2010	10496
3647	1	2	88	273	2009	10893
3648	2	1	0	339	2005	10169
3649	2	0	106	250	2003	10330
3650	1	1	0	268	2006	55738
3651	5	1	89	268	2005	58274
3652	1	2	0	254	0	0
3653	1	2	89	268	2008	10337
3654	1	1	0	251	2006	10332
3655	1	2	0	320	2005	10268
3656	1	2	0	320	2006	9944
3657	1	2	86	339	2008	10705
3658	1	2	88	339	2009	26266
3659	1	2	87	262	2009	10428
3660	2	1	0	328	0	10274
3661	1	2	86	339	2009	0
3662	1	1	0	251	2006	10339
3663	1	2	0	268	0	10173
3664	1	2	88	339	2009	9867
3665	1	2	88	278	2008	11220
3666	2	2	0	254	2004	10365
3667	2	0	94	247	0	10428
3668	1	1	88	273	2009	530
3669	1	2	89	262	2008	2844
3670	1	1	106	251	2006	26402
3671	1	2	87	268	2008	9845
3672	1	2	0	268	0	11205
3673	1	2	0	254	2005	10266
3674	1	2	87	339	2008	9831
3675	1	2	90	339	2006	9855
3676	1	2	102	254	2007	50190
3677	2	1	0	339	2005	11382
3678	1	1	0	251	2008	10274
3679	1	2	86	263	2008	10428
3680	2	1	0	254	0	0
3681	1	2	0	265	0	9967
3682	1	1	0	250	2007	10175
3683	1	1	88	339	2008	11206
3684	1	1	89	278	0	56406
3685	1	1	0	249	2008	10286
3686	2	2	0	316	2005	10692
3687	1	2	88	331	2008	10351
3688	1	1	105	250	2008	10177
3689	1	2	92	261	2004	10424
3690	1	2	92	339	0	10535
3691	1	2	97	249	2005	0
3692	1	2	88	339	2008	10974
3693	1	1	0	325	2006	10274
3694	1	2	0	251	0	9913
3695	1	2	88	339	2006	10283
3696	1	1	106	254	2006	9944
3697	1	0	0	268	0	9968
3698	1	2	88	260	2009	10182
3699	1	2	0	251	2007	10392
3700	1	2	0	339	0	10173
3701	1	2	0	254	2006	10381
3702	1	1	88	339	0	10178
3703	1	1	88	339	2008	10162
3704	1	2	89	252	2008	11024
3705	1	1	0	308	2006	10733
3706	1	2	0	262	2007	10402
3707	1	2	0	260	2007	26637
3708	1	2	88	252	0	10425
3709	1	2	0	306	2009	10332
3710	1	2	87	268	2009	10041
3711	1	2	88	262	2005	10088
3712	1	2	0	339	2008	10425
3713	1	1	88	306	2009	10713
3714	1	2	87	252	2005	0
3715	1	2	88	261	2007	11190
3716	1	1	0	250	0	9821
3717	1	2	0	252	2006	10175
3718	2	1	111	306	2005	10739
3719	2	2	0	325	2005	10277
3720	1	2	100	339	2008	10490
3721	1	2	0	268	2007	26349
3722	1	1	110	339	2007	9814
3723	1	2	0	254	0	0
3724	1	2	0	250	2009	10569
3725	2	2	0	339	2005	9944
3726	1	2	0	339	0	26501
3727	1	2	0	339	2007	19725
3728	1	0	0	0	0	0
3729	1	2	88	255	2008	50510
3730	1	2	88	278	2006	6902
3731	1	2	0	278	2006	0
3732	1	2	88	339	0	10424
3733	1	2	87	339	2008	10180
3734	1	1	88	273	0	11034
3735	2	2	0	339	2005	10455
3736	2	0	108	0	2005	10402
3737	1	1	0	250	2008	0
3738	1	2	100	337	2008	26492
3739	1	0	0	0	0	0
3740	1	2	88	320	2008	50668
3741	1	1	0	0	0	55314
3742	1	2	88	330	2008	10102
3743	1	2	88	339	2008	50823
3744	1	2	87	339	0	10112
3745	1	2	0	339	2006	0
3746	1	1	0	251	2006	10471
3747	1	2	0	250	2007	52856
