node	student	gender	dorm	major	year	school
0	2	2	0	118	0	0
1	1	1	330	105	2008	50492
2	1	1	347	130	2007	25824
3	1	1	331	139	2008	50229
4	1	2	0	153	2006	8569
5	1	1	334	133	2007	52125
6	2	2	0	152	2005	19468
7	1	2	331	105	2007	17454
8	1	1	331	97	2007	50398
9	1	1	329	113	2007	50065
10	2	1	0	98	2005	7009
11	1	1	328	99	2009	21596
12	1	1	327	106	2007	0
13	1	2	0	97	2006	21720
14	1	2	0	114	2007	17793
15	1	1	0	118	2007	25072
16	1	1	333	101	2005	0
17	1	2	347	0	2009	16566
18	1	2	0	139	2007	11099
19	2	1	0	145	2004	50198
20	1	1	346	109	0	50415
21	2	1	0	125	2004	0
22	1	2	335	153	2008	16530
23	1	2	0	112	2006	25438
24	1	1	330	99	2009	21374
25	1	1	331	98	2006	2701
26	1	1	346	97	2007	25639
27	2	1	0	152	2005	19262
28	3	2	0	152	0	0
29	1	2	332	139	2008	16267
30	2	1	0	135	2004	4806
31	1	2	333	120	2008	17140
32	1	2	331	147	2007	56307
33	1	0	0	114	0	0
34	1	1	350	114	2007	26352
35	1	1	335	98	2008	17140
36	1	1	350	0	2008	0
37	1	2	334	153	0	5852
38	1	1	331	97	2008	18230
39	2	1	330	99	2004	9211
40	2	2	0	115	2005	50909
41	1	2	336	136	2008	11224
42	2	2	0	152	2004	53909
43	1	0	0	0	0	0
44	1	2	334	97	2007	2042
45	1	1	341	152	2009	8999
46	1	2	343	152	2008	0
47	1	2	0	152	2008	4496
48	1	1	329	146	2009	2701
49	2	2	347	108	1967	2682
50	1	1	335	99	2009	17294
51	1	2	339	125	2008	50500
52	1	1	346	145	2008	17054
53	1	2	331	114	2007	3172
54	1	2	344	94	2008	25836
55	2	1	0	139	2005	50059
56	1	1	0	98	2007	50229
57	1	2	335	143	2006	1084
58	1	1	328	146	2008	50192
59	1	1	0	98	2005	0
60	1	1	328	0	2008	0
61	1	1	350	98	0	1272
62	1	1	0	97	2007	0
63	1	1	0	135	2006	1518
64	2	2	0	0	0	0
65	2	1	0	97	2005	4563
66	1	1	329	105	2008	21841
67	1	2	333	106	2007	50369
68	1	1	335	139	0	9286
69	1	1	329	109	2008	3300
70	1	1	0	102	2006	9417
71	1	1	0	97	2006	19674
72	2	1	0	123	2005	16438
73	1	2	0	114	2006	50065
74	1	1	335	146	2007	50582
75	2	1	0	97	2005	0
76	1	2	0	122	2007	3842
77	1	0	329	114	2007	25541
78	4	2	0	0	0	19198
79	1	1	331	0	2008	4696
80	2	1	0	105	2005	50444
81	1	2	346	139	2009	50178
82	2	1	0	106	2005	10216
83	1	1	340	105	0	25783
84	1	2	339	0	2009	9580
85	1	1	348	99	2005	18664
86	1	1	334	106	2007	17681
87	1	0	0	0	0	9720
88	1	2	345	146	2010	0
89	1	1	344	90	2006	52629
90	2	2	0	114	2005	21556
91	1	1	0	133	2006	4680
92	1	1	331	109	2008	10788
93	1	1	339	122	2008	1272
94	1	0	0	0	0	0
95	1	1	338	152	2008	50058
96	2	2	331	92	2005	24974
97	1	0	0	0	0	0
98	1	1	349	112	2009	2702
99	1	0	0	0	0	0
100	1	2	329	122	2007	25825
101	1	2	333	147	2008	19833
102	1	2	333	152	2008	0
103	2	1	0	117	2005	5868
104	1	0	329	109	2008	21235
105	1	2	0	108	2006	10575
106	1	2	333	134	2007	52016
107	1	2	349	117	2008	243
108	1	0	0	0	2008	9831
109	1	1	0	152	0	0
110	1	1	0	0	0	51060
111	1	1	335	152	2008	16077
112	1	0	0	0	0	0
113	1	2	331	148	2007	2694
114	1	2	0	152	2008	25096
115	1	1	333	151	2007	9580
116	1	2	0	141	2006	54405
117	1	2	0	152	2008	9256
118	5	0	0	123	0	0
119	1	1	0	104	2006	5746
120	2	2	0	103	0	50006
121	1	2	336	152	2007	2554
122	1	1	329	99	2009	50094
123	1	1	330	0	2008	16111
124	1	0	335	0	2010	17351
125	1	1	335	101	2007	0
126	2	0	0	151	2005	0
127	1	0	0	0	0	0
128	1	1	336	106	2007	50395
129	3	0	0	126	0	34
130	1	2	338	147	2007	50623
131	2	0	0	0	0	0
132	1	1	329	117	2008	50359
133	1	1	0	152	2008	18230
134	1	2	328	0	2008	19383
135	1	2	0	106	2007	0
136	1	0	0	0	0	0
137	1	2	333	152	2008	0
138	1	2	337	92	2008	50425
139	1	1	0	92	2006	16805
140	1	1	329	139	0	3701
141	1	2	0	141	2004	50459
142	1	1	347	152	2010	3172
143	1	1	330	0	0	0
144	1	0	329	114	2008	9318
145	4	1	0	96	0	19055
146	1	2	0	111	2006	10090
147	1	1	332	152	2008	24005
148	2	2	0	151	2005	0
149	1	1	347	98	2007	0
150	1	2	0	152	2006	23605
151	1	1	333	123	2007	50615
152	1	1	341	0	2005	21852
153	1	0	0	0	0	0
154	2	2	0	125	2005	50518
155	1	2	334	152	2008	0
156	1	1	341	0	2009	52847
157	1	2	0	153	2006	20747
158	1	2	335	152	2008	22200
159	1	2	343	152	2007	14328
160	1	1	0	117	0	0
161	1	0	0	152	0	25843
162	2	1	0	152	2005	0
163	2	2	0	141	2003	0
164	1	2	0	105	2006	51108
165	1	1	0	123	2007	17640
166	2	1	0	125	2005	20853
167	1	1	0	139	2007	3632
168	1	2	329	99	2009	20738
169	1	2	330	157	2010	9580
170	2	1	0	98	2005	17636
171	1	2	351	114	2005	17658
172	2	2	335	143	2005	19692
173	1	2	350	146	2005	0
174	1	1	330	109	2009	18938
175	1	2	0	147	2005	24729
176	1	2	335	157	2009	3284
177	1	2	346	135	2007	52234
178	2	2	0	152	2004	8415
179	1	1	336	154	2008	20829
180	1	1	349	114	0	0
181	1	1	332	152	2007	50184
182	1	2	349	109	2006	52130
183	1	2	0	109	2007	6138
184	1	1	346	106	2007	25737
185	1	2	0	152	0	0
186	1	1	0	130	2006	9076
187	1	2	349	125	2007	20807
188	2	1	0	141	2003	5265
189	1	2	344	105	2007	3649
190	2	2	0	92	2005	1741
191	1	1	331	112	2008	25280
192	1	2	336	153	2008	20694
193	1	1	343	152	2008	21235
194	5	0	0	124	1995	0
195	1	2	0	92	2006	51780
196	1	2	329	0	2009	18083
197	1	2	333	152	2008	5483
198	3	2	0	125	0	19674
199	1	1	328	98	2008	9313
200	1	1	330	92	2008	19885
201	1	2	0	155	2004	9580
202	1	2	0	0	2007	0
203	1	1	345	130	2008	50459
204	1	2	333	113	2010	0
205	1	2	0	125	2007	51762
206	1	2	331	96	2009	50664
207	2	1	0	0	2004	0
208	1	0	0	91	0	0
209	1	1	331	152	2007	25156
210	1	2	329	114	2008	0
211	1	1	332	152	2006	7229
212	1	1	0	97	2008	50088
213	1	2	348	111	2008	0
214	1	2	330	153	2009	50455
215	1	1	0	0	2007	50229
216	1	0	0	0	0	0
217	1	1	336	152	2007	7831
218	1	2	335	152	2008	0
219	1	1	329	125	2008	17899
220	2	2	0	136	2002	16160
221	1	1	328	0	2009	4686
222	1	1	327	97	2009	2228
223	2	1	0	113	2005	8177
224	1	2	351	114	2006	20853
225	1	1	0	98	2006	50459
226	1	1	342	152	2008	24013
227	1	1	331	117	2007	0
228	1	1	0	0	2006	2716
229	1	2	331	109	2007	50068
230	2	1	0	109	0	17352
231	1	1	328	0	2009	50065
232	1	2	0	125	2006	842
233	1	1	335	114	2009	21800
234	1	1	0	0	0	0
235	1	1	334	136	2007	10265
236	1	1	344	106	2006	25073
237	1	2	0	152	2006	16437
238	2	0	0	104	0	0
239	1	2	330	139	2009	24456
240	1	2	0	152	2006	2861
241	1	0	334	97	2008	50699
242	1	1	0	116	2005	7693
243	1	2	333	92	2008	19021
244	1	2	0	125	2006	0
245	1	1	328	141	2008	25616
246	2	2	0	114	2005	16805
247	1	2	342	97	2008	50080
248	1	1	329	117	2008	11250
249	5	1	0	91	2006	9417
250	1	2	335	123	2007	15875
251	2	2	0	141	2004	17640
252	2	1	0	152	2005	21155
253	1	0	0	0	0	0
254	1	2	335	152	2008	2079
255	1	1	0	151	2007	0
256	1	1	330	128	2009	50421
257	1	2	0	124	2006	0
258	1	1	0	97	2007	10298
259	2	1	0	98	2005	0
260	1	1	328	139	2005	50086
261	1	2	328	147	2008	17062
262	1	1	333	152	2007	9130
263	2	1	0	135	2005	25014
264	1	1	333	125	2007	9073
265	1	1	333	151	2007	20681
266	1	1	330	152	2009	5664
267	1	2	0	147	2007	50005
268	1	2	330	109	2008	11326
269	1	2	0	114	2007	3739
270	1	2	346	136	2008	52743
271	1	0	0	0	0	0
272	1	2	329	99	2009	51494
273	1	2	328	0	2009	20747
274	1	1	327	0	2008	9313
275	2	2	328	121	2005	19968
276	1	1	333	0	2007	2700
277	1	1	329	97	2008	1384
278	1	0	329	97	2007	8129
279	1	2	328	152	2009	25825
280	1	1	330	105	2009	50720
281	1	1	328	118	2009	2856
282	1	2	344	139	2007	9060
283	2	2	0	113	2005	50321
284	1	0	333	115	2007	9626
285	2	2	0	152	2005	51231
286	1	1	331	105	2008	52737
287	1	1	330	105	2009	3290
288	2	2	0	135	2005	632
289	2	2	332	153	2005	565
290	1	2	0	114	2005	5852
291	1	1	329	117	2008	25848
292	2	2	0	153	2005	5738
293	1	1	0	139	2005	9580
294	1	2	330	133	2005	2696
295	1	1	0	114	2007	9813
296	1	1	0	99	0	8884
297	1	1	333	102	2008	25082
298	1	1	0	114	2006	0
299	1	2	329	109	2008	19352
300	1	1	335	151	2008	50582
301	1	1	0	105	2006	24048
302	2	2	0	152	0	13561
303	1	1	333	139	2008	8977
304	1	1	328	109	2009	4971
305	1	0	0	0	0	0
306	1	1	328	93	2009	52044
307	1	1	0	97	2007	19674
308	2	1	0	141	2004	16262
309	1	2	0	147	2008	55577
310	1	2	340	114	2009	21596
311	1	1	0	141	2007	51894
312	1	1	330	139	2009	55102
313	2	2	0	105	2004	2725
314	1	2	349	92	2008	11379
315	1	2	333	0	2008	1333
316	1	1	341	97	2007	2495
317	1	2	0	114	2006	0
318	1	0	0	0	0	0
319	1	0	0	153	0	9318
320	2	1	0	109	2005	54052
321	1	1	333	155	2009	7694
322	1	1	331	98	2007	18696
323	1	1	328	0	2009	19674
324	1	1	345	152	0	0
325	1	1	0	154	2007	21153
326	1	2	331	109	2009	16530
327	2	1	0	139	2005	50906
328	2	2	0	96	2005	0
329	1	2	327	146	2008	9104
330	1	2	333	152	2009	10289
331	1	1	330	135	2009	3575
332	4	1	0	152	2006	22410
333	1	1	333	0	2008	50909
334	2	1	0	152	2005	0
335	1	1	0	123	2006	9753
336	1	1	338	134	2007	21579
337	1	2	349	118	2008	26488
338	1	2	330	105	2009	15891
339	1	1	0	114	2006	51624
340	1	0	334	0	0	50504
341	1	2	0	136	2005	50979
342	1	1	340	139	2009	1385
343	3	2	0	152	0	0
344	1	2	336	152	2007	3755
345	2	2	337	103	0	0
346	4	2	0	91	0	9286
347	1	1	335	130	2008	1384
348	1	2	330	125	2009	50088
349	1	2	335	128	2008	25377
350	1	2	333	112	2008	5697
351	2	2	0	109	2005	3735
352	1	2	336	156	2006	10928
353	2	1	0	123	2004	18700
354	1	1	0	113	2006	0
355	2	2	0	90	2005	19674
356	1	1	0	149	2008	5868
357	1	2	346	147	2005	50317
358	1	1	334	152	2008	0
359	1	1	329	99	2009	9618
360	1	2	347	108	2007	8256
361	1	1	346	93	2008	21556
362	1	1	332	0	2009	16176
363	1	2	0	109	2006	19971
364	2	1	0	106	2004	19671
365	1	2	330	152	2005	17845
366	2	2	0	147	2005	19208
367	1	1	349	125	2007	25838
368	1	2	331	125	2007	0
369	2	2	0	122	2005	26482
370	1	1	328	123	2009	19967
371	2	2	0	0	0	0
372	1	1	330	109	2009	50280
373	1	1	0	125	2006	9060
374	1	1	346	152	2007	55988
375	1	0	0	0	0	0
376	1	2	330	145	2009	9720
377	1	1	349	0	2008	25779
378	1	1	329	110	2010	0
379	1	1	329	0	2009	19674
380	1	1	346	105	2006	9255
381	1	2	333	109	2008	52421
382	1	2	331	0	0	11792
383	1	1	0	125	2006	50483
384	1	1	329	109	2007	2702
385	1	2	0	114	0	50036
386	1	2	0	114	2006	5852
387	1	2	331	115	2007	0
388	5	0	0	152	2006	50353
389	1	2	0	152	2006	17690
390	1	2	336	136	2008	0
391	1	1	339	152	2010	54923
392	1	1	350	98	2008	50229
393	1	1	335	152	2008	19521
394	1	1	344	130	2006	4853
395	1	2	329	96	2005	18697
396	2	2	0	152	2005	11205
397	1	2	333	114	2009	26521
398	1	1	329	97	2008	50221
399	1	1	348	109	2007	50737
400	1	1	0	0	0	9618
401	1	2	335	152	2008	10937
402	1	2	0	125	2007	51219
403	1	1	0	0	0	9078
404	1	1	328	0	2009	0
405	1	1	333	152	2008	25843
406	1	2	0	103	2010	0
407	1	2	331	153	2008	4817
408	1	2	333	136	2007	3838
409	2	1	331	152	2002	0
410	1	1	329	151	2009	52101
411	1	0	0	159	2006	17584
412	1	1	333	0	0	17507
413	1	1	0	139	2007	19519
414	1	1	333	123	2007	0
415	1	2	331	141	2007	50459
416	2	1	0	108	2005	0
417	1	1	330	152	2008	23848
418	1	2	330	109	2009	21001
419	1	0	0	0	0	0
420	1	1	0	98	0	0
421	1	2	333	117	2008	19396
422	1	1	333	154	2008	3681
423	1	1	0	105	0	17573
424	2	1	334	98	2005	21155
425	1	1	329	105	2008	50232
426	1	2	0	152	2008	54515
427	1	1	349	97	2008	17763
428	5	2	0	152	2006	14178
429	1	1	332	0	0	51785
430	1	2	0	125	2006	50086
431	1	2	335	152	2009	5845
432	1	1	0	99	2006	0
433	2	2	0	98	2005	9108
434	1	1	329	97	2009	17658
435	1	0	0	128	0	0
436	1	2	346	109	2008	2701
437	1	1	334	136	2008	53475
438	1	1	332	0	2008	8939
439	1	1	341	152	2007	0
440	1	1	348	123	2008	52104
441	1	1	0	102	2007	17454
442	1	2	346	111	2009	17038
443	2	2	0	106	2005	0
444	1	1	336	105	2007	52532
445	5	2	351	108	0	0
446	1	1	331	93	0	53392
447	1	2	0	118	2007	50999
448	1	1	0	149	2007	50732
449	1	1	328	123	2009	17901
450	1	1	0	152	0	17351
451	1	1	0	151	2006	5852
452	5	1	0	0	2005	9618
453	1	1	330	0	2009	2849
454	1	1	332	122	2008	51111
455	2	2	0	111	2002	2549
456	1	2	0	112	2006	51871
457	1	2	329	113	2008	9530
458	1	1	0	109	2008	50696
459	1	1	0	113	2006	9530
460	1	1	0	145	2006	20000
461	1	1	333	139	2008	5868
462	1	1	0	117	2006	19921
463	1	1	333	0	0	50786
464	1	1	337	125	2007	21605
465	1	2	0	0	2008	19157
466	1	1	331	109	2007	52737
467	1	1	0	0	2008	0
468	1	2	0	118	2006	3632
469	1	2	335	136	2006	18412
470	2	2	0	115	2005	51165
471	1	1	340	107	2007	5477
472	1	2	346	152	2009	0
473	1	2	351	97	0	0
474	4	1	0	104	2004	19396
475	1	1	330	0	2009	16256
476	1	2	330	156	2009	16383
477	1	1	328	117	2008	5852
478	1	1	347	152	2007	17193
479	2	1	0	0	2005	50086
480	1	2	335	156	0	0
481	2	1	0	115	2005	23994
482	1	1	0	152	2006	11236
483	1	2	0	139	2006	52831
484	2	1	0	93	2005	19861
485	1	1	0	114	0	3840
486	1	1	343	98	2006	0
487	1	1	343	145	2007	54647
488	2	1	0	114	2005	0
489	1	1	0	141	2006	17845
490	1	2	0	0	0	0
491	1	1	333	0	2009	16010
492	1	0	0	0	0	0
493	1	1	351	152	2006	0
494	1	1	333	108	2007	17836
495	1	2	351	109	2007	0
496	1	1	335	117	0	9382
497	1	1	328	0	0	9128
498	1	2	337	114	2008	20925
499	2	2	0	101	2004	23994
500	2	2	0	150	2005	15932
501	2	2	0	93	2005	19839
502	1	0	0	0	0	0
503	1	2	351	152	2006	26269
504	1	1	341	152	2008	3036
505	1	1	336	113	2006	19835
506	2	1	0	90	2005	5616
507	1	2	331	112	2007	17351
508	1	1	334	114	2007	25825
509	1	1	344	147	2008	21781
510	1	2	0	114	2008	0
511	1	1	329	151	2008	19840
512	1	0	0	0	0	0
513	1	1	0	109	2006	5852
514	1	0	0	104	0	0
515	1	1	338	152	2009	17294
516	2	2	327	130	2005	4711
517	1	1	327	122	2008	50093
518	1	1	328	0	2009	2602
519	1	1	341	130	2008	17786
520	1	1	329	0	2008	10563
521	1	2	329	0	2009	50846
522	2	1	0	0	0	0
523	1	2	328	120	2008	25616
524	1	1	334	141	2008	18959
525	3	2	0	134	0	26488
526	1	1	334	97	2006	25441
527	1	1	329	0	2009	19776
528	1	1	335	105	2007	20840
529	1	1	330	99	2009	19940
530	1	1	327	117	2007	2448
531	1	1	335	152	2008	22410
532	1	1	337	97	2007	24516
533	1	1	329	98	2007	18173
534	1	1	330	139	2008	16261
535	1	2	0	145	2008	50963
536	1	1	341	134	2006	9765
537	1	1	0	109	2006	16233
538	1	2	331	99	2007	9262
539	4	2	0	152	0	0
540	2	2	327	132	2005	0
541	1	1	336	123	2007	18954
542	1	1	335	121	0	16353
543	1	1	331	97	2008	3388
544	2	1	0	97	0	0
545	1	1	328	98	2005	50059
546	1	1	342	139	2008	3840
547	1	2	0	117	2006	52806
548	1	2	333	106	2008	10372
549	1	1	329	97	2008	26091
550	1	1	335	125	2006	0
551	1	1	351	99	2006	50975
552	1	2	328	112	2009	9319
553	1	1	0	97	2006	0
554	1	2	347	123	2007	9782
555	1	1	329	114	2007	16805
556	1	1	337	147	2008	18936
557	1	1	327	135	2009	2355
558	1	2	0	92	2005	9720
559	2	2	0	119	2004	50763
560	1	1	0	156	2006	17588
561	3	0	0	0	0	0
562	1	2	0	137	2008	3840
563	1	0	0	110	2010	0
564	2	1	0	135	2005	19942
565	1	2	0	114	2007	9262
566	1	1	331	152	2008	0
567	1	2	333	147	2008	50178
568	1	1	346	125	2008	19177
569	1	1	329	117	2008	687
570	1	1	328	97	2009	25616
571	1	2	0	0	0	0
572	1	2	335	157	2008	9688
573	1	2	329	114	2009	50985
574	1	1	330	152	2009	50045
575	1	2	332	111	2009	20853
576	1	1	332	0	2009	3012
577	1	0	0	130	2005	4694
578	1	1	0	114	2006	50084
579	1	2	329	0	2009	21408
580	1	2	333	114	2008	50909
581	1	0	336	105	0	16360
582	1	2	333	157	2007	52783
583	2	2	0	103	1993	24524
584	1	2	346	151	2007	51382
585	1	1	344	109	0	50292
586	1	2	346	96	2009	50554
587	2	1	328	115	2004	17573
588	1	1	346	97	2008	51193
589	1	1	0	97	2006	2763
590	1	1	335	152	2008	50613
591	1	1	0	0	2008	9318
592	1	1	330	0	2009	19464
593	1	1	342	108	2006	22237
594	1	1	329	112	2007	6139
595	2	1	0	139	2005	16510
596	1	1	329	157	2007	5999
597	1	1	330	0	2009	21408
598	1	1	0	111	2005	21730
599	1	2	0	123	2005	8357
600	1	1	333	109	2007	25820
601	1	2	0	116	2005	2973
602	1	2	337	105	2008	50118
603	1	1	348	99	2006	54538
604	1	2	0	145	2007	18981
605	1	0	331	152	2008	18070
606	1	1	329	97	0	0
607	1	2	333	147	2007	19295
608	1	1	333	98	2008	2292
609	2	1	0	115	2004	50006
610	1	1	329	109	2009	50020
611	1	2	0	127	0	50511
612	1	1	328	105	2009	16117
613	1	1	345	102	2008	7676
614	1	1	0	109	2007	9073
615	2	0	0	0	2005	0
616	2	1	0	98	2005	51188
617	2	1	0	105	2002	5934
618	1	1	331	137	2007	50963
619	2	2	0	156	1998	0
620	1	1	345	130	2009	16233
621	2	1	0	109	2005	3840
622	1	0	336	141	2008	9211
623	1	0	0	0	0	0
624	2	1	0	90	2005	25540
625	1	0	347	109	0	17636
626	1	1	329	117	2006	0
627	1	1	332	109	2008	5477
628	1	2	0	141	2008	804
629	2	1	0	147	2005	9078
630	1	2	330	98	2009	17641
631	2	1	0	105	2004	22843
632	2	1	0	118	2005	16969
633	1	2	0	152	2007	50398
634	1	2	344	139	2006	50037
635	1	2	337	147	2008	19339
636	2	1	0	117	2003	10985
637	1	2	328	125	2009	0
638	1	1	330	109	2009	6126
639	1	2	339	112	2008	19198
640	3	0	0	0	0	0
641	1	2	0	114	2005	0
642	1	1	0	123	2007	25825
643	1	2	0	0	0	0
644	2	1	0	109	2005	15239
645	1	1	0	145	2005	26488
646	1	2	331	117	2008	0
647	1	0	332	0	2008	9752
648	1	2	0	152	2006	26659
649	1	1	0	118	2007	50223
650	1	1	0	99	2007	9437
651	1	1	0	114	2006	2694
652	1	2	331	157	2008	25070
653	1	1	0	114	2007	0
654	1	2	334	139	2008	50533
655	1	2	333	0	2008	21596
656	1	1	339	0	2009	50737
657	1	1	329	97	2007	50419
658	1	1	328	150	0	16685
659	1	2	0	152	2005	7112
660	1	2	0	0	2008	2291
661	1	0	0	0	0	0
662	2	2	0	123	2005	19515
663	1	1	346	0	2006	17908
664	1	0	335	97	2006	3840
665	1	2	333	109	2005	8947
666	1	2	0	152	2006	23765
667	1	1	0	115	2006	25783
668	1	2	340	0	2008	52105
669	1	0	0	109	2006	0
670	1	1	335	97	2006	9677
671	1	2	334	125	2007	20927
672	1	1	342	123	2007	19958
673	1	2	333	139	2008	52009
674	2	2	345	105	2003	54931
675	1	2	334	125	2007	50308
676	1	1	0	152	2006	12495
677	1	1	349	99	2009	9060
678	2	2	0	107	2005	50193
679	2	2	0	0	2004	0
680	1	1	0	125	2009	1384
681	1	0	0	0	0	0
682	1	2	328	104	2008	16990
683	3	2	335	121	2008	19674
684	1	0	0	144	0	805
685	1	1	0	142	2005	5868
686	2	0	0	0	0	0
687	1	1	342	97	2007	50043
688	1	1	350	97	2007	18230
689	1	1	330	0	2009	60263
690	1	1	335	152	2008	2041
691	2	1	0	145	2005	50084
692	1	1	333	0	2008	25825
693	1	0	0	0	0	0
694	1	1	328	152	2009	25825
695	1	2	333	126	2008	6392
696	1	2	344	114	2008	50065
697	1	1	0	0	0	18960
698	1	1	335	117	2008	52207
699	1	1	0	123	2006	20853
700	2	2	0	109	2005	50963
701	1	2	330	117	2009	19623
702	2	2	0	145	2005	50178
703	1	1	328	0	0	0
704	1	1	335	98	2008	9220
705	1	1	328	141	2009	20738
706	1	1	344	152	2008	0
707	1	1	331	135	2009	2554
708	1	2	333	152	2007	23487
709	2	1	0	108	2005	17658
710	1	2	0	154	2005	17183
711	1	2	328	152	2009	0
712	1	1	334	114	2007	19941
713	2	1	337	99	2004	8939
714	1	2	334	93	2007	0
715	1	2	336	94	2008	17568
716	1	1	328	0	2009	16510
717	2	1	0	102	2005	12579
718	1	1	331	109	2008	9262
719	1	2	350	0	2008	0
720	1	1	335	152	2007	0
721	1	1	329	97	2007	17247
722	2	2	0	153	2004	17149
723	1	1	341	109	2008	0
724	2	2	336	147	2005	2291
725	1	1	0	125	2007	11878
726	1	1	349	120	2009	53663
727	0	1	0	134	2005	0
728	1	2	0	152	2005	0
729	1	0	0	139	2007	25783
730	1	2	0	152	0	21235
731	1	2	330	0	2009	0
732	1	1	0	0	2007	50065
733	1	1	331	0	2008	9618
734	5	1	0	111	2005	17918
735	1	0	349	0	2008	0
736	2	2	0	0	2005	21831
737	1	2	333	109	2007	50737
738	1	1	346	151	2007	50088
739	1	1	333	139	2008	5221
740	1	1	0	123	2007	0
741	1	2	0	111	0	2790
742	1	2	335	143	2008	50141
743	2	1	0	151	2004	19184
744	1	1	344	152	2008	9004
745	1	1	0	152	2006	54957
746	1	2	331	0	2008	9831
747	1	0	0	103	0	0
748	1	1	347	128	2009	19396
749	1	1	332	105	2008	50117
750	1	1	330	0	2009	50899
751	2	1	0	111	2005	25825
752	1	2	351	108	2007	51060
753	2	1	0	114	2005	2622
754	1	2	0	108	0	0
755	1	0	0	0	0	0
756	2	1	0	97	2005	50118
757	1	1	0	99	2006	50100
758	2	2	0	151	2004	19157
759	1	2	0	97	2005	9530
760	1	1	0	110	2006	23016
761	1	1	0	117	2006	50615
762	3	1	0	150	0	0
763	1	0	0	0	0	0
764	1	1	331	0	2005	9826
765	1	2	330	102	2009	0
766	1	1	335	152	2008	50024
767	1	1	0	153	0	50036
768	1	1	0	154	2006	19157
769	1	2	331	109	2008	19934
770	2	1	0	102	2005	9617
771	1	2	333	147	2009	19147
772	2	1	0	130	2005	26186
773	1	2	335	152	2008	20853
774	4	0	0	0	0	0
775	1	1	342	0	2009	50122
776	1	0	0	0	0	50863
777	1	2	328	117	2009	0
778	1	1	336	157	2007	9495
779	2	1	336	117	2005	17658
780	1	2	331	97	2006	19281
781	1	1	335	152	2008	10289
782	1	1	336	99	2005	21268
783	1	2	328	0	2008	21408
784	1	0	0	151	2007	17568
785	1	2	0	134	2007	9421
786	1	1	339	135	2008	16985
787	1	1	335	98	2007	11791
788	1	2	0	0	2006	0
789	2	1	0	125	2005	3993
790	1	1	328	97	2009	21315
791	1	1	329	97	2008	52642
792	1	2	0	145	2006	50088
793	2	1	0	133	2005	4031
794	1	1	328	97	2009	16485
795	1	2	0	125	2007	9021
796	1	1	0	90	2005	25065
797	1	1	351	109	2005	8011
798	1	0	0	0	0	0
799	2	0	0	0	0	0
800	1	2	333	147	2007	10090
801	1	1	330	128	2009	835
802	1	2	329	0	2008	20738
803	1	1	0	152	2006	16694
804	1	1	330	139	2009	6022
805	1	2	341	141	2007	50722
806	1	2	331	114	2006	5725
807	1	1	328	139	2009	9262
808	1	1	331	114	2008	50737
809	2	2	0	91	2001	0
810	2	2	0	152	2005	50963
811	1	1	346	97	2007	3172
812	2	1	0	114	2005	26110
813	1	0	0	97	2006	24013
814	1	1	333	0	2009	0
815	1	1	333	114	2008	22205
816	2	0	0	0	0	0
817	1	1	329	0	2008	50459
818	1	1	328	105	2008	50314
819	1	1	0	115	0	0
820	1	2	0	99	2006	26243
821	1	1	0	123	2006	6400
822	1	2	344	157	2007	4095
823	1	2	333	102	2008	50152
824	1	1	0	134	2006	9286
825	1	1	351	135	2007	51177
826	1	2	336	143	2007	50353
827	1	1	331	92	2006	21556
828	2	1	0	125	2005	52197
829	1	0	346	0	0	0
830	1	1	343	152	2006	0
831	1	1	342	97	2006	16383
832	1	1	335	152	2008	23815
833	1	1	351	152	2006	11328
834	1	0	0	0	0	0
835	1	1	0	152	2006	0
836	1	2	344	91	2010	0
837	1	2	349	111	2007	0
838	1	2	330	99	2009	50112
839	2	2	0	110	0	0
840	1	2	0	145	2007	18697
841	1	1	331	142	2007	0
842	1	2	0	104	2006	1933
843	1	1	336	109	2007	9093
844	1	1	0	152	2006	0
845	1	1	0	105	2006	21556
846	2	1	0	101	2005	50008
847	1	2	342	153	2007	24567
848	1	2	328	143	2008	6536
849	1	1	0	145	0	50344
850	1	2	0	99	2007	8130
851	1	2	329	0	2008	16510
852	1	2	336	136	2007	50131
853	1	0	0	115	0	0
854	1	1	331	132	2008	54563
855	1	2	337	0	2007	26535
856	1	1	334	0	2008	16718
857	1	2	333	152	2006	0
858	1	1	331	97	2007	16141
859	1	2	337	0	2008	9802
860	1	0	335	0	2008	50020
861	2	0	0	0	0	0
862	1	2	335	0	2008	26317
863	1	1	0	105	2006	50091
864	1	2	336	156	2007	21598
865	1	1	0	97	2006	8947
866	2	1	0	105	2005	9068
867	1	1	0	109	2007	50223
868	2	0	0	153	2005	55692
869	1	2	0	105	2005	841
870	1	1	0	0	2009	50909
871	1	1	0	151	2006	19157
872	1	2	345	108	2009	0
873	1	2	0	151	2006	50068
874	2	0	0	0	0	0
875	1	2	0	0	2008	50864
876	1	1	332	147	2007	52234
877	1	1	342	0	2008	21579
878	1	2	347	0	2009	21638
879	1	1	0	152	0	5221
880	4	0	0	0	0	0
881	1	1	342	92	2007	9224
882	1	2	333	108	2008	3681
883	1	1	328	99	2009	0
884	1	1	346	0	2008	2861
885	1	2	331	106	2007	2623
886	1	1	334	139	2007	50872
887	1	2	0	152	2006	0
888	1	2	0	109	2007	9586
889	2	2	332	154	2003	10452
890	1	1	341	123	2008	19674
891	1	1	346	134	2008	9813
892	1	1	0	105	2006	22932
893	1	1	330	106	2009	20847
894	1	2	328	152	2009	52964
895	1	0	349	98	2007	50166
896	1	1	0	135	2008	50253
897	1	1	339	98	2006	10452
898	1	1	0	121	0	19706
899	1	2	332	105	2009	0
900	1	2	346	109	2008	2702
901	2	1	0	115	2004	51160
902	1	2	330	109	2009	19974
903	1	1	331	114	2007	50125
904	2	1	0	97	0	21197
905	1	1	329	99	2007	52125
906	1	1	328	97	2009	51087
907	1	1	329	0	2007	17275
908	1	1	332	121	2007	18043
909	1	0	0	0	0	0
910	2	2	342	152	2005	24013
911	2	2	0	108	2005	10213
912	1	2	0	141	2006	783
913	1	1	0	102	2006	50786
914	1	2	328	117	2009	0
915	5	0	330	152	2007	0
916	1	1	328	109	2009	0
917	1	1	328	98	2009	18295
918	1	2	330	0	2009	0
919	1	2	346	145	2007	17636
920	1	1	0	109	2006	50112
921	1	1	331	152	2007	14424
922	1	1	350	0	2009	50010
923	1	2	342	92	2007	11236
924	1	1	346	98	0	3716
925	1	2	0	118	2007	0
926	1	1	0	122	2006	0
927	1	1	334	114	2007	25825
928	1	1	330	0	2008	50148
929	2	1	0	139	2004	18158
930	1	2	0	147	2005	19680
931	1	2	330	0	2009	19237
932	1	1	344	114	2007	7201
933	1	2	331	112	2008	25996
934	1	2	351	152	2006	21190
935	1	0	0	0	0	18697
936	2	2	0	0	0	0
937	1	1	329	152	2007	15589
938	1	1	347	0	2008	15853
939	1	1	338	152	2005	0
940	1	2	0	134	2007	21566
941	1	2	335	111	2009	20733
942	1	1	331	109	2007	11227
943	1	2	335	0	2009	19222
944	1	2	0	0	2008	0
945	1	1	334	0	2008	51444
946	1	1	332	139	2007	1384
947	1	1	328	117	2009	56748
948	1	2	333	0	2009	50080
949	1	0	0	114	0	50308
950	1	1	329	97	2007	16141
951	2	1	0	90	2004	1333
952	1	1	332	139	2009	0
953	1	2	350	157	2008	11140
954	1	1	0	97	2006	9321
955	2	1	0	109	2004	0
956	1	2	330	99	2008	3172
957	1	1	328	151	2009	0
958	1	2	349	105	2008	51111
959	2	1	0	151	2005	51465
960	2	1	0	152	0	19860
961	1	0	0	0	2007	842
962	1	1	334	108	2007	0
963	2	2	328	99	2005	16805
964	1	1	0	123	0	17717
965	1	2	0	106	2007	0
966	2	2	0	125	2005	21600
967	1	2	347	114	2008	21315
968	1	2	333	114	2008	9318
969	1	0	0	0	0	3840
970	1	0	0	0	0	0
971	1	1	335	99	2009	3388
972	1	0	0	0	0	0
973	1	2	333	0	0	0
974	1	2	329	0	0	0
975	1	1	332	0	2008	50378
976	1	1	330	0	2008	25565
977	1	2	0	156	2010	50285
978	1	2	0	115	2006	20807
979	1	1	0	113	2006	25825
980	1	1	333	0	2007	19885
981	1	1	336	114	2005	51031
982	1	2	338	152	2009	10289
983	1	1	335	141	2009	50383
984	2	2	0	97	2005	9046
985	1	2	351	112	2006	21531
986	1	0	0	152	0	805
987	1	1	334	114	2008	2716
988	1	0	0	103	0	51700
989	1	1	0	152	2006	0
990	1	1	333	141	2007	2725
991	1	2	329	105	2008	5480
992	1	0	0	0	0	0
993	1	2	351	0	2005	0
994	1	0	0	0	2007	0
995	1	2	336	152	2006	26446
996	1	1	333	125	2007	17658
997	1	2	331	136	2007	50920
998	1	2	335	118	2008	19508
999	1	1	334	141	2008	17534
1000	1	2	0	139	2006	50020
1001	1	2	333	134	2006	50763
1002	1	1	343	153	2008	0
1003	1	0	0	0	0	0
1004	1	1	0	0	2008	694
1005	1	1	0	114	2006	21596
1006	4	1	332	0	0	10361
1007	2	1	0	109	2005	19508
1008	1	1	333	0	2007	0
1009	2	0	0	106	0	3748
1010	3	2	0	123	0	0
1011	1	2	331	0	2009	19756
1012	2	1	0	105	2005	50459
1013	1	1	328	92	2009	17584
1014	1	1	332	125	2006	4446
1015	1	1	344	90	2008	16233
1016	1	1	328	117	2009	50117
1017	1	2	328	114	2008	17697
1018	1	1	333	141	2006	9782
1019	1	1	331	0	2008	52104
1020	2	2	0	147	2003	0
1021	1	2	331	109	2009	9950
1022	1	1	351	109	2006	20731
1023	1	1	331	109	2009	21178
1024	4	1	0	0	0	0
1025	1	1	0	117	2007	0
1026	1	1	333	139	2008	15917
1027	1	2	0	119	0	0
1028	1	1	345	92	2007	19912
1029	1	2	0	123	2006	50020
1030	2	1	0	97	2005	15959
1031	1	0	0	99	2010	51185
1032	1	2	331	106	2008	3713
1033	1	2	336	153	0	8131
1034	1	1	0	109	0	50131
1035	1	2	329	0	2007	0
1036	1	0	0	0	0	3716
1037	1	1	0	97	2006	17140
1038	1	1	0	109	2007	4549
1039	1	2	0	95	0	0
1040	1	2	327	157	2010	0
1041	1	2	339	135	2008	11123
1042	1	2	342	155	2005	0
1043	1	2	327	121	2006	26488
1044	1	2	351	136	2006	9007
1045	1	2	335	157	2009	1272
1046	1	2	328	97	2008	9530
1047	1	1	349	99	2008	25154
1048	1	1	328	98	2009	8905
1049	1	2	336	105	2008	9343
1050	1	1	0	0	2007	50582
1051	1	2	0	130	2006	53392
1052	1	1	330	151	2007	6400
1053	1	1	0	97	2006	15875
1054	1	1	0	152	2007	56268
1055	1	2	333	152	0	0
1056	1	2	333	152	2007	19920
1057	2	2	346	115	2005	50343
1058	1	2	351	125	2007	17980
1059	1	1	0	145	2008	50033
1060	1	1	337	152	2008	17055
1061	1	2	0	157	0	0
1062	1	1	335	154	2009	16045
1063	1	2	335	114	2009	50946
1064	2	2	0	152	2005	10289
1065	1	2	0	152	2006	0
1066	1	1	335	152	2006	25541
1067	1	1	0	151	2007	50582
1068	1	2	335	158	2008	9414
1069	1	1	0	121	2007	50630
1070	2	1	0	114	2004	17908
1071	1	2	331	152	2008	10372
1072	1	1	327	114	2006	6653
1073	1	1	0	152	2006	20846
1074	1	1	329	0	2008	19480
1075	1	2	329	156	2009	25180
1076	1	1	335	114	2008	21556
1077	1	2	0	147	2006	16731
1078	3	1	0	105	2006	50010
1079	1	1	0	156	2008	0
1080	1	1	333	0	2009	17507
1081	1	1	338	129	2009	5477
1082	1	1	0	114	0	6942
1083	1	2	0	109	2007	16588
1084	2	1	0	97	2005	50863
1085	1	0	0	0	0	0
1086	4	2	0	0	0	0
1087	1	2	344	0	2008	1384
1088	1	1	339	0	2009	5868
1089	1	2	331	147	2007	50317
1090	1	2	336	0	2008	19674
1091	2	0	0	0	0	0
1092	1	1	330	125	0	50649
1093	1	2	330	0	2009	0
1094	1	2	0	0	0	50005
1095	1	2	328	125	2009	3864
1096	2	1	0	110	2005	26283
1097	1	1	329	109	0	16256
1098	1	2	335	152	0	11205
1099	1	1	0	114	2006	25357
1100	1	1	333	114	2009	2701
1101	1	1	329	105	2008	19157
1102	1	1	0	109	0	0
1103	2	1	336	97	2005	50864
1104	1	2	330	152	2005	0
1105	1	2	330	139	2009	17908
1106	1	1	0	139	2006	51285
1107	1	2	346	102	2006	50459
1108	1	1	0	93	2007	0
1109	1	1	345	106	0	50712
1110	1	1	335	123	2006	50897
1111	1	0	0	0	0	0
1112	1	2	333	145	2008	0
1113	2	1	0	105	2004	3678
1114	1	2	333	153	2009	17140
1115	1	2	330	153	2009	50459
1116	2	1	0	141	2004	16688
1117	1	0	0	0	0	0
1118	1	1	346	134	2008	10435
1119	2	2	329	114	2002	9077
1120	1	1	335	152	2006	0
1121	1	2	340	152	2008	0
1122	1	1	342	120	2008	17658
1123	1	2	335	152	2008	0
1124	1	0	0	0	0	0
1125	2	2	351	125	2005	0
1126	1	2	331	152	2008	1894
1127	2	2	0	152	2005	19208
1128	1	1	336	152	2007	3172
1129	5	2	328	0	2008	50504
1130	1	1	329	114	0	9580
1131	1	2	335	114	2008	51174
1132	1	2	332	152	2008	23858
1133	1	2	0	155	2006	19444
1134	2	1	348	158	2003	0
1135	1	2	333	0	2009	16261
1136	2	1	0	117	1999	25434
1137	2	1	0	151	2005	10735
1138	2	0	0	109	0	26488
1139	1	2	342	152	2007	25370
1140	2	1	0	117	2005	1608
1141	1	2	331	99	2007	20763
1142	2	1	0	109	2005	6560
1143	1	2	330	125	2009	17247
1144	1	1	333	106	2008	565
1145	1	1	0	112	0	51977
1146	1	2	350	0	2008	0
1147	1	2	330	117	2009	0
1148	1	1	0	105	2006	25034
1149	1	1	0	141	2007	50410
1150	1	1	335	97	2008	9424
1151	1	2	330	111	2008	0
1152	1	2	327	125	2006	9129
1153	2	1	0	97	2004	25073
1154	2	1	0	114	2005	9351
1155	1	1	351	123	2006	22234
1156	1	1	340	152	2007	9318
1157	1	0	0	0	0	0
1158	1	2	335	97	2008	7851
1159	1	0	329	133	2007	9073
1160	1	1	333	152	2007	0
1161	1	1	346	145	2007	5868
1162	1	1	329	97	2009	19674
1163	1	1	344	139	2009	50184
1164	2	1	0	109	2005	9318
1165	1	1	330	0	2009	18083
1166	1	1	0	92	2007	5841
1167	1	0	0	0	0	0
1168	1	1	329	125	2007	9292
1169	1	1	0	151	0	50504
1170	1	1	0	122	2007	9262
1171	1	2	0	117	2006	21012
1172	1	1	330	0	2009	50086
1173	2	2	0	134	2005	3675
1174	1	1	329	0	2008	2292
1175	5	1	0	152	2005	26308
1176	1	2	333	114	2008	50100
1177	2	2	0	147	2005	9950
1178	1	1	329	98	2009	19674
1179	1	2	0	98	0	19674
1180	1	2	333	0	2008	50045
1181	1	1	0	135	2004	52089
1182	1	0	0	108	2006	50028
1183	1	1	331	141	2005	55207
1184	1	2	330	125	2008	51786
1185	2	2	0	102	2005	26673
1186	1	2	329	147	2009	0
1187	1	1	0	143	2006	54515
1188	1	1	333	0	2008	50277
1189	2	1	0	152	2005	6139
1190	1	2	329	157	2009	3701
1191	1	1	335	117	2007	3161
1192	1	1	349	140	0	17908
1193	1	1	332	140	2009	9382
1194	1	1	351	117	2006	50909
1195	1	2	344	152	2007	4694
1196	1	2	334	141	2008	50582
1197	1	1	0	141	2006	20631
1198	1	1	0	154	0	11123
1199	1	1	343	152	2008	0
1200	1	1	0	99	2005	0
1201	1	1	333	0	2008	9262
1202	1	2	332	153	0	16156
1203	2	1	333	151	2005	0
1204	1	2	351	125	2006	9146
1205	1	0	337	116	2007	4237
1206	1	1	0	114	2006	25825
1207	1	2	351	136	2006	19674
1208	1	1	333	0	2008	50649
1209	1	1	0	97	2006	51624
1210	1	2	350	0	0	53910
1211	2	0	0	125	0	51141
1212	1	1	342	154	2008	17352
1213	1	1	329	135	2009	9614
1214	1	1	333	101	2009	50360
1215	1	1	329	109	2008	54754
1216	2	1	0	105	2005	5845
1217	1	2	340	152	2008	16156
1218	1	2	345	0	2007	50498
1219	1	2	333	153	2009	17690
1220	1	2	333	106	2008	50406
1221	1	2	347	123	2007	3123
1222	1	1	0	152	2006	0
1223	1	1	332	0	2009	61178
1224	2	2	0	114	2005	23613
1225	1	1	0	0	2007	0
1226	1	1	329	0	2008	1384
1227	1	1	329	0	0	7201
1228	1	1	333	0	2008	0
1229	1	2	328	152	2009	9722
1230	4	1	0	0	0	19379
1231	1	1	0	117	2006	23502
1232	1	1	334	139	2007	50975
1233	1	1	349	0	2008	16396
1234	1	1	329	125	2009	3739
1235	1	1	0	106	2006	21242
1236	1	1	347	152	2008	17836
1237	1	1	347	152	2009	3716
1238	1	2	337	146	2009	19213
1239	1	0	0	0	0	10265
1240	1	2	328	125	0	17060
1241	2	1	0	99	2004	59166
1242	1	2	331	114	2007	50398
1243	1	1	330	97	0	5738
1244	1	2	339	153	2010	26753
1245	1	2	351	114	2005	24021
1246	1	1	0	122	0	0
1247	1	2	340	113	2008	51354
1248	1	0	335	101	2007	51846
1249	1	0	0	0	2006	0
1250	1	2	0	97	2007	19444
1251	3	0	0	123	0	0
1252	1	2	346	123	2007	5215
1253	1	1	0	146	0	3666
1254	1	1	333	109	2008	1333
1255	1	1	350	109	2008	50315
1256	1	1	338	123	2007	5725
1257	1	1	0	0	0	2725
1258	2	0	0	147	0	0
1259	1	0	0	152	0	0
1260	1	2	332	152	2008	5789
1261	2	0	0	108	2005	5852
1262	1	2	0	118	2005	53392
1263	1	2	340	114	2006	16486
1264	1	0	348	152	0	0
1265	1	1	333	93	2007	51354
1266	1	1	330	0	2008	25825
1267	1	1	330	0	0	1496
1268	1	1	0	122	2006	0
1269	1	1	330	108	2009	17264
1270	2	1	341	111	2004	0
1271	1	0	328	123	2007	17858
1272	1	1	332	0	2009	6399
1273	1	2	333	147	2007	5587
1274	1	2	333	135	2007	52977
1275	1	1	340	128	2005	51573
1276	1	1	328	0	0	50005
1277	1	1	0	121	2007	21129
1278	1	1	329	117	2008	5928
1279	1	1	330	152	2009	16383
1280	1	1	339	113	2007	50649
1281	1	2	330	109	2007	17573
1282	1	2	329	145	2009	17845
1283	1	1	339	122	2009	9262
1284	4	1	0	0	0	19777
1285	1	2	0	90	2007	3638
1286	4	1	0	0	0	9533
1287	1	2	336	0	2008	9414
1288	1	1	0	125	2006	10090
1289	1	1	329	114	0	14822
1290	1	2	0	127	0	0
1291	1	1	351	109	2006	16298
1292	1	1	0	152	2006	23016
1293	1	2	330	152	2009	0
1294	1	2	0	152	2005	24210
1295	1	1	344	0	2008	16805
1296	2	1	0	109	2005	0
1297	1	1	335	99	2007	10094
1298	3	0	0	0	0	0
1299	1	2	346	105	2007	1843
1300	1	1	329	109	2008	19526
1301	1	2	330	156	2008	17430
1302	2	1	0	152	2005	0
1303	1	1	333	145	2008	2702
1304	1	1	335	152	2007	19606
1305	1	1	0	90	2006	51751
1306	1	1	344	146	2008	50088
1307	1	1	344	117	2005	51038
1308	1	0	331	0	2008	50018
1309	2	1	0	98	2005	50179
1310	1	2	0	152	2005	26284
1311	1	1	336	0	2008	20631
1312	2	1	0	152	2003	17140
1313	2	1	0	155	2004	0
1314	1	2	328	98	2008	19674
1315	1	1	0	98	2006	0
1316	1	2	331	153	2008	52104
1317	1	2	334	152	2008	0
1318	1	1	0	134	2006	54927
1319	1	2	0	152	2006	21146
1320	1	1	0	152	2007	9107
1321	1	1	328	156	2008	0
1322	1	2	350	139	2007	50020
1323	1	2	0	109	2006	2322
1324	1	2	335	157	2007	17534
1325	2	2	0	152	2005	10289
1326	1	2	329	0	2009	50975
1327	2	1	0	155	2005	51216
1328	1	1	0	99	2007	21556
1329	1	2	329	114	2008	22927
1330	1	1	341	152	2008	50419
1331	2	0	0	118	2005	20927
1332	1	0	0	114	2007	804
1333	1	1	331	0	2009	10486
1334	1	2	0	125	2007	17907
1335	1	2	335	152	2005	19155
1336	2	1	0	148	0	0
1337	1	1	349	99	2007	50459
1338	1	0	0	142	2007	3611
1339	1	1	0	152	2006	21658
1340	1	2	351	0	0	3659
1341	1	2	0	0	2007	25278
1342	1	1	351	98	2006	50400
1343	1	2	333	141	2006	51008
1344	2	2	0	97	2004	11099
1345	1	1	0	130	2007	26253
1346	2	2	0	114	2004	842
1347	1	2	0	152	2006	9417
1348	1	1	330	109	2008	50930
1349	2	2	331	114	2005	49
1350	2	1	0	101	2005	11019
1351	1	2	329	0	2008	0
1352	1	1	350	0	2008	9618
1353	1	1	0	92	2006	0
1354	1	0	0	0	0	0
1355	2	2	0	99	2005	51521
1356	2	2	0	123	2005	1935
1357	1	1	347	147	2008	5282
1358	2	2	0	152	2005	52737
1359	1	2	346	141	2006	50259
1360	1	2	351	103	2006	0
1361	1	2	329	97	2009	9178
1362	1	1	341	116	2007	50335
1363	1	1	0	0	2008	2802
1364	1	2	0	100	2006	20721
1365	1	1	0	146	2007	21163
1366	1	2	335	153	2007	4677
1367	1	1	351	93	2006	6111
1368	1	1	0	123	2006	17584
1369	1	1	330	152	2009	0
1370	1	2	339	140	2006	10088
1371	1	0	0	142	2006	60030
1372	1	2	0	108	0	10198
1373	1	2	337	99	2007	9806
1374	1	2	333	120	2007	50010
1375	1	2	0	98	2006	52336
1376	1	2	333	102	2006	342
1377	1	0	0	99	2006	17640
1378	1	2	342	147	2006	25073
1379	1	1	329	135	2008	25836
1380	1	1	329	117	2008	51884
1381	2	2	0	114	2003	50373
1382	1	1	0	152	2008	9321
1383	1	2	333	106	2008	50131
1384	3	2	0	114	0	0
1385	1	1	329	106	2007	21653
1386	1	1	330	154	2007	3586
1387	1	1	332	97	2008	8647
1388	1	2	335	152	2008	9776
1389	1	0	0	0	0	0
1390	1	2	0	105	2010	25043
1391	4	2	0	0	0	0
1392	1	2	336	136	2007	21596
1393	1	1	334	132	2008	25543
1394	1	2	335	152	2008	23303
1395	2	2	0	106	0	0
1396	1	1	328	0	2008	19983
1397	1	2	0	157	2006	50692
1398	1	2	0	152	2007	5979
1399	1	1	329	106	2008	25458
1400	2	1	0	125	2004	9618
1401	1	1	331	0	2008	50846
1402	1	2	332	152	0	17287
1403	1	1	0	151	2006	50259
1404	1	0	349	113	0	0
1405	2	2	0	92	2005	5283
1406	1	0	0	0	0	0
1407	1	1	0	106	2006	17351
1408	1	2	333	147	2006	18993
1409	1	0	0	98	2007	5407
1410	1	2	344	152	2009	19167
1411	1	1	0	145	0	0
1412	1	2	0	152	2005	3610
1413	1	0	0	99	0	0
1414	1	2	0	140	0	9021
1415	1	1	0	117	2006	17079
1416	1	2	328	114	2008	26488
1417	1	1	328	128	2009	0
1418	1	2	0	152	2007	20784
1419	1	1	343	152	2008	50846
1420	1	1	0	113	2006	19674
1421	1	1	0	105	2006	19074
1422	1	0	0	98	2007	1384
1423	1	2	329	112	2008	6138
1424	1	1	0	152	0	4663
1425	1	2	329	109	2009	19208
1426	1	1	329	97	2009	17294
1427	1	1	349	141	2007	5928
1428	1	1	0	114	2007	18230
1429	1	1	0	151	2005	16805
1430	1	1	330	133	2009	50080
1431	2	1	0	114	2005	17573
1432	1	1	0	125	2006	21605
1433	3	1	339	122	0	0
1434	1	1	333	0	0	0
1435	1	2	0	139	2006	50043
1436	1	1	341	152	2008	25284
1437	1	2	0	125	0	51160
1438	1	2	333	139	2009	17636
1439	1	2	0	147	2006	50317
1440	1	1	333	98	2008	6505
1441	1	0	0	0	0	0
1442	1	2	329	109	2008	10355
1443	2	1	0	0	2006	51977
1444	1	1	330	118	2009	50073
1445	1	1	0	109	2007	25072
1446	1	2	334	139	2008	50166
1447	1	2	335	153	2009	1912
1448	1	2	0	122	2006	52451
1449	2	0	0	109	2005	3611
1450	1	2	0	157	2006	16320
1451	2	1	341	104	2004	18950
1452	1	0	0	98	2005	0
1453	1	1	327	114	2007	0
1454	1	1	329	109	2008	6139
1455	1	1	335	152	0	19674
1456	1	1	348	123	2007	9318
1457	1	0	331	97	2007	50985
1458	1	0	0	0	0	0
1459	1	2	0	0	2006	0
1460	2	1	0	97	2004	50436
1461	1	2	0	114	2006	15903
1462	1	1	349	98	2008	0
1463	1	2	329	99	2007	0
1464	1	1	0	114	2006	25280
1465	1	2	0	151	2006	50214
1466	2	1	331	92	2004	50168
1467	1	0	349	141	2007	9366
1468	1	0	0	97	2006	26532
1469	1	1	333	105	2008	5482
1470	1	2	0	152	2005	6886
1471	2	1	0	147	2005	19862
1472	1	0	330	141	2008	50232
1473	1	2	0	111	2006	1566
1474	1	2	331	0	2008	26488
1475	2	2	0	0	0	0
1476	1	2	344	118	2007	19687
1477	1	2	0	123	2006	19697
1478	1	1	330	152	2010	50017
1479	1	2	333	0	2008	5845
1480	2	0	0	0	0	0
1481	3	1	0	115	0	0
1482	2	2	0	125	2005	9423
1483	1	2	328	114	2009	18042
1484	1	2	333	105	2007	23965
1485	1	1	0	151	0	0
1486	1	2	337	109	2008	19514
1487	2	1	331	106	2005	53506
1488	1	2	0	158	2006	50518
1489	2	1	0	141	2005	50253
1490	1	1	0	114	2006	6674
1491	1	1	331	111	2006	18230
1492	1	0	0	0	0	0
1493	1	2	0	117	2006	19514
1494	2	1	0	97	2005	50059
1495	1	1	332	0	2008	50732
1496	2	2	0	114	2004	25825
1497	1	1	335	152	2007	50350
1498	1	2	333	135	2008	19674
1499	2	1	0	97	2004	15943
1500	1	1	0	92	2006	50400
1501	1	0	329	151	2007	50398
1502	1	1	0	117	2006	52380
1503	1	1	340	121	2008	3750
1504	1	1	343	109	2009	9530
1505	1	1	334	152	2007	0
1506	2	1	0	109	2005	21463
1507	1	2	331	111	2008	9262
1508	1	1	331	152	0	25156
1509	1	1	335	139	2009	50509
1510	2	0	0	0	0	0
1511	1	1	328	105	2009	6022
1512	2	2	0	139	2005	25775
1513	1	1	0	0	2008	50270
1514	1	2	337	98	2007	19374
1515	1	2	0	152	2006	5738
1516	1	2	346	136	2006	19941
1517	1	1	330	114	2008	10408
1518	1	1	331	145	2006	17177
1519	1	2	0	114	2006	16389
1520	2	1	0	109	2005	25073
1521	2	2	0	125	2005	19674
1522	1	2	328	94	2008	19403
1523	1	2	333	147	2007	9880
1524	1	2	0	97	2007	50786
1525	1	1	0	97	2005	8160
1526	1	1	329	114	2008	50123
1527	1	1	330	114	2009	50132
1528	1	2	335	152	2008	51459
1529	2	1	0	97	2004	5242
1530	1	1	332	145	2008	7998
1531	1	2	333	108	2006	9060
1532	2	2	0	153	2005	2208
1533	1	1	345	145	2008	818
1534	1	1	0	123	2006	9618
1535	1	2	0	143	2006	19616
1536	1	2	347	0	2008	3716
1537	1	2	0	0	0	16219
1538	1	2	335	143	2008	51444
1539	1	0	329	141	2008	17717
1540	1	2	330	99	2008	20663
1541	1	2	333	125	2006	24924
1542	1	2	335	111	2008	51142
1543	1	2	351	114	2006	0
1544	1	2	0	114	2005	2694
1545	1	2	332	152	0	19606
1546	3	1	0	142	0	54283
1547	1	2	335	111	2009	53663
1548	2	1	0	109	2005	50166
1549	1	2	333	114	2007	50398
1550	2	2	330	101	2004	17000
1551	3	1	0	0	0	9106
1552	1	1	0	98	2008	23533
1553	2	1	0	109	2004	58358
1554	1	1	336	105	2006	0
1555	1	0	0	0	0	0
1556	1	2	351	141	2007	11268
1557	1	2	351	105	0	21605
1558	1	2	0	92	2005	50010
1559	2	2	0	152	2005	25551
1560	1	0	0	0	0	0
1561	2	0	0	92	2005	0
1562	1	1	333	0	2008	25825
1563	1	1	0	135	2006	25825
1564	1	1	329	152	2006	6385
1565	1	1	0	107	2006	50504
1566	1	1	347	98	2009	51077
1567	1	2	333	0	0	25825
1568	1	2	335	157	2009	25033
1569	1	1	330	114	2009	50103
1570	2	1	0	111	2005	19555
1571	1	1	346	117	2006	21579
1572	1	2	346	0	2009	50333
1573	1	2	336	156	2008	50294
1574	1	0	0	152	0	10289
1575	1	2	335	117	2006	4694
1576	1	1	0	115	2005	50010
1577	1	2	330	109	2009	51003
1578	1	0	0	0	0	0
1579	1	1	335	152	2008	24278
1580	1	2	331	152	2008	4866
1581	1	1	331	0	2008	16589
1582	1	0	0	0	0	0
1583	1	1	332	137	2007	50963
1584	1	2	0	151	2006	50347
1585	1	1	333	118	2008	25825
1586	1	1	333	97	2009	17454
1587	1	1	347	133	2007	9580
1588	2	1	0	152	2004	5999
1589	1	0	0	0	0	0
1590	1	2	329	141	2008	0
1591	1	1	331	125	2006	9262
1592	1	0	0	0	0	0
1593	1	0	0	0	0	0
1594	1	1	330	139	2009	18578
1595	1	2	336	147	2006	9625
1596	1	1	335	123	2007	19472
1597	2	1	0	96	2005	0
1598	2	1	0	154	2005	17792
1599	1	0	0	0	0	0
1600	2	2	335	136	2003	21629
1601	1	1	329	109	2009	21407
1602	1	2	0	152	2005	0
1603	1	2	328	97	2009	3574
1604	2	2	0	92	0	21235
1605	1	2	351	156	2007	51017
1606	4	0	0	0	0	0
1607	1	0	0	0	0	0
1608	1	1	341	152	2009	24757
1609	1	1	330	0	2008	5644
1610	1	1	335	139	2008	10289
1611	1	2	0	92	2006	50187
1612	1	1	0	116	2007	22219
1613	1	1	333	117	2007	57858
1614	1	1	347	0	0	19139
1615	2	1	0	152	2005	3003
1616	1	1	333	97	2008	21068
1617	1	2	345	0	2008	50564
1618	1	1	330	0	2009	50005
1619	1	1	329	152	2009	5002
1620	1	2	347	109	2007	3674
1621	2	0	0	0	2005	24930
1622	1	1	0	0	2005	9451
1623	1	2	333	92	2006	50659
1624	1	2	0	111	2007	19339
1625	1	1	335	0	0	53003
1626	1	2	0	147	2006	50657
1627	2	1	330	109	2003	10289
1628	1	1	0	152	2007	6126
1629	1	2	351	101	2007	17140
1630	2	1	0	109	2005	22237
1631	1	1	336	139	2006	16385
1632	1	1	346	0	2008	16532
1633	1	2	342	114	0	0
1634	1	2	330	146	2005	0
1635	1	1	344	152	2009	2041
1636	1	2	0	111	2006	928
1637	1	2	0	99	2006	2322
1638	2	2	0	0	0	0
1639	2	2	351	152	2005	21366
1640	1	2	336	114	0	0
1641	1	1	333	0	2009	7201
1642	1	1	332	111	2006	50395
1643	1	2	329	114	2008	21605
1644	2	2	0	156	2003	16496
1645	1	1	332	0	2009	0
1646	1	1	335	152	2006	0
1647	1	1	0	101	2006	16761
1648	1	2	335	0	2008	6139
1649	2	1	0	109	2005	52197
1650	1	1	344	135	2006	53375
1651	1	1	0	139	2006	50008
1652	2	1	0	125	2004	19838
1653	1	1	336	0	2008	0
1654	1	1	0	114	2006	50292
1655	2	2	0	105	2005	9530
1656	1	2	331	108	2008	24826
1657	2	2	0	156	2004	17819
1658	1	2	335	98	2007	21472
1659	1	1	333	139	2007	50086
1660	1	1	329	0	2008	50963
1661	1	2	328	0	2009	50459
1662	2	2	0	152	2003	25180
1663	2	1	0	110	0	0
1664	2	1	0	97	2005	9292
1665	1	2	337	92	2007	52116
1666	1	1	0	113	2006	8160
1667	1	1	0	105	2006	19885
1668	1	1	345	130	0	16906
1669	1	2	337	105	0	16233
1670	2	2	0	0	2004	4696
1671	1	2	0	105	2006	51690
1672	1	1	0	152	2007	10973
1673	1	1	329	118	2008	50419
1674	1	1	0	125	2006	11067
1675	2	2	351	98	2005	10090
1676	1	2	343	152	2008	0
1677	1	2	333	105	2008	9258
1678	1	1	351	156	2007	17211
1679	4	1	0	0	0	0
1680	1	0	0	0	0	0
1681	1	1	331	145	2008	3246
1682	2	1	0	97	2005	0
1683	1	2	330	152	2009	51694
1684	1	2	334	97	2005	16055
1685	1	1	333	144	0	2355
1686	1	2	330	109	2009	10492
1687	2	1	0	147	2005	50979
1688	2	2	0	151	2005	0
1689	2	1	0	0	0	16440
1690	1	1	347	105	2008	25492
1691	1	1	335	152	2009	9587
1692	1	2	337	157	2008	50358
1693	1	1	331	106	2009	50147
1694	1	2	329	0	2009	56307
1695	2	1	0	152	2005	10289
1696	1	1	0	117	2007	17052
1697	1	1	0	141	2006	10043
1698	2	1	0	109	2004	0
1699	1	2	347	130	2008	16889
1700	1	1	328	0	2008	15825
1701	2	1	0	152	2005	1945
1702	1	0	0	92	2007	0
1703	1	2	0	155	2006	0
1704	1	1	0	144	2006	50190
1705	1	1	332	139	2009	0
1706	1	2	330	152	2008	4853
1707	1	1	333	105	2008	6655
1708	1	2	351	111	2006	9313
1709	1	1	0	139	2005	50003
1710	1	2	330	0	2009	0
1711	2	1	0	109	2003	18330
1712	3	0	0	152	2010	0
1713	1	2	344	152	2008	19302
1714	1	2	0	114	2006	11872
1715	1	1	335	152	2008	52591
1716	1	1	337	92	0	0
1717	1	1	335	121	2009	19157
1718	1	1	335	152	2009	12304
1719	1	1	0	109	2006	21779
1720	1	1	331	112	2009	52003
1721	1	2	344	105	2008	19383
1722	1	1	0	112	2007	8831
1723	1	1	0	154	2007	24694
1724	1	0	334	0	0	1963
1725	1	0	0	0	0	0
1726	1	1	333	117	2007	9261
1727	1	1	0	141	2006	50518
1728	1	1	331	152	2008	6447
1729	1	0	0	0	0	0
1730	1	2	0	152	2007	9382
1731	1	1	343	139	2009	0
1732	1	1	333	120	2009	54563
1733	1	1	0	96	2006	9829
1734	1	2	334	108	2007	9258
1735	1	2	343	152	2008	21083
1736	1	1	346	105	2008	1322
1737	2	1	0	152	2004	10289
1738	1	0	0	141	0	0
1739	1	1	0	152	2007	0
1740	2	2	0	106	2005	6611
1741	1	2	344	105	0	4392
1742	1	0	0	0	0	0
1743	2	1	0	97	2005	9533
1744	1	2	0	136	2006	0
1745	1	1	0	110	2007	25056
1746	2	1	0	146	2004	50005
1747	2	2	334	106	2004	50238
1748	1	2	334	97	2005	50595
1749	1	1	327	139	2008	21037
1750	1	1	0	109	0	24013
1751	1	1	0	98	2007	50059
1752	2	2	336	114	2005	9147
1753	2	2	0	152	2005	10289
1754	1	1	330	139	2009	0
1755	1	0	0	0	0	0
1756	1	1	0	146	2006	50779
1757	1	1	0	152	2006	0
1758	1	1	338	152	2010	1608
1759	1	2	335	154	2007	3544
1760	1	1	351	98	2005	50091
1761	1	2	329	98	2008	6758
1762	2	2	0	153	2005	9530
1763	2	2	0	134	2005	50518
1764	2	2	0	109	2004	9159
1765	1	2	331	99	2009	25825
1766	2	1	328	113	2004	55668
1767	1	1	329	151	2007	17819
1768	2	2	0	136	2004	51241
1769	1	1	332	139	2007	5616
1770	1	1	0	99	2007	9836
1771	1	1	0	114	2006	50253
1772	2	0	0	151	0	51700
1773	1	1	331	152	2009	50236
1774	4	0	0	0	0	0
1775	2	2	0	147	2005	2561
1776	1	2	0	125	2006	19042
1777	1	2	336	122	2006	25838
1778	1	1	346	109	2009	16030
1779	1	2	335	152	2008	53467
1780	1	2	329	158	2008	16117
1781	1	1	0	109	2008	0
1782	1	0	0	0	0	0
1783	1	2	344	157	2004	0
1784	4	0	0	0	0	0
1785	2	1	0	121	2005	10090
1786	1	1	0	147	2006	50066
1787	1	2	337	134	2008	1996
1788	1	1	339	142	0	0
1789	1	1	329	139	2007	23619
1790	1	1	349	125	2007	25838
1791	3	0	0	0	0	0
1792	2	0	0	0	0	0
1793	1	1	0	152	2005	1963
1794	1	2	330	152	2008	50864
1795	2	1	0	154	2005	21235
1796	1	0	0	0	0	0
1797	1	0	0	152	0	0
1798	1	1	333	114	2006	17722
1799	1	1	329	130	2008	19357
1800	1	1	330	141	0	50963
1801	1	2	328	139	2009	5646
1802	1	1	0	141	2006	0
1803	1	0	0	0	0	0
1804	1	2	333	112	2007	10492
1805	1	1	328	97	0	50223
1806	1	1	334	125	2007	10811
1807	1	1	339	141	2007	51444
1808	1	2	347	152	2009	0
1809	1	2	328	0	0	21605
1810	2	2	0	93	2004	52564
1811	1	1	0	139	2007	2422
1812	1	0	0	0	0	0
1813	1	2	351	114	2007	9414
1814	2	2	0	114	2005	24661
1815	1	1	0	0	2008	50786
1816	1	1	0	128	2006	0
1817	1	1	0	139	2006	8113
1818	1	2	330	99	2009	3658
1819	1	2	331	155	2008	21596
1820	1	2	0	0	2006	0
1821	1	2	333	0	2008	50722
1822	1	0	332	113	2008	26139
1823	1	2	0	152	2007	7110
1824	2	2	0	136	2005	50075
1825	1	1	0	0	0	9129
1826	5	1	0	139	2004	17864
1827	1	0	0	0	0	0
1828	1	1	329	0	0	25540
1829	1	2	0	98	2006	9220
1830	5	1	0	109	2005	52737
1831	1	1	330	117	2009	19401
1832	1	1	0	90	2007	50649
1833	1	1	0	122	2006	25278
1834	1	1	331	135	2007	19176
1835	1	1	0	108	2009	52125
1836	1	2	333	109	2008	9950
1837	1	2	345	114	2006	50342
1838	2	1	0	0	0	9292
1839	1	1	333	151	2007	0
1840	1	1	341	109	2007	20302
1841	1	1	349	140	2008	9159
1842	2	1	332	117	2005	0
1843	1	2	0	125	2007	3755
1844	1	2	0	97	2006	19674
1845	1	2	0	125	0	52125
1846	1	0	0	155	2006	0
1847	2	2	0	138	1973	0
1848	1	0	0	114	2008	16360
1849	1	1	333	141	0	50504
1850	1	1	0	109	2006	3699
1851	1	1	330	0	2008	0
1852	1	1	347	99	2008	50930
1853	1	2	330	114	2009	50523
1854	1	1	0	134	2007	2668
1855	1	2	333	0	0	0
1856	2	2	0	147	2005	10585
1857	1	1	328	109	2008	25278
1858	1	2	336	97	2008	50181
1859	2	1	0	119	2005	16805
1860	1	2	0	114	2005	9046
1861	1	1	331	0	2008	2509
1862	1	2	0	152	2006	0
1863	1	2	0	139	2008	3714
1864	1	2	335	114	2008	9318
1865	1	1	0	97	2006	9108
1866	1	2	345	152	2006	15653
1867	1	1	331	152	2007	21788
1868	1	2	0	117	2007	25279
1869	1	2	333	97	2007	4296
1870	1	2	333	106	2007	0
1871	1	1	334	99	2007	21605
1872	1	2	0	112	2006	15890
1873	1	1	332	134	2008	6499
1874	1	2	341	120	2010	1333
1875	1	1	0	141	2006	50325
1876	1	2	345	130	2008	16906
1877	5	1	0	152	2006	8916
1878	1	1	334	0	2008	4012
1879	1	1	349	114	2007	21841
1880	1	2	0	136	2006	19674
1881	2	0	0	0	0	0
1882	1	2	333	134	2008	53891
1883	1	0	0	0	0	0
1884	1	2	349	114	2007	51074
1885	1	1	0	114	2006	5767
1886	1	2	346	145	2009	25082
1887	2	0	0	125	2004	9884
1888	1	2	334	97	2007	50080
1889	2	0	0	0	0	0
1890	1	0	0	0	0	0
1891	1	2	0	112	0	0
1892	1	1	351	110	2006	4234
1893	4	2	0	134	2006	20691
1894	1	1	350	0	2008	21044
1895	3	0	0	128	0	0
1896	1	1	333	0	2008	50737
1897	1	1	337	152	2008	11878
1898	2	0	0	0	0	0
1899	1	1	0	0	0	50419
1900	1	2	345	106	2009	50184
1901	1	1	332	152	2008	0
1902	1	1	328	109	2009	6967
1903	1	1	329	92	2008	54754
1904	1	1	334	108	2008	50518
1905	1	2	351	147	2007	53475
1906	1	1	330	99	2009	25829
1907	2	1	0	114	2005	21235
1908	1	1	329	145	2008	3575
1909	2	1	0	152	2004	21606
1910	1	1	349	114	2007	9782
1911	1	2	330	153	0	21730
1912	1	1	329	0	2009	51444
1913	1	1	333	109	0	3581
1914	1	1	328	0	2009	51700
1915	1	1	0	123	2006	17880
1916	1	2	327	97	2009	6399
1917	1	0	0	0	0	0
1918	2	1	337	92	2005	6674
1919	1	2	335	152	2007	1429
1920	1	2	333	0	2009	9530
1921	1	1	344	0	0	4281
1922	1	1	349	114	0	17759
1923	2	1	0	153	2005	53336
1924	2	1	0	92	2005	52555
1925	1	2	333	147	2007	19469
1926	1	2	0	118	2006	50179
1927	1	1	346	99	2008	5852
1928	1	1	328	117	0	50118
1929	1	1	0	0	0	0
1930	2	1	0	0	0	5932
1931	1	2	333	153	2009	0
1932	1	1	334	0	2008	18944
1933	1	1	333	123	2007	17775
1934	1	2	335	114	2006	17140
1935	1	2	337	0	2006	21323
1936	1	1	333	117	2008	9753
1937	1	2	330	99	2009	0
1938	1	2	337	93	0	21292
1939	1	2	337	152	2007	50415
1940	2	1	0	152	2005	9757
1941	1	2	333	157	2007	18167
1942	1	1	329	152	0	50131
1943	1	2	0	109	2007	26488
1944	1	2	333	109	2007	17573
1945	1	1	345	96	2008	9071
1946	1	1	331	0	2008	5616
1947	1	1	0	97	2006	19967
1948	1	2	335	100	2008	50334
1949	1	1	349	97	2008	50210
1950	1	1	328	139	2008	50078
1951	2	2	0	97	2005	19319
1952	1	0	0	0	0	0
1953	1	2	334	141	2007	4099
1954	1	2	0	152	2007	55929
1955	1	1	330	0	2009	17537
1956	1	1	332	0	0	5000
1957	2	0	0	0	0	0
1958	1	2	331	147	2008	52166
1959	1	1	0	152	2008	0
1960	1	2	330	133	2009	17211
1961	1	1	345	130	2008	2216
1962	2	1	0	107	2005	18173
1963	2	1	345	135	2004	16911
1964	1	2	344	152	2009	9787
1965	1	1	0	134	2006	0
1966	1	1	331	141	2007	50036
1967	1	1	334	141	2008	19672
1968	1	1	0	152	0	0
1969	1	2	0	109	2006	3171
1970	1	1	340	118	0	0
1971	1	0	0	0	0	0
1972	1	2	0	125	2006	51141
1973	1	0	0	114	2006	16757
1974	1	1	337	130	2007	17548
1975	2	2	0	92	2005	50614
1976	1	0	0	114	0	50507
1977	1	2	334	147	2008	50088
1978	1	2	334	105	2006	10088
1979	1	1	0	125	2006	50010
1980	2	2	0	123	2005	9978
1981	1	2	342	108	2008	17620
1982	1	2	329	109	2008	779
1983	1	0	334	105	2006	21841
1984	1	1	328	0	2008	2725
1985	1	1	346	152	2007	17352
1986	1	1	0	96	2005	57049
1987	2	1	0	153	2003	4690
1988	1	2	347	0	2008	9343
1989	1	1	333	112	2008	1945
1990	1	2	0	152	2005	10289
1991	1	2	337	109	2007	19403
1992	2	2	341	125	0	21596
1993	2	1	334	114	2005	22807
1994	2	2	0	99	2005	50065
1995	1	1	351	114	2005	7678
1996	1	2	333	111	2007	50152
1997	2	1	0	0	2005	15316
1998	2	1	0	152	2005	0
1999	2	1	0	155	2005	16024
2000	2	1	0	125	2005	19039
2001	1	2	346	134	2009	2849
2002	1	2	346	145	2006	0
2003	1	1	350	0	2009	0
2004	1	2	345	153	2007	1912
2005	2	1	0	93	2004	26713
2006	1	1	0	92	2006	2802
2007	1	2	346	123	2008	9826
2008	2	2	0	108	2005	6022
2009	2	1	0	105	2005	3583
2010	1	1	336	125	2008	9530
2011	1	0	0	0	0	0
2012	1	0	0	0	0	11285
2013	1	2	0	108	2006	2292
2014	1	2	0	152	2006	18944
2015	1	1	0	117	2006	50038
2016	1	0	335	96	2009	50124
2017	1	2	0	0	0	0
2018	1	1	0	99	2007	9768
2019	1	1	0	152	0	0
2020	1	2	331	114	2008	19674
2021	2	1	347	139	2005	50963
2022	1	1	344	142	2006	50333
2023	1	2	335	157	2008	9826
2024	1	1	342	114	2006	17636
2025	1	2	349	0	0	2230
2026	1	0	0	153	0	0
2027	1	2	351	152	2006	2716
2028	1	1	345	145	2008	6942
2029	1	1	0	151	2006	17430
2030	1	1	330	0	2008	0
2031	1	1	331	123	2007	18944
2032	1	1	331	152	2009	0
2033	1	2	0	0	2008	51793
2034	1	2	336	109	0	17351
2035	1	2	337	154	2007	50871
2036	1	2	0	152	2005	50425
2037	1	1	344	152	2008	1963
2038	1	1	338	109	2007	50259
2039	1	2	337	156	2008	50065
2040	1	2	0	0	2008	0
2041	1	1	0	155	2006	50125
2042	1	1	346	117	2007	20562
2043	1	1	346	115	2007	3030
2044	1	2	336	153	2008	25065
2045	1	2	0	125	2006	16539
2046	2	1	0	117	2005	1720
2047	1	2	0	0	2007	50175
2048	1	1	0	114	2006	16396
2049	1	2	328	0	2009	50171
2050	1	1	349	97	2009	50020
2051	1	1	335	152	2008	51818
2052	2	2	0	109	2005	2725
2053	1	1	349	98	2007	9523
2054	1	0	346	108	2006	0
2055	1	1	0	141	2007	3739
2056	1	2	0	122	2006	3739
2057	1	2	0	157	2006	50117
2058	1	1	347	113	2007	19898
2059	2	2	0	96	2005	19208
2060	1	2	329	114	2006	25278
2061	1	2	351	111	2007	50333
2062	1	2	0	0	2007	2701
2063	2	2	0	92	2002	6139
2064	1	2	343	156	2007	9142
2065	1	2	0	114	2007	50131
2066	3	2	0	97	0	17636
2067	1	2	330	152	2009	0
2068	1	2	336	114	2008	17568
2069	1	1	341	97	2008	25459
2070	1	1	330	102	2009	59794
2071	2	2	338	117	2002	5477
2072	1	1	331	109	2007	26488
2073	2	2	0	97	2005	17537
2074	1	2	0	92	2006	3762
2075	1	2	331	97	2009	50165
2076	1	2	332	114	2009	50963
2077	2	1	0	97	2005	50294
2078	1	2	349	114	2008	21022
2079	1	1	0	125	2006	3544
2080	1	2	334	152	2008	26598
2081	1	1	0	110	2006	50070
2082	1	2	0	114	2006	25037
2083	2	0	0	0	0	0
2084	1	1	333	114	2009	26544
2085	1	1	331	99	2006	21056
2086	1	1	0	142	2006	0
2087	1	2	0	105	2005	0
2088	1	0	328	0	2009	0
2089	1	2	349	116	2007	8977
2090	3	1	347	109	2008	50078
2091	1	1	341	139	0	52003
2092	1	1	329	98	2009	50649
2093	1	2	0	119	2006	8997
2094	1	2	0	139	2006	17641
2095	4	0	0	0	0	0
2096	1	2	333	125	2008	17640
2097	1	1	335	130	2007	55789
2098	1	0	0	97	0	17786
2099	2	1	0	111	2005	21556
2100	2	1	0	152	2005	7229
2101	1	1	336	114	2007	50253
2102	1	1	331	141	2009	17640
2103	1	2	335	99	2007	0
2104	1	2	0	0	2007	50004
2105	1	2	329	157	2008	5616
2106	2	1	0	109	2005	5725
2107	1	2	0	153	2006	54425
2108	2	1	349	123	0	50963
2109	1	1	347	120	0	51102
2110	2	2	0	135	2005	0
2111	1	1	329	109	2009	9321
2112	1	1	329	99	2009	59498
2113	1	1	334	151	2006	17994
2114	2	2	0	113	2005	18993
2115	1	1	0	117	2006	10043
2116	1	0	0	0	0	0
2117	1	1	333	0	2008	19042
2118	1	1	335	139	2009	1544
2119	1	2	346	147	2007	50979
2120	1	1	328	101	2009	0
2121	1	1	0	97	2007	21841
2122	1	1	327	113	2007	21852
2123	1	2	335	102	2009	54405
2124	1	2	0	98	2006	8868
2125	1	2	331	152	2007	10289
2126	1	2	351	117	2006	52046
2127	2	1	0	114	2005	26121
2128	1	2	335	152	2009	25227
2129	1	1	0	133	2007	2509
2130	1	1	346	114	2007	16274
2131	1	1	0	113	2006	50124
2132	2	1	0	152	2005	19039
2133	1	0	0	0	0	0
2134	1	2	337	109	2007	19379
2135	1	1	0	113	2007	2395
2136	2	2	0	136	2005	50005
2137	1	2	333	123	2008	4711
2138	1	0	348	130	2006	3369
2139	1	2	0	153	0	10189
2140	1	1	337	114	2007	0
2141	2	1	0	97	2005	4786
2142	2	1	0	154	2005	50525
2143	1	2	333	0	2009	21781
2144	1	0	0	0	0	0
2145	2	2	0	105	2005	50280
2146	1	2	341	146	2006	0
2147	1	2	330	156	2009	15917
2148	2	1	0	105	2005	16739
2149	1	2	330	0	2009	2725
2150	2	0	0	0	0	0
2151	1	2	0	152	2006	23618
2152	1	2	0	147	2005	17568
2153	1	1	348	0	2007	1384
2154	1	1	0	125	2006	6562
2155	1	1	347	114	2006	50395
2156	1	0	0	0	0	0
2157	1	1	0	101	2006	23232
2158	1	1	330	0	2008	51241
2159	1	1	0	152	0	10289
2160	1	1	333	146	2009	50483
2161	1	1	330	0	2009	53392
2162	1	1	0	148	0	0
2163	1	2	0	121	0	9429
2164	1	2	0	108	0	17454
2165	1	2	328	133	2009	8992
2166	1	2	331	152	2009	21573
2167	1	2	333	115	2008	17640
2168	2	1	0	105	0	0
2169	1	1	347	139	2008	0
2170	1	2	0	145	2006	10391
2171	1	2	329	135	2009	9262
2172	2	1	0	109	2005	3763
2173	2	1	0	152	0	25081
2174	1	0	0	0	0	0
2175	1	2	0	106	2008	25072
2176	1	1	0	106	2007	20730
2177	1	2	0	134	2006	3840
2178	1	2	328	111	2009	0
2179	1	2	0	113	2006	25838
2180	1	1	336	152	2008	18559
2181	1	2	330	105	2009	9720
2182	1	0	0	110	0	0
2183	1	2	331	101	2006	19281
2184	1	1	332	109	0	25035
2185	1	2	338	142	2006	5852
2186	2	1	335	125	2005	4849
2187	1	1	0	125	2006	9351
2188	1	1	348	111	2007	9719
2189	1	2	329	112	2008	54754
2190	2	1	0	123	2003	50335
2191	1	2	335	141	2007	10268
2192	1	2	345	90	2006	3842
2193	3	2	0	139	0	10088
2194	1	1	329	134	2008	22739
2195	1	1	332	125	2009	5932
2196	1	2	334	0	2008	51111
2197	1	0	0	0	0	0
2198	1	1	335	152	2007	52486
2199	1	2	330	102	2008	16805
2200	1	1	346	97	2007	50504
2201	2	2	0	0	2005	21841
2202	2	2	0	114	0	0
2203	1	1	0	111	0	20631
2204	1	1	0	99	2007	0
2205	2	1	0	141	2004	50597
2206	1	1	333	92	2009	5895
2207	1	1	330	0	2008	21782
2208	1	2	327	111	2007	19033
2209	1	2	328	114	2008	19383
2210	1	1	333	152	2008	7470
2211	1	0	329	156	2010	17351
2212	1	2	351	0	2007	0
2213	1	2	343	111	2008	2026
2214	1	2	0	0	2008	50131
2215	2	1	0	118	2004	50415
2216	1	1	330	0	0	9757
2217	1	1	0	118	2006	17880
2218	1	1	0	99	2005	18108
2219	2	2	0	145	2005	3864
2220	1	2	0	141	2006	25028
2221	1	2	335	152	2009	4800
2222	1	1	0	151	2006	8647
2223	1	1	329	0	2008	25082
2224	1	1	333	123	2008	5616
2225	1	2	329	0	2009	4588
2226	1	2	342	0	2007	15969
2227	2	2	346	99	2003	10687
2228	1	2	0	147	2005	16365
2229	1	1	336	97	2007	9886
2230	1	1	351	90	2006	50435
2231	1	1	329	152	2010	6237
2232	1	2	339	145	2008	50285
2233	1	2	336	152	2006	9588
2234	1	2	334	92	2007	50182
2235	1	0	0	0	0	0
2236	2	1	0	146	2005	50059
2237	1	0	0	0	0	0
2238	1	1	333	114	2008	19511
2239	1	0	0	0	0	0
2240	1	1	336	102	2007	16062
2241	1	2	345	0	2009	17137
2242	1	2	0	152	2006	0
2243	2	2	328	114	2004	0
2244	1	1	0	99	0	17636
2245	1	2	333	153	2009	1672
2246	1	1	349	114	2008	9224
2247	1	2	333	125	2007	0
2248	2	1	0	107	2005	50010
2249	1	1	0	0	0	0
2250	1	1	346	117	2006	52380
2251	2	1	0	97	2005	50078
2252	1	1	339	140	2006	50241
2253	1	2	333	114	2007	17430
2254	1	1	0	117	2007	50053
2255	1	2	0	114	2007	16261
2256	1	1	329	109	2008	24280
2257	1	1	335	117	2008	51111
2258	1	2	328	105	2008	9381
2259	1	1	0	152	2007	0
2260	1	2	351	97	2005	9830
2261	2	2	0	92	0	51111
2262	1	1	347	130	2006	50466
2263	1	1	334	140	2008	25364
2264	1	1	0	109	2005	17153
2265	1	1	331	0	2008	1606
2266	1	1	328	151	2009	17584
2267	1	0	0	135	2008	21235
2268	1	1	334	134	2007	19692
2269	1	1	328	135	2009	51793
2270	1	1	329	97	2008	17636
2271	1	0	0	0	0	0
2272	1	1	327	117	2006	15890
2273	1	1	328	0	2009	9313
2274	1	1	336	141	2007	3739
2275	2	1	0	111	2004	10326
2276	1	0	0	0	0	0
2277	1	2	329	123	2007	5738
2278	1	2	0	152	2007	0
2279	1	1	336	113	2007	9415
2280	1	2	344	109	2009	16120
2281	1	1	349	97	2006	15917
2282	1	0	0	0	0	0
2283	1	2	0	125	2006	2672
2284	2	2	0	109	2005	20934
2285	1	1	328	97	0	6294
2286	1	1	335	0	2009	17885
2287	1	2	333	92	2006	51203
2288	1	1	333	0	2007	9829
2289	1	1	335	152	2006	0
2290	1	0	0	123	2006	53263
2291	1	2	329	92	2009	21190
2292	1	2	346	125	2006	17573
2293	1	1	0	109	2006	6611
2294	2	1	0	105	2005	26745
2295	1	2	0	136	2006	6611
2296	1	1	333	0	2008	9618
2297	1	1	350	0	2008	0
2298	1	1	0	139	0	0
2299	1	1	331	0	2009	50582
2300	1	1	332	117	2008	3840
2301	1	1	331	105	2009	9826
2302	2	1	0	120	0	0
2303	1	1	350	97	2006	9523
2304	1	2	331	147	2008	21106
2305	1	2	333	105	2009	21423
2306	1	0	343	114	2008	50400
2307	1	1	333	117	2008	2460
2308	1	1	0	135	2005	16510
2309	1	2	330	125	2008	3565
2310	1	1	346	151	2007	19150
2311	1	2	0	97	2007	15921
2312	1	0	0	0	0	0
2313	1	1	349	135	2008	50504
2314	4	2	0	0	0	19674
2315	1	2	0	151	2007	50024
2316	1	1	0	0	2007	0
2317	1	2	0	98	2006	0
2318	1	0	333	0	2009	51141
2319	1	1	332	0	2007	50234
2320	1	1	345	139	0	51141
2321	1	2	335	152	2008	16229
2322	2	1	0	151	2005	17980
2323	1	0	0	0	0	0
2324	1	2	0	145	0	0
2325	2	1	0	119	2005	50436
2326	1	2	0	99	2006	20631
2327	1	1	331	152	2008	3841
2328	1	1	333	105	2008	50315
2329	1	2	330	99	2005	0
2330	1	2	344	105	2008	8984
2331	1	2	335	0	2009	16889
2332	1	1	329	105	0	0
2333	1	2	0	90	2006	50863
2334	2	2	0	109	2005	6655
2335	1	1	330	157	2009	52781
2336	1	1	329	97	2008	50078
2337	2	1	0	90	2005	9366
2338	1	1	332	128	0	0
2339	1	0	0	0	0	50326
2340	1	2	333	157	2008	2190
2341	1	0	0	108	0	0
2342	1	2	337	109	2008	21549
2343	1	1	336	149	2004	8947
2344	2	2	351	147	2005	51378
2345	1	1	340	0	0	0
2346	5	1	347	110	2004	0
2347	1	1	328	97	2009	11298
2348	3	0	0	0	0	0
2349	1	1	329	148	2008	9060
2350	1	2	335	153	2006	20998
2351	1	1	327	0	0	0
2352	1	2	0	147	2006	50005
2353	2	1	0	105	2005	16444
2354	1	1	335	152	2006	10568
2355	1	1	335	157	2008	0
2356	1	1	0	91	2006	9530
2357	1	0	0	0	0	0
2358	1	1	328	97	2009	9603
2359	1	0	0	0	0	0
2360	1	1	334	112	2006	18559
2361	1	1	341	152	2007	0
2362	5	1	0	152	0	17049
2363	1	2	347	98	0	3505
2364	1	1	0	125	2006	55516
2365	1	1	346	152	2009	2209
2366	1	2	330	92	2009	10932
2367	1	2	0	111	2007	6576
2368	1	2	0	114	2006	50446
2369	1	1	333	133	2007	17658
2370	1	1	341	121	2007	0
2371	2	1	331	134	2004	52088
2372	1	2	0	139	2006	0
2373	1	1	349	109	2007	21408
2374	1	2	333	0	0	53147
2375	1	2	335	152	2007	9530
2376	1	0	328	0	2009	0
2377	1	1	345	109	2009	19788
2378	1	1	351	105	2007	50400
2379	1	2	0	117	2005	2701
2380	1	2	0	137	2005	0
2381	1	2	344	119	2007	16296
2382	1	0	0	0	0	0
2383	1	0	0	151	2007	3749
2384	1	1	335	152	2008	2663
2385	1	1	335	117	2007	1584
2386	1	2	0	147	2007	17636
2387	1	2	337	147	2008	21660
2388	1	1	330	109	2009	19616
2389	1	2	347	99	2008	50002
2390	1	1	333	117	2008	26149
2391	1	2	0	125	0	15244
2392	1	2	330	156	2009	19616
2393	1	2	333	111	2007	50909
2394	1	2	0	125	0	9073
2395	2	0	0	107	2005	9618
2396	1	2	0	108	2006	16647
2397	1	1	0	140	2007	50146
2398	1	2	0	152	2007	8849
2399	2	0	0	125	2005	0
2400	1	1	331	125	2006	24968
2401	1	2	335	156	2006	8138
2402	1	2	351	114	2006	17584
2403	1	2	346	114	2007	58259
2404	1	2	342	153	2007	6649
2405	1	1	0	125	2006	0
2406	1	2	0	134	0	0
2407	1	0	0	0	0	0
2408	1	2	333	105	2008	22887
2409	1	0	0	0	0	0
2410	1	1	0	105	2007	17568
2411	1	1	0	152	2005	15825
2412	2	1	0	0	2004	50070
2413	1	2	330	0	2009	2849
2414	1	2	347	105	2006	0
2415	1	2	0	123	0	50443
2416	1	2	333	109	2008	19785
2417	2	1	0	102	2005	17956
2418	1	1	349	97	2008	15988
2419	1	1	331	125	2007	55113
2420	1	0	0	97	0	17888
2421	2	2	0	98	2004	0
2422	1	1	332	135	2008	9290
2423	1	2	0	157	2006	0
2424	1	1	335	0	2008	50002
2425	2	2	0	101	2005	21227
2426	2	2	0	154	2005	631
2427	2	2	0	139	2005	10289
2428	1	2	333	100	0	0
2429	2	2	0	152	2005	19302
2430	1	1	329	105	2009	20722
2431	1	1	347	106	2009	827
2432	2	2	0	111	2005	7229
2433	1	1	330	90	2009	2292
2434	1	0	0	0	0	0
2435	1	2	337	0	2008	3613
2436	1	1	330	117	2009	9343
2437	1	2	328	141	2009	50459
2438	1	1	328	0	2009	50909
2439	1	0	0	0	0	0
2440	2	1	351	152	2005	18133
2441	2	2	0	114	2005	5282
2442	1	2	348	125	2007	9292
2443	1	1	334	0	2008	50326
2444	1	1	329	109	2008	19901
2445	2	1	335	97	2005	24035
2446	1	1	330	0	2008	22313
2447	1	2	345	107	2006	19314
2448	1	1	331	97	2008	25459
2449	1	1	0	120	0	0
2450	2	1	0	154	2005	3791
2451	1	1	343	152	2007	12421
2452	1	1	335	152	2007	50058
2453	4	2	0	0	0	16406
2454	2	1	0	125	2005	23016
2455	1	2	328	0	2009	21473
2456	1	2	0	146	2005	50582
2457	1	2	342	0	0	0
2458	1	1	334	0	2008	21715
2459	1	1	0	105	2007	0
2460	1	1	0	109	2007	19687
2461	1	1	327	140	2008	26483
2462	2	1	0	118	2005	17717
2463	1	1	336	152	2008	50985
2464	4	0	0	0	0	0
2465	1	1	0	122	2007	19228
2466	1	2	342	122	2007	55113
2467	1	1	0	97	2007	25393
2468	1	2	332	114	0	52105
2469	1	2	341	97	2007	6676
2470	1	1	334	139	2007	25084
2471	1	2	0	157	2007	50909
2472	1	1	332	130	2008	23618
2473	1	1	0	147	2006	6399
2474	1	2	346	152	2006	20738
2475	1	1	335	154	2008	50344
2476	1	1	330	97	0	17640
2477	1	2	329	0	2009	0
2478	1	0	0	113	2005	50818
2479	4	0	0	0	0	0
2480	1	2	331	106	2006	50245
2481	1	2	344	135	2008	1077
2482	2	2	0	0	0	0
2483	1	2	330	98	2009	52591
2484	1	1	0	97	2007	50963
2485	1	1	347	106	2007	50493
2486	1	1	331	0	0	10932
2487	5	1	0	123	2005	21556
2488	1	0	0	0	0	0
2489	3	1	0	123	0	0
2490	1	1	0	97	0	50165
2491	1	1	345	115	2009	9244
2492	2	2	0	99	2005	50872
2493	1	1	330	0	2009	50398
2494	2	0	0	0	0	0
2495	1	1	335	152	2009	26439
2496	1	1	340	106	2006	51025
2497	1	1	334	145	2008	2794
2498	1	1	0	109	2008	2365
2499	1	1	0	141	2006	20731
2500	1	2	0	125	2006	3739
2501	1	0	0	120	2006	0
2502	1	1	331	106	2009	24280
2503	1	2	346	104	2005	0
2504	2	1	0	152	2005	56268
2505	2	2	0	97	2004	0
2506	1	1	0	109	2006	19516
2507	2	2	0	156	2005	9292
2508	1	1	327	109	2008	50202
2509	1	2	338	152	2010	54100
2510	1	2	336	147	2006	9078
2511	1	1	0	109	2006	51120
2512	1	1	333	0	2008	4568
2513	2	0	0	0	2005	0
2514	1	1	0	109	2006	6139
2515	1	2	334	123	2006	19153
2516	1	2	338	136	2007	50669
2517	1	2	329	0	2008	9414
2518	2	2	0	114	2005	19608
2519	1	2	347	123	2007	18171
2520	2	2	0	144	0	0
2521	1	1	331	109	2007	17316
2522	1	1	350	97	2006	26149
2523	3	2	0	108	2004	10187
2524	1	1	0	97	2007	19221
2525	1	2	0	139	2007	53303
2526	4	2	0	123	2003	1084
2527	1	1	335	114	2007	13260
2528	1	0	0	135	0	0
2529	1	2	331	97	2006	9286
2530	1	2	335	109	2008	53392
2531	2	1	0	132	2005	9255
2532	1	2	0	94	2007	23330
2533	3	2	0	128	0	0
2534	1	1	340	0	2009	50042
2535	1	1	331	139	2007	50010
2536	1	2	334	0	2007	9241
2537	1	2	330	125	0	17116
2538	1	1	332	0	2009	25962
2539	1	2	0	152	2006	16233
2540	1	1	344	0	2008	52145
2541	1	1	330	128	2009	0
2542	1	1	0	145	2006	50172
2543	1	1	331	97	2006	25253
2544	1	2	336	118	2006	50086
2545	1	1	0	125	2007	50188
2546	1	2	331	97	2006	20853
2547	1	2	0	145	0	50189
2548	1	0	0	0	2008	0
2549	1	1	328	114	2009	5000
2550	1	2	330	109	2009	16389
2551	1	2	0	156	2007	0
2552	1	1	0	109	2006	0
2553	1	1	328	152	2009	25825
2554	1	1	334	139	2007	10289
2555	1	1	344	152	2009	0
2556	1	2	0	157	2007	19208
2557	1	2	333	111	2007	9757
2558	2	2	0	111	2005	2381
2559	1	1	0	152	2005	2903
2560	2	2	0	0	2004	0
2561	1	2	0	97	2005	0
2562	1	1	345	97	2008	17640
2563	1	1	0	102	2006	25459
2564	1	2	0	145	2006	11134
2565	1	2	335	112	2009	19157
2566	2	2	0	109	2005	5852
2567	1	2	351	152	2007	50460
2568	1	1	349	99	2009	5550
2569	1	1	331	0	2009	0
2570	1	2	330	147	2009	5554
2571	1	2	347	108	0	0
2572	1	1	0	152	2006	0
2573	1	1	346	135	2006	25829
2574	1	2	328	154	2005	0
2575	1	2	329	94	2008	17949
2576	1	2	0	99	2005	18617
2577	1	2	0	152	0	0
2578	1	2	0	120	2010	5221
2579	1	1	328	97	2009	9530
2580	1	1	328	0	2008	25723
2581	1	1	0	114	2006	5641
2582	5	2	0	152	0	1389
2583	1	2	329	136	2008	19150
2584	4	2	0	140	0	10437
2585	1	2	346	145	2008	0
2586	1	2	328	0	0	17454
2587	1	2	335	152	2007	24005
2588	1	2	333	108	2008	6674
2589	1	1	331	152	2008	0
2590	1	2	329	157	2008	9787
2591	2	1	0	152	2005	55102
2592	1	2	329	0	2008	23995
2593	1	2	330	157	2009	61223
2594	1	1	347	97	2006	50099
2595	1	2	333	0	2007	50259
2596	1	1	0	105	2006	20853
2597	1	2	344	106	2008	0
2598	1	1	333	122	2004	17604
2599	1	1	329	109	2008	20853
2600	1	1	334	117	2008	6758
2601	1	2	331	105	2007	17717
2602	2	1	0	147	2005	17836
2603	1	1	344	140	2007	5602
2604	1	1	332	93	2009	17786
2605	1	1	335	152	2007	25735
2606	1	2	335	152	2009	52783
2607	1	1	333	0	2008	8828
2608	1	0	0	0	0	2861
2609	2	2	0	108	2005	1933
2610	1	1	0	0	0	0
2611	1	0	0	130	0	0
2612	1	1	0	141	2006	3791
2613	1	1	0	133	2006	50709
2614	2	2	0	123	2004	54515
2615	1	1	0	140	2006	16104
2616	1	1	328	109	2009	8872
2617	5	2	333	152	0	0
2618	5	2	0	152	2005	22312
2619	1	2	334	114	2008	50419
2620	1	1	0	0	0	17845
2621	1	2	0	114	2007	50979
2622	1	0	0	98	2007	21094
2623	1	0	0	0	0	0
2624	1	1	0	147	2006	52583
2625	1	1	0	136	2005	57162
2626	1	1	331	106	2008	16227
2627	1	1	332	136	2006	1808
2628	1	1	328	97	0	819
2629	1	1	0	152	2006	11123
2630	1	1	333	137	0	55516
2631	1	2	331	106	2008	18289
2632	1	2	0	130	2006	17643
2633	1	1	330	0	2009	0
2634	2	1	0	133	2005	5738
2635	1	2	0	0	2006	50872
2636	1	1	334	112	2008	19369
2637	1	1	333	152	2009	9587
2638	1	2	0	0	2008	9382
2639	1	1	0	99	2006	2608
2640	1	0	0	0	0	0
2641	1	1	0	93	2006	0
2642	1	1	336	0	2008	50132
2643	1	1	336	154	2008	20829
2644	1	1	329	97	2007	6655
2645	1	1	335	0	2008	1384
2646	1	2	0	109	2006	50020
2647	1	0	0	0	2008	0
2648	1	1	332	0	2005	50240
2649	2	2	0	153	2005	20631
2650	1	1	0	133	2007	0
2651	1	1	0	152	2006	10289
2652	1	2	0	142	2005	9581
2653	1	2	0	148	2010	11326
2654	1	2	0	92	2006	50920
2655	5	2	0	91	0	0
2656	1	1	331	112	2008	4686
2657	1	1	350	109	2007	26352
2658	1	1	332	108	2006	1935
2659	1	2	329	0	2009	50034
2660	1	2	331	109	2009	4849
2661	1	1	329	0	2009	50864
2662	3	2	0	152	0	0
2663	1	1	343	116	2007	50335
2664	1	1	0	123	2006	21094
2665	1	2	0	98	2006	3526
2666	1	1	340	117	2007	19606
2667	2	2	0	146	0	0
2668	1	1	329	152	2009	25326
2669	1	2	335	152	2007	9678
2670	1	1	336	114	2008	19606
2671	1	0	0	0	0	0
2672	1	0	328	117	2008	9313
2673	1	2	345	0	2009	56307
2674	1	2	0	114	2006	9388
2675	1	1	331	98	2009	8857
2676	2	1	0	152	2005	0
2677	1	1	332	118	2009	50864
2678	1	1	345	0	2008	17658
2679	1	1	334	97	2008	5163
2680	2	1	0	141	0	21279
2681	1	0	345	152	2009	16389
2682	1	1	328	0	0	9214
2683	1	1	333	0	2008	9831
2684	1	2	335	114	2008	0
2685	1	1	335	152	2008	26544
2686	1	1	339	140	2006	25084
2687	1	1	339	93	2006	8282
2688	1	2	342	157	2007	9580
2689	1	1	0	107	2007	2177
2690	1	2	329	109	2004	19074
2691	1	1	331	105	2007	24902
2692	1	2	327	141	2006	3714
2693	2	1	0	141	2005	50229
2694	1	2	334	125	2007	0
2695	1	1	350	0	2008	3172
2696	1	1	333	141	2007	9755
2697	1	1	333	105	2008	9077
2698	1	2	333	109	2006	9787
2699	1	1	0	105	2006	2701
2700	1	1	346	111	2005	6139
2701	1	1	331	109	2008	5119
2702	1	2	329	117	2007	19213
2703	1	1	331	145	2008	16647
2704	2	1	347	113	2004	0
2705	1	2	333	0	2007	0
2706	1	2	332	152	2007	17110
2707	5	1	331	152	2006	0
2708	2	2	0	147	2004	5482
2709	1	0	0	152	2006	2622
2710	1	2	336	111	2008	11285
2711	1	2	336	152	2008	20812
2712	1	2	0	125	2007	2191
2713	1	2	333	115	2008	2674
2714	1	1	329	139	2009	0
2715	1	1	340	120	2008	50518
2716	1	2	335	152	2006	51623
2717	1	1	349	0	2008	4031
2718	1	2	330	152	2009	0
2719	2	1	0	114	2005	0
2720	2	2	0	152	2005	4134
2721	1	1	0	125	2007	16924
2722	1	1	0	109	2006	9382
2723	1	2	0	0	2006	9787
2724	1	1	329	110	2008	50595
2725	1	1	333	117	2008	19190
2726	1	1	332	108	2009	6993
2727	1	1	336	111	2008	3646
2728	1	1	344	152	2007	20495
2729	1	1	336	0	2007	9587
2730	1	0	0	0	0	0
2731	1	2	351	152	2006	0
2732	2	2	0	108	2005	745
2733	1	1	0	125	2006	3610
2734	1	1	0	152	2007	1963
2735	1	1	349	98	2007	50459
2736	1	2	335	152	2007	9799
2737	2	1	0	152	2005	0
2738	1	1	335	152	2008	13517
2739	1	1	331	136	2008	9783
2740	1	1	0	114	2007	50005
2741	2	1	0	109	0	5221
2742	1	1	335	141	2005	25043
2743	1	2	350	97	2007	9580
2744	2	2	0	92	2005	3003
2745	1	0	327	152	0	53416
2746	1	1	347	143	2007	22935
2747	2	1	0	135	2005	0
2748	1	2	330	152	2009	0
2749	1	1	0	114	2006	17949
2750	1	1	0	156	2006	50075
2751	1	1	331	141	2007	17092
2752	1	1	0	152	2006	17092
2753	1	2	329	97	2009	10432
2754	1	0	0	102	2006	2716
2755	2	1	0	151	0	50008
2756	1	1	0	152	2006	52941
2757	1	1	351	109	2006	6668
2758	2	2	0	99	0	51846
2759	1	1	0	98	2007	9886
2760	1	1	332	152	2008	19839
2761	1	2	351	152	2007	9414
2762	1	1	329	0	2009	0
2763	1	2	329	0	2008	19674
2764	5	2	0	92	2004	7895
2765	1	2	329	0	2008	17636
2766	1	1	0	105	2008	12304
2767	1	1	330	147	2009	17789
2768	1	2	0	155	2005	0
2769	1	1	0	109	2006	0
2770	1	2	0	125	2006	51952
2771	1	1	0	117	2006	17135
2772	1	2	0	145	2006	0
2773	1	0	0	140	0	0
2774	1	1	0	123	2007	17454
2775	1	2	0	124	2006	16360
2776	3	1	0	149	0	0
2777	1	2	331	147	2009	2072
2778	1	1	329	0	2009	2725
2779	1	1	0	152	2005	51008
2780	1	1	336	152	2006	51352
2781	2	0	0	139	2005	5978
2782	1	2	0	108	2006	25072
2783	1	1	0	0	2007	50419
2784	3	1	0	103	0	0
2785	1	2	330	156	2009	16490
2786	1	1	344	140	2004	0
2787	1	1	0	107	2007	9288
2788	1	0	0	142	2006	0
2789	1	1	0	113	2006	5780
2790	2	1	0	114	2005	50511
2791	1	1	0	98	2006	58825
2792	1	1	335	152	2007	1681
2793	1	1	335	152	2008	17153
2794	1	2	0	98	2006	20562
2795	1	2	0	99	2006	21605
2796	2	1	0	97	2005	11468
2797	1	2	335	152	2007	19445
2798	2	1	0	125	2005	6611
2799	1	1	0	152	2006	50494
2800	1	1	0	114	2006	19321
2801	2	2	0	146	2005	50722
2802	2	2	327	139	2005	16046
2803	1	2	328	97	2009	0
2804	2	2	0	125	2005	0
2805	5	2	0	152	0	51294
2806	1	2	335	152	2006	18944
2807	1	1	0	152	2005	15903
2808	2	1	0	139	2005	16805
2809	2	2	328	116	2004	9722
2810	1	1	350	0	2008	3601
2811	2	2	0	152	2005	52486
2812	1	2	351	123	2007	0
2813	1	2	0	97	2007	19396
2814	1	2	333	101	2007	19396
2815	1	1	349	109	2007	0
2816	3	2	0	114	0	0
2817	1	2	335	152	2009	17831
2818	2	1	0	141	2005	21196
2819	1	2	329	123	2008	0
2820	2	1	0	109	2005	9947
2821	1	2	339	122	2008	8857
2822	2	1	0	114	2005	50005
2823	1	1	334	123	2008	19914
2824	1	2	344	0	2008	17584
2825	1	2	0	123	2007	19444
2826	2	2	0	90	2004	25825
2827	1	1	343	0	2008	19102
2828	1	1	329	97	2009	19330
2829	1	2	329	109	2008	17949
2830	1	1	335	152	2007	0
2831	1	1	0	114	2008	2760
2832	1	1	333	130	2008	9346
2833	1	2	333	0	2008	8999
2834	1	1	338	152	2008	10289
2835	1	1	349	153	2007	24013
2836	1	1	0	97	2007	50649
2837	1	1	328	97	2009	0
2838	1	1	330	152	2009	55396
2839	2	2	0	152	2004	19659
2840	1	2	346	97	2007	25288
2841	1	1	0	152	2007	0
2842	1	1	0	147	2007	21473
2843	1	2	336	152	2007	26515
2844	1	2	333	112	2007	0
2845	1	1	348	139	2007	2725
2846	2	1	0	139	2005	1084
2847	1	1	335	99	2009	17537
2848	1	2	0	97	2007	1333
2849	3	0	0	0	0	6500
2850	1	1	346	151	2007	17636
2851	1	1	335	152	0	50525
2852	2	2	0	147	2004	4911
2853	1	2	340	97	2006	9771
2854	1	1	0	123	2006	20927
2855	1	2	0	134	2007	10486
2856	2	1	0	116	2004	19840
2857	1	1	0	142	2006	9005
2858	2	1	0	97	2005	25280
2859	1	1	333	125	2008	25156
2860	1	2	330	0	2009	54355
2861	2	2	0	151	2005	26488
2862	1	2	0	114	2006	50518
2863	1	1	328	0	2009	50066
2864	1	2	335	152	2007	52088
2865	1	2	335	136	2007	16158
2866	1	2	332	153	2008	0
2867	1	1	333	114	2007	6859
2868	1	1	342	92	2007	16420
2869	1	2	334	152	2008	12261
2870	1	2	334	117	2008	9678
2871	2	1	0	117	2005	50720
2872	2	1	0	152	2005	0
2873	1	1	328	122	2009	26463
2874	1	1	330	97	2009	19131
2875	1	2	328	111	2008	52016
2876	2	2	329	111	2005	50444
2877	1	2	0	118	2006	22250
2878	5	2	0	114	2004	9264
2879	1	1	0	152	2008	2455
2880	2	2	0	92	2005	21556
2881	1	2	0	105	2007	50398
2882	1	0	0	92	2007	2802
2883	1	1	346	152	2008	50038
2884	1	2	341	93	2008	0
2885	1	1	0	152	2007	4984
2886	1	2	334	106	2008	1632
2887	2	2	0	136	2004	50099
2888	3	2	0	120	0	2674
2889	1	2	330	0	2008	50927
2890	1	1	346	153	2008	51219
2891	1	1	333	105	0	50112
2892	1	1	328	0	2008	19396
2893	2	2	0	109	2004	50538
2894	1	2	0	130	2006	50166
2895	1	2	330	0	0	0
2896	4	1	0	0	0	19756
2897	2	1	0	109	0	50146
2898	1	0	0	0	0	0
2899	1	2	332	0	2009	17180
2900	1	2	342	151	2007	17640
2901	1	2	330	97	2008	51977
2902	2	0	0	154	2005	17149
2903	1	1	0	125	2006	5852
2904	2	2	0	111	2001	50786
2905	1	0	328	113	2008	19213
2906	2	2	0	97	2005	17658
2907	1	1	0	117	2006	50034
2908	1	1	0	154	2006	55102
2909	1	2	329	108	2009	17115
2910	2	1	0	139	2000	0
2911	2	1	0	125	2005	2702
2912	1	0	0	0	0	0
2913	1	1	0	152	2006	0
2914	1	1	334	106	2008	19262
2915	2	2	0	105	2005	16383
2916	2	1	334	140	2005	25851
2917	2	2	0	97	2004	19445
2918	2	2	0	147	2005	0
2919	1	1	0	109	2006	56663
