node	student	gender	dorm	major	year	school
0	1	2	105	246	2005	23621
1	1	1	113	235	2007	20577
2	1	1	94	268	2006	0
3	2	1	0	258	2004	1607
4	1	2	95	278	2009	5847
5	1	1	0	245	2007	2405
6	1	1	93	272	2008	25829
7	1	1	109	268	2008	2381
8	1	1	0	268	0	0
9	1	1	0	250	2006	5211
10	1	1	92	0	2008	2771
11	1	2	90	0	2008	19865
12	1	2	103	255	2006	15852
13	1	1	92	0	2008	5221
14	1	2	94	262	2008	3065
15	1	1	0	245	2009	1924
16	5	0	0	0	0	0
17	2	1	0	257	2005	25251
18	1	1	89	275	2009	50075
19	1	1	90	278	2009	2383
20	1	1	0	257	2008	1596
21	1	2	98	257	2006	50129
22	2	2	0	244	2002	2830
23	1	1	103	235	2006	2803
24	1	1	94	249	2006	2193
25	1	2	94	267	2008	5216
26	5	0	0	0	2007	50172
27	1	1	89	260	2009	0
28	1	1	115	244	2007	3384
29	1	1	0	260	0	2755
30	1	1	95	258	2008	1963
31	2	2	0	235	2005	1456
32	1	1	102	260	2007	52131
33	1	2	89	241	2007	5254
34	1	1	0	261	2008	15527
35	2	1	89	260	2005	2248
36	1	1	103	248	2008	23605
37	1	1	92	267	2009	2749
38	1	2	118	255	2006	719
39	2	1	102	252	2005	571
40	1	1	0	238	2006	50084
41	5	0	0	0	0	0
42	1	1	0	245	2006	25757
43	1	1	95	278	2009	2903
44	1	1	0	257	2006	2752
45	1	1	0	244	0	50036
46	1	2	90	0	0	2793
47	1	1	0	235	2006	52401
48	1	2	99	262	2006	0
49	1	1	89	239	2009	16404
50	1	2	90	0	2008	1596
51	1	1	0	235	2007	1797
52	1	1	116	238	2007	54563
53	1	1	0	268	2007	50864
54	1	1	95	238	2009	2048
55	1	1	95	239	2009	20562
56	1	2	125	0	2008	50206
57	1	1	100	260	2007	2868
58	1	1	0	245	2007	54763
59	1	1	88	0	2008	5211
60	1	1	107	257	2006	1288
61	1	1	99	239	2007	2983
62	1	2	91	0	2009	50036
63	3	2	0	260	0	3716
64	1	1	93	239	2008	1756
65	1	2	105	266	2007	23613
66	1	2	89	246	2008	3172
67	2	1	0	271	2005	1933
68	1	2	0	255	2007	0
69	1	1	94	271	2007	2561
70	1	2	90	255	2008	2734
71	1	2	89	266	2007	2725
72	2	1	89	255	2005	2929
73	1	1	91	268	2008	1450
74	1	2	91	244	2009	51835
75	1	1	129	268	2005	2195
76	1	2	105	260	2006	50537
77	2	1	0	245	2005	1381
78	1	1	90	268	2008	1933
79	2	2	0	250	2005	1317
80	1	2	0	0	2008	1611
81	1	1	0	274	2006	50210
82	2	1	138	245	2005	20784
83	5	2	103	246	0	0
84	1	2	99	241	2006	2896
85	1	1	109	240	2006	2784
86	1	1	95	244	2009	3243
87	1	2	111	255	2008	0
88	1	1	0	268	2008	50521
89	1	1	103	267	2007	25863
90	1	0	0	235	2005	52401
91	1	1	92	235	0	0
92	1	1	90	0	2009	564
93	1	1	90	260	2008	25678
94	1	2	112	260	2006	0
95	1	2	88	278	2008	25902
96	1	1	89	268	2009	636
97	1	1	91	252	2009	15844
98	1	2	89	262	2006	1456
99	1	1	102	235	2007	3062
100	1	2	90	260	2008	51317
101	1	2	91	0	2009	0
102	2	2	86	247	2005	50028
103	2	1	100	260	2005	2768
104	2	1	94	235	2005	2763
105	1	1	157	239	2007	50269
106	2	1	107	255	2005	52941
107	1	1	93	268	2008	2862
108	1	1	89	260	2008	1381
109	1	1	98	245	2008	50207
110	2	1	0	0	2005	2677
111	1	1	123	245	2007	2642
112	1	2	90	262	2008	2636
113	1	1	91	268	2009	50390
114	1	1	107	259	2006	2355
115	1	1	89	268	2008	52131
116	1	2	91	242	2008	2734
117	1	2	90	278	2009	2152
118	2	1	0	252	2005	25695
119	1	2	0	249	2006	25659
120	1	2	0	260	2008	25996
121	1	2	0	255	2006	0
122	1	2	92	246	2009	5221
123	1	1	89	267	2008	20675
124	1	2	94	235	2006	24970
125	1	0	90	255	0	5238
126	1	2	90	240	2009	50161
127	2	1	89	268	2005	25794
128	1	2	89	262	2009	0
129	1	1	103	267	2006	52986
130	1	1	0	268	2006	2734
131	1	2	102	235	2006	50081
132	1	2	89	242	2008	50053
133	1	1	136	235	2006	2786
134	1	1	89	239	2006	1427
135	1	0	107	0	2006	2248
136	1	2	89	0	2008	2481
137	1	1	90	278	2009	1454
138	1	1	0	245	0	2193
139	1	2	91	249	2008	20700
140	1	1	90	244	2009	50946
141	1	2	94	245	2007	0
142	1	2	104	249	2006	50486
143	1	2	95	235	2008	50028
144	1	2	89	240	2008	50891
145	2	1	107	268	2005	50390
146	1	0	0	245	2007	2209
147	1	2	91	266	2006	20576
148	1	1	0	237	2007	20655
149	2	1	108	260	2005	2862
150	2	2	0	257	2004	52569
151	1	1	89	0	2009	25793
152	2	2	0	257	2004	50028
153	1	2	0	262	2008	25927
154	1	2	0	249	2007	20603
155	1	1	103	265	2007	5221
156	1	2	89	262	2009	2054
157	1	2	95	0	2008	50353
158	1	1	88	245	2008	20681
159	5	2	0	279	2005	50081
160	1	1	0	257	2007	25829
161	1	2	0	255	2007	2768
162	1	1	92	245	2007	50486
163	1	0	0	0	0	0
164	2	1	0	268	2005	50036
165	1	2	91	0	2008	50028
166	1	2	101	255	2007	2405
167	1	1	88	0	2009	52815
168	1	0	0	237	2007	23146
169	1	1	0	252	2006	50172
170	1	2	88	0	2009	50036
171	1	1	92	239	2009	7828
172	1	2	0	239	2008	50028
173	1	1	93	244	2008	25890
174	1	2	102	255	0	50165
175	1	1	95	260	2009	0
176	2	2	0	235	2005	2442
177	1	0	0	252	0	59592
178	1	2	0	255	2007	1456
179	1	2	93	255	2007	9654
180	2	2	103	255	2005	51124
181	1	1	0	245	2008	20680
182	1	1	0	238	2005	1916
183	1	2	95	0	2009	2495
184	1	2	90	267	2009	50350
185	1	0	119	0	0	2678
186	1	1	88	257	2008	2678
187	1	1	90	244	2009	1305
188	2	1	89	268	2005	779
189	1	1	88	0	2008	50207
190	1	1	90	260	2008	1443
191	1	1	0	0	2008	9580
192	1	2	145	260	2006	20732
193	1	2	102	247	2006	25927
194	1	2	0	241	2004	50989
195	1	2	101	255	2006	2749
196	1	1	90	239	2009	5221
197	1	1	91	0	0	2248
198	1	2	0	260	2007	3262
199	1	1	94	259	2008	2561
200	1	1	90	257	2009	9692
201	1	2	99	250	2007	2230
202	1	1	0	244	2007	1694
203	1	2	95	267	2008	53759
204	1	2	140	267	2007	25892
205	1	1	88	278	2009	1941
206	1	1	88	239	0	0
207	1	1	89	244	2006	2702
208	1	0	0	0	0	0
209	1	2	101	255	2006	1608
210	1	2	93	235	2008	4310
211	1	2	89	268	2006	54277
212	1	2	93	0	2008	50486
213	1	1	95	260	2009	3062
214	1	1	107	260	2006	2052
215	1	1	0	0	0	50165
216	1	1	91	260	2008	1317
217	2	2	0	262	2004	25848
218	2	2	132	255	2005	20700
219	1	1	90	270	2008	15852
220	1	2	88	267	2007	2135
221	1	2	141	255	2005	2761
222	1	2	129	255	2006	50165
223	1	1	94	269	2008	2228
224	1	0	0	0	0	0
225	1	1	124	238	2007	1808
226	1	2	94	255	2006	50131
227	1	1	119	0	2008	50165
228	1	1	101	268	0	20747
229	1	2	90	255	2008	25659
230	1	2	125	255	2007	50353
231	1	2	0	0	0	0
232	1	2	0	235	0	3262
233	2	2	0	249	2005	25645
234	5	2	0	250	2006	2443
235	1	1	88	267	2007	50165
236	2	2	0	246	0	2687
237	1	1	92	235	2008	3062
238	5	0	0	0	0	0
239	1	1	90	260	2007	2257
240	1	1	126	245	2006	1964
241	1	2	88	272	2008	50165
242	1	1	95	244	2009	2561
243	1	1	0	255	2008	50165
244	1	1	88	245	2008	50537
245	1	1	93	0	2009	24934
246	1	2	0	260	2007	1933
247	1	2	90	267	2008	2191
248	1	1	0	255	2006	2405
249	1	2	0	260	2006	0
250	1	1	95	245	2008	50521
251	1	2	0	250	0	2054
252	1	2	0	0	2008	1730
253	1	2	89	235	2007	1344
254	1	1	103	0	2007	2868
255	2	1	0	235	2005	2734
256	1	1	95	245	2008	1762
257	2	1	0	260	2004	0
258	1	2	0	244	2007	15857
259	1	1	0	245	2006	2193
260	1	2	93	250	2008	0
261	1	1	94	258	2007	2248
262	1	1	112	249	2008	50210
263	1	2	88	278	2008	50028
264	1	2	87	262	2007	0
265	1	1	90	0	2008	2862
266	1	0	0	0	0	0
267	1	2	0	244	2006	50028
268	1	1	95	245	2009	20784
269	1	1	88	0	2008	55543
270	1	1	94	267	2009	1288
271	1	1	91	0	2009	2734
272	1	1	94	268	2007	50633
273	1	1	100	239	0	50864
274	1	2	89	241	2008	2846
275	1	1	93	0	2009	5211
276	2	2	99	267	2005	50028
277	1	2	89	0	2008	5221
278	2	2	0	264	0	1741
279	1	2	95	0	2008	1933
280	1	1	91	0	2008	51002
281	1	1	92	260	2008	0
282	2	2	0	264	2005	1667
283	1	1	95	268	2009	17116
284	1	2	103	237	2006	0
285	1	1	92	239	2008	1594
286	1	1	95	0	2009	50390
287	1	1	0	245	2007	1731
288	1	1	122	268	2006	2734
289	1	2	0	235	2006	1547
290	1	1	94	260	2008	50831
291	1	2	102	259	2006	1547
292	1	2	90	260	2009	1935
293	1	1	94	0	2008	50165
294	2	1	0	248	2005	2755
295	1	2	93	251	2007	2442
296	1	1	0	259	0	2755
297	2	2	110	260	2005	50216
298	1	1	93	0	2009	1607
299	1	1	94	252	2008	51580
300	1	2	0	268	2006	5216
301	1	1	107	257	2005	0
302	1	1	0	268	2007	2763
303	1	2	0	263	2007	15852
304	1	1	99	235	2006	23649
305	1	1	94	257	2006	2561
306	1	2	95	268	0	1387
307	1	1	89	268	2007	50307
308	1	1	89	237	2008	0
309	1	2	90	263	2008	50353
310	1	1	113	260	2007	50677
311	1	1	93	267	2008	50714
312	1	2	95	248	2008	0
313	1	2	0	246	2007	0
314	1	2	0	235	2007	25912
315	1	0	0	0	0	0
316	1	2	89	267	2008	50028
317	1	1	91	260	2007	1607
318	1	2	92	0	0	0
319	1	1	0	252	2008	50055
320	1	1	94	258	2008	25794
321	1	2	0	252	2009	2748
322	1	1	93	245	2008	2616
323	2	1	0	260	2004	2755
324	5	1	0	0	0	2790
325	1	2	104	255	2008	6399
326	1	1	93	0	2008	2561
327	1	2	95	262	2009	719
328	1	2	90	0	2008	20732
329	1	1	0	249	2009	1996
330	1	2	0	0	0	50486
331	1	1	90	249	2008	25890
332	1	2	0	251	2008	52401
333	1	1	101	267	0	0
334	1	2	0	267	0	50028
335	1	0	0	0	0	0
336	1	2	93	0	2008	52166
337	1	0	136	235	2006	2443
338	1	2	0	241	2007	50353
339	1	1	0	255	2009	2767
340	1	2	0	260	2007	2868
341	1	2	91	0	2008	50028
342	1	1	88	268	2007	51995
343	1	0	0	0	0	0
344	1	1	95	268	2009	2869
345	1	1	103	257	2006	2618
346	2	2	125	255	2004	25927
347	1	1	126	239	2006	25541
348	1	2	88	0	2009	1456
349	1	1	98	245	2004	2751
350	1	1	130	239	2007	50627
351	2	2	0	255	2005	2241
352	1	0	0	272	2006	2868
353	4	1	0	0	0	2929
354	1	2	88	278	2008	2853
355	2	1	0	244	2005	50122
356	1	0	0	0	0	0
357	1	2	101	269	2006	12293
358	1	1	92	270	2008	2755
359	1	2	89	250	2008	2929
360	1	2	93	278	2009	25793
361	1	1	122	245	2006	804
362	2	1	0	236	2005	2228
363	1	2	0	247	2009	2054
364	2	2	114	235	2005	2133
365	1	1	0	245	2009	0
366	1	1	90	258	2007	1450
367	1	1	89	245	2007	2763
368	1	2	156	255	0	2227
369	1	1	0	260	2007	2734
370	1	1	0	239	2005	2755
371	1	1	0	249	0	25616
372	1	0	0	0	0	0
373	1	1	95	268	2008	1734
374	2	2	0	255	2005	25927
375	1	1	0	269	0	2929
376	1	1	91	259	2007	2228
377	1	1	0	0	2007	2767
378	1	2	91	260	2007	2678
379	1	1	0	260	2007	50537
380	2	1	0	235	2005	2763
381	1	2	93	267	2008	1298
382	1	1	95	267	2009	54805
383	1	1	95	0	2009	25848
384	2	1	107	268	2005	5216
385	1	1	88	268	2008	6138
386	1	1	88	278	2008	25843
387	1	2	109	260	2006	2793
388	1	2	102	245	2008	50028
389	1	1	93	249	2005	52941
390	2	2	0	264	1999	2476
391	1	2	93	255	2007	1731
392	1	1	126	245	2006	2678
393	1	1	90	252	2008	50326
394	1	1	93	267	2007	50165
395	1	1	0	260	2007	2768
396	1	2	89	247	2006	25049
397	1	1	90	268	0	766
398	1	2	103	255	0	3390
399	1	1	146	260	2007	3338
400	1	1	94	267	2006	2713
401	1	1	0	253	2006	25848
402	1	1	93	278	2009	2841
403	1	1	88	278	2009	2763
404	1	1	0	260	2006	50207
405	5	0	97	0	0	20747
406	1	2	103	246	2006	25962
407	1	1	90	235	2006	1596
408	1	1	101	268	2004	10937
409	1	2	93	277	2008	1547
410	1	1	90	0	2008	51178
411	1	1	124	260	2007	2616
412	1	1	103	245	2006	50975
413	1	1	103	246	2007	2204
414	1	1	0	235	2007	52131
415	1	1	89	268	2006	2376
416	1	1	102	252	2007	50486
417	1	1	86	245	2006	2405
418	1	1	90	0	2009	766
419	1	2	99	259	2007	50486
420	1	2	0	267	2007	2734
421	1	2	95	0	2009	50033
422	1	1	103	267	2006	52044
423	1	1	89	252	2008	2608
424	1	0	107	269	2008	25659
425	1	1	0	250	2007	1734
426	1	1	89	245	2006	2381
427	1	1	0	272	2006	2755
428	1	0	0	0	0	0
429	1	1	0	259	2007	0
430	1	2	98	255	2009	0
431	1	2	99	235	2007	1870
432	2	2	0	245	2004	2754
433	1	1	93	0	2009	1317
434	1	2	102	0	2008	2248
435	2	1	99	257	2005	1604
436	1	2	0	249	2006	52401
437	1	2	94	239	2006	50028
438	1	1	0	272	2006	50132
439	1	2	92	255	2006	5221
440	1	1	95	0	2009	0
441	2	2	90	257	2005	25839
442	1	1	93	255	2006	2241
443	1	1	89	0	0	2230
444	1	1	90	268	2009	2790
445	1	1	95	254	2009	50844
446	2	2	0	259	2005	2747
447	1	2	99	255	2007	50353
448	1	0	0	0	0	0
449	1	1	89	268	2008	1595
450	5	1	99	239	2005	1738
451	1	2	98	244	2009	25848
452	1	2	154	262	2007	2813
453	1	2	0	262	2008	50165
454	1	2	101	262	2006	5215
455	1	2	89	246	2007	51188
456	1	2	95	245	2007	1473
457	1	1	103	259	2006	15857
458	1	2	95	268	2008	53362
459	1	2	0	239	2007	50028
460	1	1	93	260	2008	25829
461	2	1	0	248	2005	50165
462	1	1	0	238	2007	1996
463	1	1	0	0	2008	50347
464	2	2	89	262	2005	54774
465	2	2	148	270	2005	23621
466	1	2	0	0	0	0
467	1	1	152	245	2006	20625
468	1	2	91	262	0	16530
469	1	1	92	0	2009	1924
470	1	2	89	0	2009	2322
471	1	1	116	255	0	25793
472	2	1	103	245	2005	23649
473	1	1	0	267	2008	53693
474	1	2	93	245	2009	53759
475	2	1	89	257	2005	1604
476	1	2	144	255	2006	25996
477	1	1	93	0	2008	2054
478	1	2	90	262	2009	53759
479	1	1	0	245	2006	2355
480	1	1	92	250	2008	2714
481	1	1	0	259	2005	5306
482	1	2	95	263	2009	11236
483	1	1	89	255	2008	50055
484	1	1	91	245	2009	12327
485	1	2	89	247	2006	15794
486	1	2	98	278	2008	50033
487	1	1	91	265	2007	50390
488	2	2	128	235	2005	50165
489	1	2	95	262	2009	25848
490	1	1	103	267	2006	1666
491	1	1	0	252	2006	25996
492	1	2	93	250	2008	2617
493	1	2	99	255	2006	50470
494	1	2	104	267	2006	2678
495	2	1	0	244	2005	25658
496	1	2	90	278	2005	20577
497	1	1	86	268	2006	2624
498	1	1	91	235	2009	25639
499	1	0	93	237	2007	1305
500	2	1	0	259	2005	2766
501	1	1	90	245	2008	25542
502	1	1	91	268	2007	15790
503	2	1	108	238	2005	51993
504	1	2	89	239	2006	52401
505	1	1	0	239	2007	50326
506	1	1	103	252	2006	2763
507	1	2	92	235	2007	20731
508	1	1	103	235	2006	25793
509	1	2	0	267	2008	1426
510	1	1	90	0	2008	2443
511	2	1	0	245	2005	2831
512	1	1	102	235	2006	10932
513	1	2	95	255	2007	25627
514	1	1	99	235	2006	50831
515	1	0	100	0	0	50892
516	1	2	106	255	2007	2248
517	1	2	89	0	2009	50350
518	1	1	90	267	2009	25829
519	1	1	98	268	2004	50165
520	1	2	89	260	2008	719
521	1	2	91	260	2008	50028
522	1	2	0	267	2008	1456
523	1	1	0	237	2006	3243
524	1	2	89	267	2005	591
525	1	2	156	262	2007	2230
526	1	2	89	262	2009	50864
527	1	2	95	0	2008	3842
528	2	1	134	270	2005	52131
529	2	2	0	235	2005	2248
530	1	1	89	253	2006	50350
531	1	1	95	0	2009	2761
532	1	1	106	245	2006	50215
533	1	2	88	262	2008	1547
534	1	1	95	268	2009	2749
535	1	1	91	252	2008	2734
536	2	2	0	267	2005	2744
537	1	2	94	0	0	2248
538	1	2	94	267	2006	1456
539	1	1	100	268	2008	50132
540	1	1	0	269	2006	50606
541	1	1	130	260	2006	50031
542	1	0	90	259	2008	2439
543	1	1	0	245	2006	2193
544	2	2	0	255	2005	2768
545	1	2	103	245	2006	0
546	1	2	0	259	2007	2696
547	2	1	0	265	2005	50081
548	1	0	94	269	2008	2661
549	1	2	0	252	2006	2870
550	1	1	0	255	2006	0
551	1	1	93	255	2008	2247
552	1	2	0	277	2007	50028
553	1	1	89	260	2008	50390
554	2	1	86	252	2005	3240
555	1	1	92	268	2007	1381
556	1	2	95	267	2009	2813
557	1	1	94	269	2008	50215
558	2	2	0	246	2005	52180
559	1	1	94	258	2006	2856
560	2	1	0	276	2005	1916
561	2	2	0	262	2003	0
562	1	1	97	245	2006	3544
563	1	1	0	258	2005	1346
564	1	2	91	267	2009	51125
565	1	2	0	249	0	6399
566	1	1	94	235	2008	2861
567	1	1	90	249	2008	51895
568	2	1	0	244	2005	2026
569	1	2	90	245	2008	51002
570	1	0	0	0	0	0
571	1	1	0	267	2006	3080
572	1	2	89	239	2007	727
573	1	0	0	0	0	0
574	1	1	95	253	2009	25849
575	1	2	0	249	0	2790
576	2	2	89	240	2005	52815
577	1	1	95	248	2008	2498
578	1	2	93	241	2007	53759
579	1	2	94	255	2007	2248
580	1	2	0	248	2006	2135
581	1	1	95	278	2009	25983
582	1	1	93	0	2008	50508
583	2	1	0	268	2005	5318
584	1	2	102	241	2006	50824
585	1	1	100	260	2007	54563
586	1	2	93	278	2009	20738
587	2	1	0	245	2005	1974
588	1	1	0	235	2006	50864
589	1	2	88	249	2009	17431
590	1	1	88	255	2008	1594
591	1	1	95	245	2007	26857
592	5	2	96	277	2006	0
593	1	1	93	0	2009	25541
594	1	1	95	0	2009	25793
595	2	2	0	259	2004	0
596	2	2	103	255	2004	25996
597	1	1	102	260	2007	5282
598	1	0	0	0	0	0
599	1	1	103	268	2006	766
600	1	2	0	249	2007	50353
601	1	1	95	258	2009	52401
602	1	1	91	0	2009	26482
603	1	1	92	268	2008	6399
604	1	1	0	260	2007	51234
605	1	1	86	267	2007	3123
606	1	1	89	239	2009	50496
607	1	1	93	266	2008	20707
608	2	1	0	245	2005	1828
609	2	0	0	270	2005	2135
610	1	2	90	278	2009	2248
611	1	2	89	249	0	2443
612	1	2	99	268	2006	50353
613	1	1	130	238	2006	50210
614	1	1	0	250	2009	61382
615	1	0	0	279	0	0
616	1	2	101	247	2008	25848
617	1	2	95	278	2009	0
618	1	1	0	278	2008	50326
619	1	2	0	277	2007	52401
620	1	1	111	249	2006	3062
621	5	1	0	279	2007	2929
622	1	2	133	248	2007	50627
623	1	1	89	241	2008	2753
624	1	1	103	268	2006	1320
625	1	1	108	235	2007	1289
626	1	1	145	258	2006	3044
627	1	1	91	0	2008	766
628	1	1	89	241	2008	5214
629	1	1	126	268	2006	2442
630	1	0	0	0	0	0
631	1	1	119	260	2007	2714
632	1	2	90	235	2008	50165
633	5	2	0	259	2004	2230
634	1	1	91	0	2008	20788
635	1	2	102	260	2006	50177
636	1	1	122	267	2006	6399
637	2	2	103	260	2005	25825
638	1	1	89	260	2008	2813
639	1	2	0	265	2008	0
640	1	2	95	262	2009	50616
641	1	1	91	252	2009	50508
642	1	2	94	239	2008	5216
643	1	1	115	260	2007	1381
644	3	2	105	252	2006	2725
645	1	2	88	0	2008	2673
646	1	2	102	249	2006	25939
647	1	1	91	272	2008	766
648	1	2	98	267	2009	2617
649	1	1	89	272	2009	50606
650	1	1	86	268	2008	25794
651	1	1	93	260	2008	2105
652	1	1	0	0	2009	16439
653	1	2	98	244	2008	25369
654	2	0	0	250	2005	2734
655	1	2	0	255	2005	16212
656	1	2	88	244	2009	50033
657	5	2	0	279	2007	10876
658	1	2	91	0	2008	50028
659	1	2	91	0	2009	50165
660	1	2	0	260	2007	50028
661	5	1	0	267	2004	25793
662	1	1	0	245	2006	1734
663	1	0	103	268	2006	0
664	1	1	0	0	2008	1738
665	1	1	89	259	2009	2022
666	1	2	105	245	2006	50353
667	1	2	90	267	2008	2714
668	1	2	94	257	2008	1756
669	2	1	0	245	2005	0
670	1	2	0	249	2005	50034
671	1	2	89	255	2004	0
672	1	2	89	241	2009	2617
673	1	1	0	261	2006	1594
674	1	2	0	255	0	56252
675	2	1	0	0	2005	1762
676	5	0	0	0	0	0
677	1	1	0	257	2006	20738
678	1	1	0	267	2005	2744
679	1	2	128	245	2006	2381
680	1	2	0	260	2009	8946
681	1	2	103	265	2007	20572
682	1	2	95	0	2009	50081
683	1	1	100	267	2006	2422
684	1	1	95	252	2009	2414
685	1	2	93	257	2008	2813
686	1	1	95	278	2009	2105
687	1	2	105	240	2007	50131
688	1	2	95	0	2009	1456
689	1	2	95	0	2009	51894
690	1	1	95	245	0	2696
691	5	2	0	250	2005	20823
692	1	1	88	268	2009	50215
693	1	2	94	249	2009	59592
694	2	2	0	255	2004	3262
695	1	1	91	267	2009	2882
696	1	1	94	257	2006	3716
697	1	1	122	268	2006	25695
698	2	1	0	239	2005	2768
699	1	1	88	244	2009	1933
700	1	1	0	239	2009	0
701	1	2	91	0	2009	1681
702	1	2	86	265	2006	3133
703	1	1	95	0	2008	52131
704	1	1	99	241	2006	25890
705	1	1	95	0	2009	50124
706	1	1	107	259	2006	50165
707	1	2	103	249	2007	50598
708	1	0	0	252	0	52347
709	1	2	89	241	2006	5336
710	1	2	101	246	2006	2687
711	1	1	0	267	2006	1320
712	1	2	0	262	2008	2751
713	1	2	0	249	0	2830
714	1	2	95	274	2008	1943
715	1	2	95	244	2009	0
716	1	1	0	258	2009	1543
717	2	0	0	235	0	0
718	1	1	94	259	2007	0
719	1	0	0	0	0	0
720	1	2	99	240	2007	1594
721	1	2	89	278	2009	1963
722	1	2	101	262	2006	50028
723	1	2	94	265	2008	50747
724	1	2	119	267	2007	2678
725	1	2	89	262	2008	15852
726	1	2	103	267	2006	52532
727	1	1	103	267	2006	1381
728	1	1	94	249	2005	0
729	1	2	104	241	2008	50909
730	1	2	93	248	2008	2617
731	2	1	94	245	2005	2678
732	1	1	103	245	2006	1595
733	1	1	130	260	2008	2248
734	1	1	0	260	2007	2754
735	1	2	89	245	2006	0
736	1	1	0	244	2007	1498
737	1	1	98	255	2008	2929
738	1	1	88	256	2009	25895
739	1	1	103	235	2006	2191
740	1	2	99	259	2007	2617
741	1	1	0	0	2009	25973
742	5	2	0	250	2005	25130
743	1	1	112	268	2007	25541
744	1	1	91	272	2007	3388
745	1	1	0	252	2007	1427
746	1	1	89	257	2006	25890
747	1	2	89	262	2006	781
748	1	1	126	268	2007	50165
749	1	2	90	278	2009	20681
750	1	2	95	263	2008	50215
751	1	1	0	252	2005	3004
752	1	1	93	268	2009	5979
753	1	1	103	0	2008	3491
754	1	2	0	262	2006	2747
755	1	2	95	0	2009	50028
756	1	0	103	237	2007	6399
757	2	2	120	249	2004	25939
758	1	1	0	268	2009	2755
759	1	1	138	268	2008	50864
760	5	2	0	250	2004	50081
761	1	1	86	245	2006	50193
762	1	1	93	268	2009	50975
763	1	2	105	255	2006	1547
764	1	2	95	246	2007	2617
765	1	2	0	241	2006	50028
766	1	1	100	239	2008	50031
767	1	0	0	0	0	0
768	1	1	91	0	2009	51849
769	1	2	0	259	2006	50028
770	1	2	0	235	0	0
771	2	1	0	271	2005	50058
772	1	1	90	0	2008	52401
773	1	1	90	260	2009	0
774	2	1	0	267	2005	1736
775	1	2	93	0	2008	50165
776	1	2	99	267	2005	6000
777	1	2	89	266	2007	2369
778	1	1	91	258	2009	5215
779	1	2	89	239	2006	5203
780	1	1	102	238	2007	25996
781	1	1	90	245	2009	50946
782	1	2	91	239	2009	2881
783	1	0	0	0	0	50165
784	1	1	137	263	2009	2405
785	1	2	102	255	2006	50028
786	1	1	88	255	2007	2749
787	1	1	0	257	2007	2584
788	1	2	89	244	2009	50353
789	1	1	122	267	2006	53724
790	1	2	0	262	2008	2766
791	1	1	0	255	0	0
792	1	1	92	260	2009	2694
793	1	1	88	235	2008	50486
794	1	2	0	264	2006	2248
795	1	2	117	252	2005	25326
796	2	1	0	244	2005	25829
797	1	2	89	250	2008	5284
798	1	1	90	235	2007	50165
799	1	2	95	239	2009	0
800	2	2	0	245	2004	2793
801	1	1	0	271	2006	50537
802	1	2	89	255	2007	51809
803	1	1	89	240	2006	20823
804	1	1	95	239	2009	0
805	1	2	91	247	2008	51494
806	1	2	95	259	2009	0
807	2	1	102	253	2005	50340
808	1	2	92	244	2008	50307
809	1	2	114	235	2007	6942
810	1	2	89	246	2005	1547
811	1	1	0	267	2006	2755
812	2	1	141	275	2005	20631
813	2	1	138	260	2005	2493
814	1	1	0	260	2007	1543
815	1	1	0	241	2008	20656
816	1	1	102	248	2007	50033
817	1	2	90	267	2008	719
818	1	1	95	267	2009	3576
819	1	1	89	267	2008	5252
820	1	2	94	260	2009	5216
821	2	2	106	255	2005	0
822	2	2	0	264	0	3262
823	1	1	91	0	2008	50677
824	1	1	93	0	2008	2273
825	1	2	94	239	2008	2832
826	1	1	109	249	2007	2597
827	1	2	0	268	2007	50165
828	1	2	0	267	2006	2233
829	1	1	90	258	2008	1933
830	1	2	95	259	2009	0
831	1	2	92	235	2006	0
832	1	1	0	259	2008	1594
833	1	1	157	260	2007	2803
834	2	2	86	245	2005	23727
835	1	2	0	267	2006	25723
836	1	1	138	252	2007	25829
837	1	1	0	0	2008	1608
838	1	1	0	252	2006	0
839	1	1	0	268	0	3020
840	1	1	99	245	2007	20784
841	1	1	137	245	2009	2678
842	1	1	146	268	2007	5282
843	1	1	88	256	2009	50486
844	1	2	95	239	2008	1595
845	1	1	90	245	2008	25967
846	1	2	0	259	2007	50975
847	2	1	0	255	2005	50363
848	1	1	94	267	2007	2228
849	1	1	90	268	2009	61234
850	1	2	93	0	2009	51849
851	1	2	90	0	2008	2793
852	1	2	0	239	2009	50028
853	2	1	0	270	2005	50499
854	2	2	0	252	2004	25757
855	1	2	0	249	2006	2749
856	1	1	109	255	2006	50033
857	2	1	0	252	2005	2820
858	1	1	0	260	2007	25927
859	1	2	139	248	2007	50353
860	1	1	94	263	2006	50036
861	2	1	140	252	2005	21784
862	2	2	103	266	2005	50269
863	1	1	91	0	0	52011
864	1	1	95	239	2008	2734
865	1	1	0	267	2007	1730
866	1	1	95	0	0	52986
867	2	2	0	260	2005	0
868	1	1	88	278	2009	3388
869	1	2	0	252	2006	25927
870	1	2	89	267	2008	50033
871	1	1	90	258	2008	2929
872	1	1	95	245	2008	0
873	1	1	100	272	2007	23649
874	2	2	132	267	2005	1311
875	1	1	92	0	2008	1734
876	1	1	102	260	2006	2054
877	1	2	0	238	2006	1820
878	1	1	94	269	2007	50742
879	1	1	90	256	2009	25659
880	1	1	0	267	2006	25793
881	1	2	90	255	2005	0
882	1	1	99	244	0	2734
883	1	2	93	259	2008	1298
884	1	0	0	0	0	0
885	1	1	0	257	2007	2705
886	2	2	0	260	2005	50165
887	1	1	89	269	2009	2761
888	1	2	95	255	2008	25640
889	1	1	95	0	2008	3123
890	1	1	93	245	2008	2674
891	1	2	94	235	0	51034
892	2	2	0	260	2005	2867
893	1	2	90	278	2009	23341
894	1	2	92	0	2008	50353
895	2	2	0	241	2005	25565
896	1	1	112	245	2007	25672
897	1	1	103	238	2006	1935
898	1	1	91	0	2008	25542
899	1	2	0	255	2006	3262
900	1	1	91	0	2009	1543
901	2	2	102	262	2005	5568
902	4	0	0	0	0	15239
903	1	2	0	0	0	50028
904	1	2	0	267	0	0
905	1	2	147	0	2007	50537
906	1	0	0	0	0	0
907	1	2	95	259	2008	2248
908	1	2	93	235	2008	1456
909	1	1	91	242	2009	15996
910	1	2	0	0	2008	50028
911	1	1	0	250	2006	0
912	1	1	0	249	2007	2248
913	1	2	0	265	0	50055
914	1	1	0	252	2005	0
915	1	1	91	270	2009	1543
916	1	2	91	264	2008	50028
917	1	1	98	238	2008	50210
918	1	2	95	263	2009	50353
919	1	2	0	255	2007	50353
920	2	2	111	260	2005	50353
921	1	1	91	263	2007	1381
922	1	2	91	262	2008	25793
923	1	2	89	0	2006	20680
924	2	2	140	267	2005	50036
925	1	2	90	0	2007	1942
926	1	1	92	267	2009	2248
927	2	2	0	261	2004	1450
928	1	1	102	260	2008	3062
929	1	2	0	245	2006	50225
930	1	2	0	271	2008	50225
931	1	1	90	268	2009	766
932	1	2	153	252	2008	719
933	2	1	102	260	2005	1381
934	1	1	103	244	2006	25607
935	1	2	95	260	2008	2734
936	1	2	94	245	2009	2839
937	1	1	89	0	2008	2919
938	1	2	90	260	2008	25659
939	1	1	95	0	2008	25831
940	1	1	91	245	2008	2768
941	1	1	0	243	2007	50336
942	1	1	93	0	2008	1320
943	1	2	121	268	2007	12336
944	1	2	111	268	2007	0
945	1	1	89	0	2008	3371
946	1	1	95	0	2008	5221
947	1	1	94	0	2008	52027
948	1	2	95	244	2009	25996
949	1	2	93	268	2009	1607
950	1	1	157	235	2007	12597
951	1	2	94	235	2007	2754
952	1	1	95	254	2009	9584
953	1	0	0	260	2006	2248
954	1	1	93	268	2008	766
955	1	1	93	244	2007	0
956	1	1	0	239	2006	20680
957	1	1	112	245	2007	2661
958	1	1	95	278	2009	50344
959	1	2	0	278	2008	2416
960	1	2	90	267	2007	2661
961	1	2	103	250	2007	55368
962	1	1	0	260	2006	51702
963	1	1	90	244	2009	25658
964	1	1	95	245	2007	25927
965	1	2	138	267	2007	50336
966	1	2	95	278	2009	11872
967	1	2	92	268	2007	1672
968	1	1	102	255	2007	2871
969	1	2	0	247	2006	50028
970	1	2	144	260	2005	1924
971	1	2	88	262	2009	6145
972	1	2	0	267	2007	2623
973	2	1	0	267	2005	25829
974	1	1	113	260	2006	11872
975	1	0	0	0	0	0
976	5	1	0	279	2007	2505
977	1	1	0	260	2006	22263
978	2	2	89	249	2005	1426
979	1	1	0	255	2006	52231
980	2	2	0	0	0	0
981	1	2	105	244	2006	25659
982	1	2	91	275	2008	2369
983	1	2	89	241	2009	0
984	1	0	0	0	0	0
985	1	2	105	0	0	50353
986	1	1	99	0	2007	52941
987	1	1	89	0	2008	50081
988	1	1	0	244	2007	2268
989	1	1	0	237	0	50173
990	2	1	0	268	2005	2768
991	1	1	88	244	2007	25890
992	1	1	91	270	2008	1317
993	1	1	88	245	2008	1543
994	1	1	100	249	2006	2248
995	1	2	99	260	2006	3262
996	1	2	0	252	2005	3491
997	1	1	95	244	2009	25904
998	1	2	0	255	2006	1387
999	2	2	0	260	2005	1547
1000	1	1	0	243	2006	2752
1001	1	1	93	0	2008	766
1002	1	2	94	252	2006	50028
1003	1	1	95	252	2008	50225
1004	1	2	0	250	2006	2741
1005	1	2	91	245	2009	20627
1006	1	1	95	245	2007	23740
1007	1	2	89	0	2008	11019
1008	2	2	0	249	2005	0
1009	1	1	90	268	2009	50537
1010	1	1	0	235	2006	2767
1011	1	2	91	276	2008	50165
1012	1	2	0	267	2006	2760
1013	1	1	0	268	2008	2794
1014	1	1	122	267	2006	6399
1015	1	2	0	241	2007	1734
1016	1	0	0	0	0	0
1017	1	1	89	252	2008	50033
1018	1	1	88	260	2004	50486
1019	1	1	0	260	2007	1594
1020	1	1	90	0	2008	1349
1021	1	2	89	235	2009	6000
1022	2	1	0	260	2004	2022
1023	1	2	94	249	2006	672
1024	1	1	102	238	2007	50207
1025	1	1	90	257	2009	718
1026	1	1	92	268	2008	50165
1027	1	2	0	250	2006	50269
1028	1	2	0	246	2004	26535
1029	1	2	111	235	2008	2590
1030	1	1	97	239	2007	52044
1031	1	1	0	235	2006	2763
1032	1	2	89	267	2009	50028
1033	2	1	0	265	2005	2678
1034	1	2	88	0	2008	1935
1035	1	1	95	239	2009	50340
1036	1	2	103	270	2006	1380
1037	1	1	90	265	2007	1943
1038	2	1	0	267	2005	2929
1039	1	1	88	235	2007	1734
1040	2	2	0	276	2005	2248
1041	1	1	0	244	2006	12337
1042	1	1	88	260	2007	20598
1043	1	1	94	235	2006	2230
1044	1	2	89	252	2007	0
1045	1	2	89	278	2009	50055
1046	1	2	0	0	2009	50036
1047	1	1	90	244	2008	804
1048	1	2	93	245	2009	1924
1049	1	2	95	265	2009	50975
1050	2	2	101	255	2005	4911
1051	1	2	0	262	2006	50486
1052	1	1	130	252	2007	25723
1053	1	1	0	255	2008	1596
1054	1	1	0	268	2008	1774
1055	1	1	98	241	2008	2615
1056	1	1	0	245	2006	1736
1057	2	1	102	245	2005	25672
1058	5	2	0	262	2004	52166
1059	1	0	103	267	2007	20695
1060	1	1	95	239	2009	2248
1061	1	1	0	244	2006	50486
1062	1	1	94	248	2009	50165
1063	1	1	0	0	2008	2752
1064	1	1	89	249	2007	50023
1065	2	2	0	257	2005	2856
1066	1	1	0	0	2008	2760
1067	5	2	97	265	2007	2481
1068	2	2	0	279	2005	2248
1069	1	1	94	276	2006	59340
1070	1	1	112	260	2007	22251
1071	1	2	129	255	2006	3003
1072	2	1	0	260	0	2734
1073	2	2	0	255	2005	3491
1074	1	1	98	260	2007	2754
1075	5	2	86	279	0	2687
1076	1	2	91	245	2008	12393
1077	1	1	95	238	2008	2581
1078	1	2	93	255	2008	50165
1079	1	0	0	0	0	0
1080	2	2	0	0	2005	25848
1081	1	2	108	0	2009	0
1082	1	2	98	257	2007	2328
1083	1	2	90	235	2009	2443
1084	1	2	101	249	2008	0
1085	1	2	0	259	2005	2805
1086	1	2	99	267	2006	2850
1087	1	2	101	255	2007	2868
1088	1	1	95	252	2008	1730
1089	2	2	0	244	2004	0
1090	1	1	90	272	2009	17604
1091	1	2	91	257	2008	17640
1092	1	1	103	257	2006	20556
1093	1	2	88	255	2009	50508
1094	1	2	94	268	2006	2617
1095	1	2	0	246	2008	50028
1096	1	2	88	267	2008	0
1097	1	1	122	245	2006	1824
1098	2	1	0	255	2004	5211
1099	1	2	89	278	2009	3036
1100	1	0	95	276	2008	2248
1101	1	2	94	246	2005	1934
1102	1	1	93	0	2008	50210
1103	1	1	92	245	2008	53681
1104	1	1	0	252	2006	2831
1105	1	2	95	267	2009	6399
1106	2	2	0	267	2005	2760
1107	1	1	95	278	2009	3057
1108	1	1	0	241	0	0
1109	1	1	90	0	0	50365
1110	1	2	94	267	2008	2736
1111	1	1	89	255	2009	1756
1112	1	2	90	259	2008	50218
1113	1	1	88	0	2008	50165
1114	1	1	115	268	2007	2608
1115	2	2	102	255	2004	2385
1116	1	1	93	259	2008	3123
1117	1	1	0	260	2007	2768
1118	1	2	99	268	2006	50215
1119	2	1	103	260	2005	672
1120	1	1	100	271	2008	4295
1121	1	2	89	0	2009	0
1122	1	1	95	278	2009	2616
1123	1	2	114	255	2005	1547
1124	1	0	0	0	0	0
1125	2	1	99	267	2004	0
1126	1	1	0	260	0	1288
1127	1	2	90	268	2008	50028
1128	1	2	91	278	2009	50215
1129	1	2	132	259	2007	6138
1130	1	0	91	268	2007	2568
1131	2	1	0	255	2005	1734
1132	1	2	94	257	2006	3202
1133	2	2	111	267	2005	20763
1134	1	1	112	258	2007	0
1135	1	1	91	248	2008	50165
1136	2	1	0	0	2004	2248
1137	1	1	99	235	2007	50864
1138	1	2	86	267	2005	2714
1139	1	1	90	0	2008	2493
1140	1	2	105	260	0	50353
1141	1	1	98	276	2006	20572
1142	1	1	93	268	2009	52401
1143	1	2	94	254	2007	0
1144	1	1	95	252	2009	2678
1145	5	2	87	0	2004	3172
1146	1	2	95	244	2009	2734
1147	1	1	91	244	2008	50207
1148	1	1	0	0	2008	2768
1149	1	1	93	268	2008	20823
1150	1	0	0	249	2007	50175
1151	1	2	89	240	2007	20588
1152	1	2	91	268	2009	50131
1153	2	2	111	262	2005	50028
1154	2	1	123	245	2005	1426
1155	1	1	94	244	2008	15827
1156	1	1	91	267	2007	23495
1157	1	1	127	267	0	1762
1158	3	2	0	0	0	11895
1159	2	2	0	241	2004	1456
1160	2	2	106	235	2005	2599
1161	1	2	103	246	2005	25902
1162	1	2	0	246	2004	57608
1163	1	1	94	268	2006	50225
1164	1	1	93	260	2008	50031
1165	1	2	89	239	2008	25794
1166	1	1	0	260	2006	25370
1167	1	1	90	252	2008	9415
1168	2	1	0	244	2005	1596
1169	1	1	89	262	2007	16797
1170	1	1	95	252	2007	0
1171	1	1	103	249	2006	20625
1172	1	2	92	235	2009	2248
1173	1	1	95	255	2009	50038
1174	1	1	89	245	2006	1443
1175	1	2	88	239	2008	50055
1176	1	1	98	0	2008	5221
1177	1	1	89	260	2008	50033
1178	1	2	0	257	2006	2749
1179	2	2	0	267	2004	1456
1180	1	2	89	264	2006	50028
1181	1	1	122	268	2006	3386
1182	2	2	0	249	2004	50028
1183	1	2	90	267	2008	25848
1184	1	2	0	259	2006	50028
1185	1	0	0	260	2008	1941
1186	1	1	0	267	2008	2755
1187	1	1	0	267	2006	2623
1188	1	2	89	241	2007	5215
1189	2	2	0	245	2004	50946
1190	1	2	99	249	2006	779
1191	1	1	0	245	2008	0
1192	1	1	0	244	2008	24934
1193	1	1	90	245	2009	50390
1194	1	1	95	245	2008	2581
1195	1	2	89	267	2009	2022
1196	1	1	95	244	2008	20576
1197	2	2	0	241	2008	1756
1198	1	2	0	255	2006	2766
1199	1	2	88	278	2009	50353
1200	1	1	0	270	2006	25925
1201	1	1	95	261	2008	3090
1202	1	1	0	0	2008	3544
1203	1	1	95	0	2008	2805
1204	1	2	93	259	2009	3058
1205	1	1	130	260	2008	50215
1206	1	2	89	241	2005	20747
1207	6	2	0	272	2004	0
1208	1	2	0	247	2007	2956
1209	1	2	0	249	2006	9382
1210	1	2	95	253	2008	50350
1211	2	2	0	255	2004	25848
1212	1	1	95	0	2009	25794
1213	1	1	90	260	2008	1681
1214	1	1	0	255	2009	2193
1215	1	0	0	0	0	0
1216	2	1	138	244	2005	3667
1217	1	2	88	241	2008	6101
1218	1	2	94	239	2006	719
1219	1	2	89	260	2006	2734
1220	1	1	112	268	2007	50975
1221	1	1	90	257	2008	25848
1222	1	1	95	248	2008	50447
1223	1	1	95	268	2008	5211
1224	1	1	92	255	0	2763
1225	1	2	125	267	2007	1738
1226	1	2	91	0	2008	20812
1227	1	1	92	239	2009	1734
1228	1	1	95	245	2009	2763
1229	1	1	0	240	2005	0
1230	1	1	94	261	2009	50218
1231	1	1	0	272	2008	2734
1232	1	1	90	237	2006	2830
1233	2	2	0	246	2004	1596
1234	1	2	0	262	2006	25848
1235	2	2	0	0	2005	50028
1236	1	1	95	255	2008	2763
1237	1	2	88	260	2009	1965
1238	1	2	90	241	2008	2413
1239	1	1	0	268	2006	3004
1240	1	0	0	0	0	0
1241	1	1	0	245	2006	2763
1242	1	2	0	0	2008	2135
1243	1	1	91	268	2008	25848
1244	1	2	0	241	2006	2768
1245	1	2	0	241	2006	2687
1246	1	1	94	0	2009	51130
1247	1	1	88	0	2009	6000
1248	1	2	0	255	2008	1736
1249	1	2	94	278	2009	1756
1250	1	2	101	249	2007	54888
1251	5	2	0	240	2007	3262
1252	1	2	90	249	2008	719
1253	1	2	103	246	2005	1503
1254	1	2	0	255	2007	2233
1255	2	1	94	235	2005	25640
1256	4	1	0	0	0	55858
1257	1	1	108	260	2007	1288
1258	1	1	100	268	2006	1734
1259	1	1	95	244	2009	50225
1260	5	2	0	260	2004	0
1261	1	2	100	0	2006	0
1262	1	2	88	268	2007	2766
1263	1	2	92	246	2009	1456
1264	1	1	94	235	2006	0
1265	1	1	156	0	2007	2205
1266	1	0	0	0	0	0
1267	1	1	0	255	2006	2820
1268	1	1	0	268	2006	50133
1269	1	2	0	240	2005	25927
1270	1	2	0	260	2008	2832
1271	1	2	91	247	2009	10843
1272	1	2	90	0	2009	1429
1273	1	1	90	244	2008	53633
1274	2	1	0	271	2005	0
1275	1	1	88	245	2009	59592
1276	1	1	0	268	2006	25848
1277	1	2	0	255	2006	2766
1278	1	2	86	249	2007	1531
1279	1	1	95	0	2009	637
1280	1	1	95	260	2008	17540
1281	1	2	91	251	2009	51430
1282	1	1	0	260	2006	50033
1283	1	1	0	271	2007	0
1284	1	2	93	267	2008	50864
1285	1	1	95	268	2009	20747
1286	1	2	0	255	0	20730
1287	1	1	102	245	2008	1942
1288	1	1	0	267	2006	52401
1289	2	1	0	268	2005	2135
1290	1	2	94	272	2007	20577
1291	1	2	99	235	2007	1547
1292	1	1	99	267	2006	6399
1293	1	1	91	260	2008	50502
1294	1	2	89	260	2006	50028
1295	1	2	103	252	2006	2820
1296	1	1	91	267	2007	20732
1297	2	1	0	247	2005	0
1298	1	2	89	278	2009	0
1299	1	1	90	239	2009	3202
1300	1	2	89	261	2007	0
1301	2	0	0	257	2005	2760
1302	1	1	0	267	2006	10937
1303	1	2	0	259	2006	2460
1304	1	2	95	249	2008	2248
1305	1	1	88	245	2007	50165
1306	1	1	103	245	0	2205
1307	1	2	91	245	2009	1443
1308	1	1	92	245	2009	6393
1309	1	1	0	245	2007	2193
1310	2	1	0	257	2004	2734
1311	1	0	0	0	0	0
1312	1	1	100	250	2005	2498
1313	1	1	91	0	2007	12392
1314	1	1	98	239	2009	3243
1315	2	2	112	235	2005	3044
1316	1	2	0	249	2007	25632
1317	1	1	0	260	2006	20680
1318	1	1	98	276	2008	1762
1319	1	2	153	0	2008	25978
1320	1	2	91	0	0	15316
1321	1	0	0	0	0	0
1322	2	1	99	239	2005	20700
1323	1	2	111	262	2008	2793
1324	1	1	98	278	2009	2763
1325	5	2	0	279	2007	25848
1326	1	2	0	262	2006	50554
1327	1	1	0	244	2006	1596
1328	1	1	0	267	2006	1543
1329	1	0	0	0	0	0
1330	1	1	90	278	2009	1608
1331	1	1	90	268	2009	50550
1332	1	0	94	255	2008	0
1333	2	0	0	0	0	0
1334	1	1	95	245	2008	52108
1335	2	1	0	235	2005	2702
1336	1	1	93	245	2009	1996
1337	1	1	95	245	2009	50189
1338	1	2	0	0	2008	0
1339	1	2	0	246	2006	2381
1340	2	2	103	265	2005	50269
1341	1	1	88	238	2008	50131
1342	1	1	0	260	2006	50508
1343	1	1	92	0	2009	2561
1344	1	2	89	246	2007	20681
1345	1	2	0	250	2006	15807
1346	1	1	92	239	2009	50165
1347	1	0	97	276	2007	3171
1348	1	2	89	248	2008	50037
1349	1	2	93	260	2009	1451
1350	1	2	0	249	2006	0
1351	1	0	92	260	2007	2678
1352	2	1	0	270	2005	1964
1353	5	1	0	258	2005	1381
1354	2	1	0	252	2005	2763
1355	1	2	0	249	2006	53759
1356	2	2	0	248	2003	25723
1357	1	1	0	245	2006	0
1358	1	1	0	265	2006	2734
1359	1	1	0	245	2007	50215
1360	1	2	129	245	2006	23535
1361	1	2	0	268	2006	2734
1362	2	1	99	255	2005	17540
1363	1	1	93	0	2008	2054
1364	1	2	93	278	2009	50028
1365	1	1	0	255	0	51125
1366	1	2	86	272	2006	50353
1367	1	1	88	260	2008	3161
1368	1	1	157	260	2007	3049
1369	1	1	91	260	2008	50210
1370	1	1	91	257	2007	2755
1371	1	1	99	268	2006	6383
1372	1	2	88	260	2009	5282
1373	1	2	154	0	2008	1756
1374	5	1	0	279	2007	0
1375	1	1	0	252	2006	3007
1376	1	1	89	262	2009	1317
1377	1	1	91	244	2009	2763
1378	2	1	0	267	2005	0
1379	1	1	0	255	2006	0
1380	1	1	0	237	2007	1973
1381	2	2	106	255	2005	2416
1382	1	1	0	245	0	26736
1383	2	1	94	269	2005	1795
1384	1	2	93	235	2007	13185
1385	1	2	88	278	2009	1298
1386	1	2	106	255	2007	25678
1387	1	2	114	250	2007	637
1388	1	1	90	269	2008	25848
1389	1	2	0	249	0	3057
1390	2	1	123	259	2005	2755
1391	1	1	0	235	2008	1426
1392	2	1	0	268	2005	50006
1393	1	1	123	255	2007	766
1394	1	1	94	245	2008	20823
1395	2	1	0	260	2004	2714
1396	1	2	93	260	2008	25839
1397	1	2	94	245	2006	2248
1398	1	1	89	239	2009	25646
1399	1	1	0	239	0	0
1400	1	2	102	0	2008	6138
1401	1	0	0	0	0	0
1402	1	1	95	272	2007	2763
1403	1	2	89	247	2006	1317
1404	1	1	0	267	2006	50073
1405	1	2	94	279	2009	2868
1406	2	2	99	235	2005	25848
1407	1	1	90	260	2008	25848
1408	2	1	0	260	2005	0
1409	1	2	0	260	2008	2381
1410	1	2	0	259	2009	1367
1411	1	1	0	260	2008	25927
1412	1	1	103	235	2007	2881
1413	2	2	102	239	2005	1934
1414	1	1	0	260	0	0
1415	1	2	88	255	2008	0
1416	1	1	88	0	2009	17540
1417	1	1	137	268	2009	9757
1418	1	1	89	249	2007	57174
1419	1	1	0	268	2006	20572
1420	1	1	0	237	2006	3058
1421	1	0	0	268	2006	25897
1422	1	2	0	260	2006	1734
1423	1	1	94	235	2006	2749
1424	1	1	98	245	2009	2438
1425	2	1	0	252	2004	779
1426	1	1	95	260	2009	2666
1427	1	1	90	241	2009	20576
1428	1	1	95	0	2008	2768
1429	1	2	95	268	2008	4295
1430	1	2	94	272	2006	1740
1431	1	2	0	251	2007	50470
1432	1	1	95	278	2009	9496
1433	1	2	121	259	2006	0
1434	1	2	91	245	2009	50203
1435	2	2	0	262	0	1547
1436	2	1	0	268	2005	23810
1437	1	2	92	239	2009	50131
1438	1	1	89	239	2008	50206
1439	1	2	89	245	2007	50037
1440	1	1	0	244	2007	15673
1441	1	1	95	244	2009	11114
1442	1	2	132	253	2006	50036
1443	1	0	0	245	2007	2965
1444	1	1	103	271	2006	1381
1445	1	1	91	0	2008	20711
1446	1	1	0	260	2006	2755
1447	1	2	103	259	2007	2805
1448	1	2	104	245	2006	50028
1449	1	1	0	245	2008	20680
1450	1	2	0	252	2006	2766
1451	1	1	92	270	2009	2752
1452	2	1	0	268	2005	2867
1453	1	2	0	0	0	50028
1454	1	2	138	262	2007	2617
1455	1	1	91	245	2008	672
1456	1	1	89	250	2008	2248
1457	1	2	0	260	2007	0
1458	2	1	0	252	2005	2824
1459	1	1	116	268	2007	5280
1460	2	2	0	260	2004	50081
1461	1	2	0	264	2006	0
1462	1	1	95	245	2008	1720
1463	1	2	0	255	2006	0
1464	1	2	89	263	2008	50215
1465	1	1	95	270	2008	0
1466	1	1	90	0	2008	25848
1467	1	1	89	262	2008	50486
1468	1	2	138	235	2006	5211
1469	1	1	0	259	2008	2734
1470	5	2	0	246	2005	2248
1471	1	2	92	245	2009	7828
1472	1	1	93	253	2008	6138
1473	1	2	106	255	2007	2793
1474	1	2	95	241	2007	5216
1475	1	2	89	262	2007	5225
1476	1	1	0	255	2005	0
1477	1	1	99	267	2006	2714
1478	5	2	0	0	0	52401
1479	1	1	90	0	0	15785
1480	2	1	0	268	2004	50390
1481	2	1	0	267	2005	50499
1482	1	1	95	249	2008	50211
1483	1	1	92	255	2008	50271
1484	1	1	95	245	2008	2903
1485	1	2	95	245	2007	2751
1486	1	1	93	258	2009	2766
1487	1	1	90	260	2008	1380
1488	2	1	0	260	2005	25541
1489	1	1	90	245	2008	2642
1490	1	0	0	0	0	0
1491	1	1	102	252	2007	50486
1492	1	1	103	260	2006	50239
1493	1	1	94	0	2008	15656
1494	1	2	90	0	2008	50831
1495	1	1	91	235	2008	1596
1496	1	2	95	278	2009	50975
1497	1	2	147	244	2007	50537
1498	1	1	88	239	2009	25836
1499	1	2	94	235	2006	1317
1500	1	1	0	0	2008	0
1501	1	2	95	246	2009	25927
1502	1	1	95	278	2009	25678
1503	1	1	95	0	2008	5216
1504	1	1	103	271	2007	2616
1505	1	2	90	0	2009	3284
1506	5	0	0	0	0	0
1507	1	2	89	250	2008	2248
1508	1	1	0	255	2006	2093
1509	1	1	90	235	2009	2248
1510	1	1	89	0	2008	1596
1511	1	1	93	267	2008	50205
1512	1	1	0	260	2007	2678
1513	1	2	95	267	2006	2381
1514	1	1	0	268	2006	1924
1515	1	2	102	0	2008	51023
1516	1	1	94	245	2007	52941
1517	1	1	91	278	2009	54563
1518	1	1	103	267	2006	2846
1519	1	1	156	255	2007	1730
1520	1	1	131	235	2007	2581
1521	1	1	88	0	2008	20681
1522	1	1	93	0	2008	2608
1523	1	2	0	267	2007	50028
1524	1	2	92	244	2009	50165
1525	1	2	0	249	2009	50864
1526	1	1	0	255	2006	1912
1527	1	1	94	268	2006	1805
1528	1	1	91	0	2009	0
1529	1	1	89	239	2008	1756
1530	1	1	0	268	2006	3034
1531	1	1	98	0	2008	2405
1532	1	0	0	0	0	0
1533	1	2	95	245	2008	2793
1534	1	2	95	255	2008	50081
1535	1	1	0	275	2007	50132
1536	1	2	0	261	2006	2766
1537	1	2	101	255	2006	2793
1538	2	2	104	246	2004	2687
1539	1	1	90	245	2006	8549
1540	1	1	0	278	2009	50508
1541	1	2	89	267	0	50508
1542	1	2	104	267	2006	9188
1543	1	1	92	256	2008	5221
1544	1	2	95	249	2009	6138
1545	1	2	88	0	2008	5221
1546	1	1	148	265	2006	50269
1547	1	2	93	0	2008	25819
1548	2	1	89	245	2005	1870
1549	1	2	139	252	2007	20680
1550	1	2	89	260	2009	2022
1551	1	1	95	245	2009	20680
1552	1	2	0	0	2008	1914
1553	1	1	88	0	2009	9492
1554	1	2	102	255	2007	50184
1555	2	2	99	235	2005	50831
1556	1	2	95	267	2009	20680
1557	1	1	97	277	0	25832
1558	1	1	88	260	2009	2405
1559	1	2	0	241	2007	9224
1560	1	1	92	239	2008	2713
1561	1	1	0	255	2008	3062
1562	2	1	0	245	2005	2744
1563	1	2	0	255	2006	2749
1564	1	1	0	268	2006	50521
1565	1	1	98	0	2009	50658
1566	1	2	108	244	2006	25890
1567	2	2	0	264	2005	2895
1568	1	1	91	268	2008	25723
1569	1	1	99	268	2005	1963
1570	1	2	99	245	2006	5304
1571	1	2	0	267	2006	2248
1572	1	2	102	267	2006	2793
1573	1	1	130	245	2006	24954
1574	1	2	0	255	2008	1734
1575	1	1	90	278	2009	50225
1576	1	1	88	0	2008	2768
1577	5	1	0	270	0	2188
1578	3	0	0	240	0	0
1579	2	1	0	249	0	0
1580	1	2	93	278	2008	53759
1581	1	2	103	235	2008	50225
1582	1	2	0	249	2005	26753
1583	1	0	103	0	0	0
1584	2	1	0	257	2005	2241
1585	2	1	0	245	2005	1734
1586	1	1	90	248	2007	0
1587	1	1	0	250	2008	50363
1588	1	1	88	238	2009	0
1589	2	1	0	268	2005	53030
1590	2	1	0	260	2003	1381
1591	5	1	96	279	2005	1596
1592	1	1	90	259	2008	52668
1593	1	1	0	235	2006	25607
1594	1	2	89	255	2008	50215
1595	1	1	95	265	2008	2820
1596	1	2	0	250	2006	0
1597	1	2	90	243	2007	2748
1598	1	1	131	267	2006	20784
1599	1	2	101	272	0	50028
1600	1	2	149	262	2006	2422
1601	1	1	0	267	2006	50390
1602	1	2	95	235	2008	50218
1603	5	2	0	279	2007	2869
1604	1	2	0	235	2006	719
1605	1	1	100	268	2006	1543
1606	1	1	95	245	2008	2768
1607	1	1	91	278	2009	25536
1608	1	1	95	0	2009	0
1609	1	1	0	255	2006	2830
1610	2	0	0	0	0	2665
1611	1	1	88	278	2009	1426
1612	1	2	153	252	2008	719
1613	1	0	0	0	0	0
1614	1	2	88	249	2009	50161
1615	1	1	93	252	2007	50521
1616	1	1	0	245	2009	9580
1617	1	2	0	0	2008	9313
1618	1	1	0	268	2006	59592
1619	1	1	108	235	2007	2763
1620	1	2	89	278	2009	2233
1621	1	1	95	258	2006	1596
1622	1	1	137	258	0	50185
1623	1	1	0	0	2008	2135
1624	1	2	129	235	2006	50165
1625	1	1	0	245	2006	3120
1626	1	1	0	239	2008	2790
1627	1	2	94	246	2009	6535
1628	1	0	0	0	0	50606
1629	2	2	103	267	2005	2769
1630	1	2	156	235	2006	2749
1631	1	2	91	255	2008	20700
1632	1	2	121	267	2008	50946
1633	2	0	108	244	0	20572
1634	1	0	89	239	2006	23618
1635	1	1	99	267	0	17835
1636	1	1	92	270	2007	2714
1637	1	0	0	0	0	0
1638	1	1	98	252	2008	52590
1639	1	1	93	239	2008	766
1640	2	2	99	246	2005	2929
1641	1	1	95	271	2008	11123
1642	2	2	117	255	2005	17116
1643	1	1	95	268	2009	2451
1644	2	1	108	245	2005	2246
1645	1	2	0	267	2008	3284
1646	1	1	88	252	2008	25541
1647	1	1	94	272	2006	2674
1648	2	1	140	271	2005	25829
1649	1	2	103	255	2006	1933
1650	1	1	88	245	2009	54563
1651	1	2	89	235	2009	50028
1652	1	1	0	235	2008	2763
1653	1	2	95	249	2009	2623
1654	1	1	89	257	2008	20681
1655	1	1	90	255	2008	2959
1656	1	2	95	278	2009	50353
1657	2	1	0	238	2005	25895
1658	1	1	94	278	2009	2248
1659	2	1	107	245	0	25848
1660	1	0	93	0	2008	1543
1661	1	2	91	268	2009	17641
1662	1	2	0	260	2009	1734
1663	1	1	0	255	2006	0
1664	1	0	99	0	2006	2228
1665	1	2	0	245	2006	24567
1666	1	2	103	262	2006	2919
1667	1	1	88	268	2007	50006
1668	1	1	92	278	2009	2763
1669	1	1	90	0	2008	51926
1670	1	1	95	0	2009	3240
1671	1	2	0	255	2007	50165
1672	1	1	137	259	2009	5221
1673	1	1	90	260	2007	20579
1674	1	2	135	0	2008	50081
1675	2	1	0	0	2005	2248
1676	1	2	116	247	2007	2734
1677	1	1	0	246	2006	5216
1678	1	2	91	268	2009	2813
1679	1	2	114	255	2005	2241
1680	1	2	90	274	2007	2661
1681	1	1	138	260	0	2241
1682	3	2	0	269	0	0
1683	5	2	0	0	2007	0
1684	1	1	0	249	2008	25848
1685	1	2	108	255	2006	25848
1686	1	1	99	268	2006	50869
1687	1	0	148	255	2006	2871
1688	1	1	90	255	2008	1427
1689	1	1	90	260	2008	25927
1690	1	1	0	0	2008	2233
1691	1	2	95	245	2009	757
1692	1	1	89	260	2008	2734
1693	1	1	0	259	2007	2734
1694	1	1	90	261	2008	2048
1695	1	2	0	247	2006	783
1696	1	2	95	278	2009	50028
1697	1	2	89	267	2009	2248
1698	2	2	95	247	2002	50028
1699	1	2	91	267	2009	2744
1700	1	2	0	0	2006	15651
1701	2	2	0	252	2005	50929
1702	1	0	0	255	0	20680
1703	1	2	89	267	2006	2793
1704	1	1	0	259	2007	2769
1705	1	1	0	237	0	20579
1706	1	1	88	255	2008	51697
1707	1	2	93	239	2009	51302
1708	2	2	112	0	2005	0
1709	1	1	89	239	2008	25542
1710	1	1	90	268	2008	2714
1711	1	2	89	267	2006	2965
1712	1	1	94	244	2009	2839
1713	1	1	90	245	2009	20763
1714	1	1	93	239	2009	50486
1715	1	1	107	245	2006	50165
1716	1	1	91	239	2009	1384
1717	1	2	95	259	2008	19971
1718	1	1	93	0	2008	7130
1719	1	2	0	255	2010	50081
1720	2	2	0	255	2005	2381
1721	2	1	0	268	2005	25793
1722	1	1	0	0	0	0
1723	1	1	89	262	2009	5284
1724	1	1	93	275	2008	50165
1725	1	2	0	264	2007	10492
1726	1	2	94	239	2008	25819
1727	2	1	94	267	2005	1476
1728	1	1	86	245	2006	50211
1729	2	2	0	267	2005	52131
1730	1	2	93	239	2009	0
1731	2	1	130	235	2005	52941
1732	1	2	90	278	2009	1547
1733	2	1	0	268	2004	25848
1734	1	1	89	278	2009	0
1735	1	1	91	0	2008	12327
1736	5	0	0	0	0	0
1737	2	2	0	255	2005	20572
1738	1	0	102	0	2007	1964
1739	2	1	0	0	2004	2763
1740	1	1	90	255	2007	1756
1741	1	2	93	278	2009	50028
1742	1	1	90	256	2009	3058
1743	1	2	95	235	2009	2135
1744	2	1	0	265	2005	2734
1745	1	2	0	268	2007	2830
1746	1	1	88	260	2009	50033
1747	1	1	95	268	2008	2230
1748	1	2	0	259	2006	1596
1749	1	1	94	249	2006	2678
1750	1	2	89	250	2008	3062
1751	1	1	92	260	2006	53137
1752	1	1	95	245	2007	2763
1753	1	0	94	268	0	0
1754	1	1	0	260	2006	6292
1755	1	2	95	278	2009	2868
1756	1	1	115	255	2007	17238
1757	1	2	95	256	2008	3262
1758	2	2	0	268	2005	3065
1759	1	0	0	0	0	0
1760	1	2	94	278	2009	20680
1761	5	1	0	0	2007	1883
1762	1	1	99	258	2006	51896
1763	1	1	95	278	2009	50390
1764	2	1	101	244	2005	2599
1765	1	2	0	255	2006	50340
1766	1	2	106	245	2007	51090
1767	1	2	88	271	2006	2248
1768	1	1	95	261	2008	2830
1769	1	1	99	260	2008	2734
1770	1	1	99	268	2007	25659
1771	1	1	98	268	2008	2734
1772	1	2	99	267	2006	50215
1773	1	1	0	244	2006	25848
1774	1	1	91	243	2007	50058
1775	1	2	118	0	2008	719
1776	1	1	90	0	2008	2714
1777	1	1	92	252	2006	2227
1778	2	2	0	0	2004	1547
1779	1	2	89	239	2007	2322
1780	1	2	91	235	2008	1525
1781	1	1	94	260	2007	2868
1782	1	1	89	250	2008	25829
1783	2	2	0	249	2005	50353
1784	1	1	94	244	2009	3064
1785	1	2	95	256	2009	20680
1786	1	2	88	278	2009	719
1787	1	1	0	245	2007	50550
1788	1	1	103	255	2007	2253
1789	2	2	102	235	0	2919
1790	1	2	0	262	2007	51155
1791	1	2	95	235	2008	2768
1792	1	1	137	255	2009	0
1793	1	1	102	245	2007	25695
1794	1	2	102	267	2006	1531
1795	1	1	95	260	2008	50864
1796	1	2	0	255	2008	1756
1797	1	2	89	244	2009	24029
1798	1	1	0	268	2005	2760
1799	1	1	90	278	2008	2760
1800	1	1	89	269	2005	15829
1801	1	1	86	268	2006	1808
1802	1	1	0	260	2007	2355
1803	2	2	89	255	2005	1596
1804	1	2	0	267	2007	50353
1805	1	2	93	249	2009	50165
1806	1	1	95	245	2009	2813
1807	2	1	101	259	2005	2748
1808	1	2	0	255	2008	2754
1809	2	2	0	260	2005	2748
1810	1	2	0	249	0	50028
1811	1	1	0	262	2008	2760
1812	1	2	89	257	2006	3036
1813	1	2	98	268	2008	25607
1814	1	2	94	255	2006	50508
1815	1	1	0	267	2007	50537
1816	2	1	0	268	2005	5283
1817	1	1	88	269	2008	2763
1818	1	2	98	262	2009	3036
1819	1	2	88	267	2008	51628
1820	1	1	103	253	2008	2763
1821	1	2	94	235	2007	1734
1822	1	2	0	257	2008	50354
1823	1	2	92	235	2008	52401
1824	1	2	104	262	2008	50193
1825	1	1	92	267	2009	2135
1826	1	2	90	272	2009	719
1827	1	1	88	268	2009	2824
1828	1	1	90	260	2008	15407
1829	5	2	0	0	2007	0
1830	1	2	91	0	2009	2849
1831	2	1	0	268	2005	3246
1832	1	1	90	241	2008	2443
1833	1	0	0	0	0	0
1834	1	1	99	245	2007	1543
1835	1	0	93	244	0	2599
1836	2	2	103	239	2005	1934
1837	1	2	0	252	2007	50028
1838	1	2	94	268	2008	2673
1839	1	1	93	268	2007	2405
1840	1	2	137	246	2009	2193
1841	1	2	95	262	2008	719
1842	1	2	95	235	2009	2443
1843	2	1	108	270	2005	2249
1844	1	2	0	261	0	0
1845	1	1	91	269	2008	1288
1846	2	2	94	246	2005	50028
1847	2	1	0	255	2004	0
1848	1	1	90	239	2008	2608
1849	1	2	90	0	2008	20680
1850	1	1	0	271	2006	2493
1851	1	2	103	257	2006	50279
1852	1	1	91	268	2008	11226
1853	1	1	93	268	2005	0
1854	1	1	119	268	2007	50165
1855	1	1	0	255	2006	2753
1856	1	2	90	245	2007	52401
1857	1	2	91	255	2008	2793
1858	1	1	94	260	2008	50131
1859	1	2	0	244	2009	50055
1860	1	1	94	243	2009	50159
1861	1	2	148	267	2006	2701
1862	1	2	101	260	2006	2443
1863	1	1	94	0	2008	52401
1864	2	2	0	260	2005	50028
1865	1	1	102	235	2007	20603
1866	2	1	0	237	2005	9382
1867	2	1	119	270	2005	2026
1868	1	1	92	245	2009	3171
1869	1	1	95	0	2009	15656
1870	1	1	155	239	2007	3123
1871	1	0	103	235	2006	1595
1872	2	2	101	250	2005	2756
1873	1	1	93	0	2009	1964
1874	1	2	0	257	2006	0
1875	1	1	123	262	2007	50090
1876	1	2	0	267	2006	20578
1877	1	1	88	260	0	2105
1878	2	1	0	255	2004	2374
1879	1	2	89	255	2007	1596
1880	1	1	102	268	2007	0
1881	1	2	101	259	2007	2405
1882	1	1	0	235	2006	2741
1883	1	1	88	245	2008	779
1884	2	1	0	260	2005	3120
1885	5	2	0	0	2004	50486
1886	1	2	0	246	2007	2768
1887	1	1	94	235	2007	3612
1888	1	1	0	268	2005	2763
1889	1	2	129	267	2006	20732
1890	1	1	123	260	0	50390
1891	1	2	97	235	2008	2248
1892	1	1	95	246	2009	2763
1893	1	1	0	235	2006	50864
1894	1	2	100	0	2007	1456
1895	1	1	120	268	2007	2443
1896	1	1	93	246	2009	50207
1897	1	1	103	235	2007	6801
1898	1	0	0	262	0	5280
1899	1	2	90	239	2009	0
1900	1	2	0	255	2007	25902
1901	1	2	154	245	2007	51796
1902	1	1	103	259	2006	2442
1903	1	2	90	249	2009	25996
1904	1	0	0	0	2008	2734
1905	1	1	0	260	0	2642
1906	1	1	93	267	2008	52401
1907	1	2	89	241	2009	1738
1908	1	1	109	268	2006	1666
1909	1	1	92	0	2009	0
1910	2	2	94	265	2004	58324
1911	1	1	94	245	2009	25540
1912	1	1	137	245	2009	1870
1913	1	2	125	259	2008	55543
1914	1	2	0	235	2009	2756
1915	2	1	0	270	2005	574
1916	1	2	90	254	2009	15852
1917	2	2	0	263	0	0
1918	1	1	135	235	2006	2678
1919	1	1	0	257	2006	2405
1920	1	1	0	260	2007	2734
1921	1	2	0	235	0	5223
1922	1	1	93	245	2009	9082
1923	1	2	0	249	2006	1477
1924	1	1	92	278	2009	2561
1925	1	1	92	0	0	2747
1926	2	1	0	239	2005	2381
1927	1	2	103	260	2008	3133
1928	1	1	95	248	2008	5283
1929	1	1	93	0	2008	9771
1930	1	1	90	239	2009	25658
1931	1	0	0	0	0	0
1932	1	1	90	271	2009	0
1933	1	2	0	268	2006	2062
1934	1	1	88	244	2009	9674
1935	1	0	116	245	2007	5932
1936	1	1	103	0	2008	1924
1937	1	1	94	248	2008	1756
1938	1	2	91	247	2008	2792
1939	2	1	0	245	2004	20695
1940	2	2	99	239	2005	25890
1941	1	1	101	245	2006	50081
1942	1	2	129	267	2006	53759
1943	1	1	88	0	2009	25895
1944	1	2	0	245	2005	50350
1945	1	0	0	0	2006	20783
1946	1	1	0	239	2007	2764
1947	1	1	0	0	2009	2054
1948	2	1	0	239	2005	50218
1949	1	1	97	245	2006	6097
1950	1	1	90	245	2007	50165
1951	1	2	90	260	2009	59081
1952	1	2	89	266	2008	20700
1953	1	1	93	244	2008	2054
1954	1	2	94	262	2008	51576
1955	1	1	88	0	2008	1594
1956	1	1	0	244	2006	16530
1957	1	1	86	268	2006	50165
1958	2	1	103	255	2005	25974
1959	1	2	102	265	2006	3172
1960	2	1	0	253	2004	2204
1961	2	0	0	0	0	0
1962	1	1	88	245	2007	53724
1963	1	1	95	0	2009	55543
1964	1	2	126	267	2006	51849
1965	1	1	98	0	2008	5221
1966	1	2	95	0	2009	3576
1967	1	2	95	262	2008	2369
1968	1	1	99	260	2007	52941
1969	1	2	135	257	2008	50486
1970	1	2	99	268	2006	2670
1971	1	1	88	256	2009	2973
1972	1	1	0	268	2005	2763
1973	1	1	92	245	2009	25541
1974	1	1	91	268	2009	5221
1975	1	2	91	255	2008	11895
1976	1	2	94	267	2008	2355
1977	1	2	0	239	2007	25639
1978	1	2	94	268	2009	2714
1979	1	2	89	268	2009	3065
1980	2	1	0	260	2005	2641
1981	1	1	90	0	2009	20635
1982	2	2	0	259	2005	1870
1983	1	1	0	239	2006	2868
1984	1	1	95	0	2009	5221
1985	1	1	90	239	2008	52044
1986	1	2	0	275	2007	1928
1987	1	1	91	272	2008	2868
1988	1	1	90	0	2008	2561
1989	1	1	88	0	2009	50215
1990	1	1	91	252	2008	16438
1991	1	1	90	278	2009	26001
1992	1	1	95	278	2009	1607
1993	1	1	95	263	2009	2642
1994	1	1	99	270	2007	2813
1995	1	2	0	255	0	0
1996	1	2	102	255	2008	2617
1997	2	2	0	246	2005	20700
1998	1	2	135	267	0	1456
1999	1	2	0	255	2006	9328
2000	1	1	94	235	2006	0
2001	1	2	0	249	2007	20631
2002	1	1	95	270	2009	2741
2003	1	1	100	245	2007	2902
2004	1	2	135	259	2008	15304
2005	1	1	0	252	2008	2830
2006	1	1	98	0	2008	5221
2007	1	0	0	238	2006	1381
2008	1	2	0	272	2006	50028
2009	5	1	0	258	2005	2766
2010	1	2	0	257	2006	50028
2011	2	2	0	235	2005	1594
2012	1	1	90	241	2008	54888
2013	1	1	95	245	2005	53624
2014	1	1	86	252	2006	50350
2015	1	2	0	244	2006	2764
2016	1	2	90	259	2008	2248
2017	2	2	103	262	2005	50269
2018	1	1	93	240	2007	3580
2019	1	2	95	239	2007	5215
2020	1	1	94	252	2006	1454
2021	2	2	101	257	2005	16540
2022	1	1	95	258	2008	1326
2023	1	2	95	278	2009	50124
2024	1	1	90	248	2007	50390
2025	1	1	138	259	2006	2135
2026	5	2	0	279	2007	2749
2027	2	1	0	268	2005	50486
2028	1	1	93	0	2008	25892
2029	1	1	97	235	2006	2784
2030	5	1	0	0	2007	1476
2031	1	1	93	268	2009	5464
2032	1	1	0	261	2006	50864
2033	1	2	0	255	2006	52006
2034	1	1	93	248	2009	23649
2035	1	1	88	268	2008	52401
2036	2	2	0	252	0	3366
2037	1	2	88	255	2008	23728
2038	1	1	100	278	2008	3389
2039	1	2	95	269	2006	1964
2040	2	2	89	246	2004	25616
2041	1	1	0	244	2006	25793
2042	1	1	95	268	2007	50034
2043	1	1	0	262	2009	52401
2044	1	2	0	245	2008	2191
2045	1	1	98	255	0	20763
2046	1	1	94	235	2007	2208
2047	1	2	0	264	2007	2678
2048	1	2	0	267	2006	1544
2049	1	2	0	267	2007	2257
2050	1	1	0	260	2008	25829
2051	1	2	127	269	2006	25927
2052	1	1	116	245	2007	1543
2053	1	1	0	260	2008	2763
2054	1	1	95	235	2008	50864
2055	1	2	103	235	2006	2844
2056	1	1	0	0	2007	12337
2057	2	1	0	237	2005	50521
2058	1	2	90	0	2008	2790
2059	1	2	95	0	2007	3062
2060	1	2	88	249	2007	50353
2061	5	1	97	0	2007	2960
2062	1	1	93	278	2008	2749
2063	1	2	92	267	2008	2248
2064	1	2	129	244	2006	5221
2065	2	1	0	235	2005	2766
2066	5	1	91	258	2005	3120
2067	1	1	91	268	2009	18697
2068	1	1	86	245	2006	1907
2069	1	1	0	252	2008	2734
2070	2	1	0	276	2005	13318
2071	1	1	94	255	2007	766
2072	1	0	0	0	0	0
2073	2	1	107	268	2005	0
2074	1	1	116	260	2007	3120
2075	1	2	0	255	2006	0
2076	1	2	90	260	2006	11076
2077	1	1	0	259	2008	25970
2078	1	2	100	268	2005	2617
2079	1	2	95	272	2009	2714
2080	1	1	0	238	2007	2705
2081	1	2	95	244	2008	0
2082	1	2	95	262	2008	3243
2083	1	2	139	260	2006	50028
2084	1	1	95	0	2009	0
2085	1	1	94	235	2006	3058
2086	1	2	94	0	2009	50165
2087	1	1	0	245	2006	2248
2088	1	1	92	261	2006	50363
2089	1	2	91	0	2009	1963
2090	1	1	101	259	2006	3117
2091	2	1	0	267	2005	0
2092	1	1	0	260	2007	2734
2093	1	2	92	0	2007	2805
2094	1	0	0	0	0	0
2095	1	1	0	260	2008	25793
2096	1	1	94	239	2008	3019
2097	1	2	88	259	2008	2868
2098	1	2	101	245	2008	50152
2099	1	1	98	0	0	50165
2100	1	1	0	275	2007	50132
2101	1	1	95	268	2008	2460
2102	1	1	97	249	2006	2599
2103	1	1	0	0	2007	2749
2104	1	2	0	267	2006	2853
2105	1	1	103	235	2007	24902
2106	1	1	0	260	2007	50225
2107	1	1	0	271	2006	0
2108	1	2	90	245	2009	2761
2109	2	1	0	260	2005	0
2110	1	1	94	278	2009	2460
2111	1	2	88	278	2009	50946
2112	1	1	0	255	2008	2105
2113	2	1	129	267	2005	2678
2114	2	2	111	255	2005	50081
2115	1	1	0	268	2009	1734
2116	1	0	86	255	2006	2608
2117	1	1	157	260	2006	20680
2118	2	1	0	238	2005	1596
2119	5	1	151	258	2005	25819
2120	2	2	89	252	2005	6930
2121	1	2	90	249	2008	719
2122	2	2	0	235	2003	2247
2123	1	0	103	252	0	52815
2124	1	1	93	0	2009	55773
2125	5	1	0	279	2007	16236
2126	1	1	0	248	2007	2248
2127	1	2	89	250	2006	3019
2128	1	1	91	268	2006	2248
2129	1	2	0	252	2006	25723
2130	1	2	0	263	2008	2335
2131	1	1	0	0	0	50215
2132	1	1	93	0	2009	56212
2133	2	1	0	0	0	0
2134	1	0	99	267	2006	766
2135	1	1	98	268	2009	5221
2136	1	1	90	0	2009	25658
2137	1	2	0	267	2005	2813
2138	3	1	0	235	0	50028
2139	1	2	88	249	2008	50028
2140	1	2	88	241	2008	2753
2141	1	2	144	0	2006	719
2142	1	1	90	257	2009	3841
2143	1	0	0	0	0	0
2144	1	2	88	260	0	50165
2145	1	1	90	268	2008	766
2146	1	2	98	259	2008	25824
2147	1	1	103	246	2007	20340
2148	1	2	0	260	2007	2248
2149	1	2	94	260	2008	2135
2150	1	1	89	0	2009	835
2151	1	2	0	255	2007	50165
2152	2	2	0	268	2005	6392
2153	1	2	90	267	2006	0
2154	3	2	90	262	2008	20695
2155	1	2	0	0	0	0
2156	5	1	0	0	0	2248
2157	1	1	0	267	2008	2755
2158	1	2	0	245	2006	1606
2159	2	2	102	244	2005	2405
2160	1	2	114	246	2007	20665
2161	1	2	105	235	0	719
2162	1	2	90	249	2009	8881
2163	1	2	154	272	2007	23621
2164	1	1	95	245	2009	2193
2165	2	1	0	260	2005	50165
2166	1	1	93	249	2007	2734
2167	1	1	95	244	2008	2763
2168	2	1	0	260	2005	50864
2169	1	2	0	240	2005	53069
2170	1	1	119	245	2007	1941
2171	1	1	88	260	2008	1543
2172	1	2	89	278	2009	0
2173	1	0	0	0	0	0
2174	1	1	93	239	2009	16269
2175	1	2	94	278	2009	1451
2176	5	1	97	0	2007	51702
2177	1	1	0	260	0	1611
2178	1	1	91	252	0	50390
2179	1	2	0	239	2006	1443
2180	1	1	150	260	2006	50892
2181	1	1	94	268	2008	2561
2182	1	1	129	261	2006	25551
2183	1	1	90	262	2009	2678
2184	1	1	93	0	2008	26481
2185	1	1	0	267	2006	2755
2186	1	1	0	259	2009	2760
2187	1	0	0	0	0	0
2188	1	1	95	0	2009	50390
2189	1	0	0	276	0	50081
2190	1	0	0	260	2007	50340
2191	1	1	93	0	0	4295
2192	1	1	94	245	2007	2714
2193	1	2	94	253	2006	50028
2194	1	1	90	0	2008	50747
2195	1	1	0	252	2007	5898
2196	1	1	101	235	2006	0
2197	1	1	0	239	2006	20577
2198	1	2	0	246	2006	52401
2199	1	2	0	241	2006	2193
2200	1	2	99	257	2007	3058
2201	1	2	95	265	2008	1756
2202	1	2	91	264	2007	1426
2203	1	2	0	255	2007	50279
2204	1	1	95	239	2009	5208
2205	1	2	88	246	2008	15807
2206	1	2	92	0	2009	1996
2207	5	2	0	260	2004	50165
2208	1	2	0	255	2006	2617
2209	2	2	111	255	2005	1738
2210	1	0	92	0	0	2714
2211	1	2	94	252	2009	719
2212	1	2	90	245	2009	3386
2213	1	2	88	262	2009	10932
2214	1	2	0	268	2006	2248
2215	1	2	90	260	2008	2734
2216	2	1	0	270	2005	1936
2217	1	1	91	238	2009	50016
2218	1	2	153	255	2008	25548
2219	1	2	91	235	2008	50747
2220	1	2	89	250	2008	0
2221	1	2	116	277	2008	20631
2222	1	2	102	247	2006	56641
2223	1	2	94	239	2009	1595
2224	1	2	95	260	2009	6138
2225	1	1	88	248	2007	50165
2226	1	1	90	0	2008	50225
2227	1	2	156	270	2007	25794
2228	2	2	0	246	2004	50165
2229	1	1	0	252	2005	23613
2230	1	2	0	235	0	2768
2231	1	1	100	258	2006	2248
2232	1	1	95	239	2009	25829
2233	1	1	93	268	2008	766
2234	1	2	93	0	2008	6126
2235	1	1	0	240	2006	6655
2236	1	1	90	235	2008	1638
2237	1	1	98	264	2006	2618
2238	1	1	99	239	2006	2490
2239	1	1	94	235	0	1594
2240	1	2	0	255	2006	1298
2241	5	1	97	0	2007	2198
2242	1	2	89	262	2008	2793
2243	1	1	95	267	0	50946
2244	1	1	136	260	2006	1638
2245	1	2	98	262	2009	2674
2246	2	1	0	268	2005	52044
2247	1	1	0	278	2008	12327
2248	2	2	0	267	2005	2381
2249	1	1	95	260	2008	5221
2250	1	2	153	255	2008	25548
2251	1	1	0	239	2006	25793
2252	1	2	0	262	2009	52401
2253	1	1	0	0	2008	52401
2254	1	1	89	239	2009	1734
2255	1	2	91	257	2008	50033
2256	1	2	0	0	2008	2674
2257	1	2	0	260	2007	2768
2258	1	2	93	235	2008	50353
2259	1	1	90	269	2007	2813
2260	1	2	91	0	2008	1943
2261	1	1	0	259	2006	2734
2262	1	2	89	241	2005	0
2263	1	1	90	0	2009	766
2264	1	0	102	245	2007	9614
2265	2	1	123	268	2005	50081
2266	1	1	0	239	2006	2247
2267	1	2	112	255	2006	15664
2268	1	1	94	268	2007	50215
2269	1	1	89	261	2008	1338
2270	1	1	89	0	2009	25780
2271	1	1	94	235	2009	1381
2272	1	1	100	260	2006	2831
2273	1	2	90	0	2008	50239
2274	2	1	0	260	2005	1607
2275	2	2	0	264	2004	23623
2276	1	1	108	268	2006	25890
2277	2	1	0	0	0	2233
2278	1	1	89	267	2009	0
2279	1	1	95	0	2008	51953
2280	1	2	0	235	2007	3262
2281	1	1	93	245	2008	24902
2282	1	1	130	255	2006	2868
2283	1	1	0	259	2006	25659
2284	1	2	0	250	2006	20681
2285	1	1	95	235	2008	1685
2286	1	1	0	239	2009	1734
2287	1	0	88	0	0	50365
2288	2	1	0	245	2005	2581
2289	1	1	137	260	0	17214
2290	1	2	94	0	2008	50086
2291	2	2	90	261	2005	5265
2292	1	1	94	260	2006	3057
2293	1	1	115	245	2007	10937
2294	2	2	94	264	2004	0
2295	2	1	0	235	2005	2191
2296	5	2	86	264	2004	2792
2297	1	1	0	239	2008	0
2298	1	2	94	238	2006	2734
2299	1	2	129	255	2006	24162
2300	1	1	120	245	2007	3120
2301	1	0	0	0	0	2760
2302	1	2	93	241	2008	50326
2303	1	1	0	238	2006	50081
2304	1	1	93	268	2009	1566
2305	1	1	0	272	2006	50081
2306	2	1	0	245	2005	5248
2307	1	2	98	264	2007	50038
2308	1	1	91	257	2008	2760
2309	1	1	0	255	2006	5221
2310	1	2	90	262	2009	3171
2311	1	1	91	0	2008	2135
2312	1	1	138	255	2006	2784
2313	1	2	0	249	2006	50269
2314	1	0	0	0	0	0
2315	1	1	0	237	2007	1381
2316	1	2	0	250	2008	2760
2317	1	1	92	0	2008	2861
2318	2	2	0	250	2005	2241
2319	1	1	95	245	2007	25542
2320	1	1	91	0	2008	0
2321	2	2	0	252	2005	2747
2322	1	1	102	257	2007	6399
2323	1	1	103	258	2007	2734
2324	2	1	107	260	2002	2105
2325	1	2	0	241	2006	2678
2326	1	2	0	265	2006	0
2327	1	2	98	241	2006	2687
2328	1	2	0	262	2006	2405
2329	5	2	89	250	2006	0
2330	1	1	88	278	2009	54563
2331	1	1	89	244	2006	2464
2332	2	1	0	258	2004	0
2333	5	2	0	0	0	0
2334	1	2	94	257	2006	1800
2335	1	2	129	0	2008	5979
2336	1	1	0	0	2008	2760
2337	1	0	0	0	0	0
2338	1	2	93	255	2008	2617
2339	1	2	88	235	2008	1547
2340	1	2	90	244	2008	25996
2341	1	2	102	239	2006	25996
2342	1	2	135	277	2008	1672
2343	1	0	0	0	0	0
2344	1	1	91	0	2009	9480
2345	1	2	112	252	2006	1924
2346	1	0	0	245	2008	2756
2347	1	1	88	268	2007	50521
2348	2	1	108	235	2005	2882
2349	1	1	90	252	2008	50218
2350	1	1	0	260	2007	0
2351	1	1	88	260	2008	20576
2352	1	2	94	251	2007	1456
2353	1	2	0	241	0	50537
2354	1	2	89	235	2007	25839
2355	1	2	0	255	0	2767
2356	4	0	0	250	0	51573
2357	1	2	88	0	2009	8535
2358	1	1	0	235	2006	1595
2359	1	1	94	238	2007	2308
2360	1	2	99	245	2006	50353
2361	1	2	102	244	2006	12293
2362	1	1	100	268	2008	2849
2363	1	1	89	244	2008	50606
2364	1	2	94	0	2009	2248
2365	1	1	0	260	2006	23740
2366	1	1	93	244	2009	52401
2367	1	1	91	0	2009	25551
2368	1	2	95	277	2007	23621
2369	1	2	90	0	2008	719
2370	2	1	0	240	2005	2767
2371	1	2	129	267	2006	1473
2372	1	1	0	249	2008	2868
2373	1	2	0	267	2006	23967
2374	1	1	0	244	2009	25829
2375	1	1	0	252	2006	2248
2376	1	1	93	267	2008	25848
2377	1	2	0	255	2007	50028
2378	1	2	98	250	2009	0
2379	1	1	90	245	2008	2373
2380	1	1	102	270	2006	19285
2381	1	1	0	245	2007	0
2382	2	2	0	255	2005	2749
2383	1	1	99	268	2007	52131
2384	1	2	0	257	2005	25819
2385	1	2	125	255	2006	50046
2386	1	2	0	239	2008	2767
2387	2	1	0	267	2005	25509
2388	1	1	91	257	2008	2868
2389	1	1	89	235	2006	2608
2390	1	1	0	239	2007	2613
2391	1	2	0	262	2007	2617
2392	1	2	0	249	2007	15653
2393	1	2	0	260	2006	1594
2394	2	2	0	249	2005	15873
2395	1	1	0	270	2006	25786
2396	1	2	129	235	2006	2442
2397	1	1	103	244	2008	2836
2398	2	0	0	245	2005	51702
2399	1	0	102	0	2008	2755
2400	5	2	0	235	2005	2443
2401	1	2	95	265	2007	23724
2402	1	1	95	253	2008	3202
2403	1	2	89	235	2006	2845
2404	1	2	0	260	0	50314
2405	1	1	100	245	2008	2678
2406	1	1	88	0	2009	2335
2407	1	2	0	246	2006	2744
2408	5	2	0	0	2006	25847
2409	2	2	0	239	2005	2248
2410	1	2	95	241	2009	1547
2411	1	2	103	279	2006	24932
2412	2	2	0	235	2003	719
2413	1	1	90	278	2009	2205
2414	1	1	86	268	2007	2763
2415	1	2	104	249	2007	50215
2416	1	0	0	0	0	0
2417	1	2	104	259	2006	2752
2418	1	1	102	268	2007	2832
2419	1	1	92	0	2008	3062
2420	1	1	89	0	2008	25831
2421	5	1	117	279	2007	3042
2422	2	1	0	270	2005	50508
2423	1	2	0	260	2009	50660
2424	1	1	0	245	2006	2248
2425	1	1	0	245	2007	3062
2426	1	2	0	0	2007	2678
2427	2	2	144	235	2005	52401
2428	2	1	129	263	2005	11220
2429	1	2	89	260	2008	51276
2430	1	1	100	259	2007	24027
2431	1	1	94	255	2008	1607
2432	1	2	0	268	2006	5211
2433	2	1	0	265	2003	1443
2434	2	2	0	250	2005	1977
2435	1	1	93	245	2009	2248
2436	1	1	99	238	2006	6399
2437	1	1	88	0	2008	2734
2438	1	2	0	250	2005	50363
2439	1	1	91	268	2008	54346
2440	1	1	93	239	2008	25890
2441	1	2	94	260	2008	5979
2442	1	1	0	245	2006	51778
2443	1	1	100	260	2007	20700
2444	1	2	90	0	2008	1454
2445	2	2	111	270	2005	2793
2446	2	1	0	268	2004	25671
2447	1	0	0	260	0	2763
2448	1	1	90	239	2006	742
2449	1	1	0	252	2006	25848
2450	1	1	93	260	2009	20680
2451	1	1	130	250	2006	2678
2452	1	1	95	235	2008	5221
2453	1	1	91	252	2008	1741
2454	1	1	0	0	2007	2749
2455	1	1	0	239	2008	2734
2456	1	0	0	0	0	0
2457	1	2	95	255	2008	50353
2458	2	2	0	262	2005	20730
2459	1	2	88	278	2009	3389
2460	1	1	109	268	2006	25658
2461	1	1	95	260	2009	25927
2462	1	1	95	0	2009	3044
2463	1	2	88	255	2008	0
2464	2	1	109	260	2005	1741
2465	1	0	0	0	0	0
2466	1	2	153	255	2008	2416
2467	2	2	0	257	2005	50028
2468	1	1	102	268	2007	1741
2469	1	2	116	268	2008	16265
2470	1	0	0	0	0	0
2471	1	1	91	0	2008	2248
2472	1	2	95	259	2009	0
2473	5	2	0	262	2005	2185
2474	1	2	94	262	2008	50165
2475	2	2	112	255	2005	5280
2476	1	1	93	268	2008	5932
2477	1	2	90	249	2008	20763
2478	1	1	100	267	2006	2247
2479	1	1	0	272	2007	0
2480	1	1	91	252	2008	55086
2481	5	2	0	250	2005	50165
2482	1	1	91	244	2009	1427
2483	1	1	88	0	2009	2763
2484	2	1	103	245	2005	1317
2485	5	2	0	250	2005	1596
2486	1	2	91	235	2009	2568
2487	1	2	91	270	2008	1941
2488	1	2	94	241	2007	20791
2489	1	1	101	245	2006	5216
2490	1	2	98	246	2007	51096
2491	2	1	107	268	2005	766
2492	1	1	100	240	2006	2824
2493	1	2	89	278	2009	2617
2494	2	2	106	245	2005	1298
2495	1	1	0	237	2006	51756
2496	1	1	113	268	2006	50165
2497	2	2	0	263	2004	50058
2498	1	2	89	246	2008	50081
2499	1	2	102	240	2008	2241
2500	1	2	95	0	2009	3240
2501	1	2	95	245	2009	20763
2502	1	0	0	267	2006	19861
2503	2	1	0	258	2005	2054
2504	1	0	0	245	2006	1924
2505	1	1	92	258	2009	0
2506	1	2	156	252	2007	2133
2507	1	2	94	244	2008	2734
2508	1	1	101	254	2008	51697
2509	1	1	91	0	2008	2561
2510	2	1	115	260	2005	2608
2511	1	2	95	245	2009	50215
2512	1	2	0	249	2006	2749
2513	1	1	91	0	2009	15857
2514	1	1	112	237	2007	25524
2515	5	2	0	279	2007	51537
2516	1	1	89	0	2008	5216
2517	2	2	102	259	2005	50353
2518	2	2	0	264	2004	50353
2519	5	0	0	0	0	0
2520	1	1	0	246	2005	59185
2521	1	2	100	245	2010	3638
2522	1	1	124	257	2007	2824
2523	1	1	91	267	2007	9415
2524	1	2	88	235	2008	1934
2525	2	1	89	267	2005	1874
2526	2	1	0	260	2005	16228
2527	1	1	0	235	2006	20747
2528	1	2	91	239	2008	23621
2529	2	1	102	260	2005	1866
2530	1	1	155	271	2006	1543
2531	1	2	91	278	2009	1963
2532	1	1	0	268	2008	50033
2533	1	1	95	268	2008	2734
2534	1	1	94	0	2008	25892
2535	1	2	118	255	2008	50869
2536	1	1	89	275	2008	2674
2537	2	2	102	267	2005	3502
2538	1	1	102	268	2007	2305
2539	1	2	93	0	2008	2460
2540	1	1	146	268	2007	50033
2541	1	1	109	267	2007	2702
2542	1	1	88	267	2008	15788
2543	1	2	0	257	2006	5216
2544	1	1	89	256	2009	25869
2545	1	2	0	246	2006	2868
2546	1	2	89	246	2009	20738
2547	1	1	0	260	2008	1381
2548	1	1	94	252	2007	1654
2549	1	1	101	245	2006	50350
2550	1	2	88	239	2008	50028
2551	1	2	95	265	0	2896
2552	1	2	0	267	2007	2768
2553	1	1	94	267	2006	2713
2554	1	1	101	272	2006	5211
2555	2	2	0	257	2005	2152
2556	1	2	86	268	2006	20588
2557	2	1	94	235	2005	3065
2558	1	0	0	0	0	0
2559	1	2	0	250	2008	1333
2560	1	2	0	255	2008	51124
2561	1	1	95	271	2008	54346
2562	1	1	136	235	2006	15852
2563	1	1	0	0	2008	50165
2564	1	1	91	0	2009	25848
2565	1	1	94	278	2009	50239
2566	5	2	87	0	2007	2442
2567	1	1	93	0	2009	16067
2568	1	1	0	249	2006	0
2569	1	1	0	255	2009	3058
2570	1	1	103	266	2006	2868
2571	1	1	89	239	2009	50336
2572	5	1	0	267	0	2741
2573	1	2	102	262	2006	50747
2574	1	2	92	235	2006	54628
2575	1	1	0	260	2008	2105
2576	1	2	118	260	0	50033
2577	1	2	95	245	2008	50006
2578	1	1	91	255	2008	50891
2579	1	1	95	255	2008	2328
2580	1	2	0	245	2005	2744
2581	1	2	94	268	2006	50028
2582	1	1	0	258	2009	25829
2583	1	2	0	278	2009	1734
2584	1	1	93	0	2009	50301
2585	2	1	102	255	2005	9316
2586	2	2	99	246	2005	25890
2587	1	2	125	267	2007	672
2588	1	2	116	277	2008	0
2589	1	2	93	268	2008	1960
2590	1	1	0	259	2006	779
2591	1	1	0	245	2006	1606
2592	1	2	94	268	2008	1456
2593	2	1	120	260	2005	50499
2594	1	1	95	268	2009	3675
2595	1	1	91	255	2008	2135
2596	1	1	0	0	2008	50138
2597	1	1	90	260	2009	15852
2598	1	2	95	260	2009	2734
2599	1	1	90	278	2009	1595
2600	1	2	98	255	2008	50353
2601	2	2	146	255	2005	50373
2602	2	1	0	270	0	1381
2603	1	2	105	252	2006	25607
2604	1	1	0	235	2006	2760
2605	1	1	107	262	2006	20807
2606	1	1	93	252	2007	2734
2607	1	2	89	241	2008	50864
2608	1	2	89	246	2009	5221
2609	2	2	106	235	2005	2769
2610	1	2	0	235	2007	2248
2611	1	2	88	260	2008	50131
2612	1	1	123	245	2007	2749
2613	1	2	100	246	2006	2248
2614	1	1	92	0	2008	17598
2615	1	1	148	268	2006	15857
2616	1	2	99	267	2006	50353
2617	2	1	138	244	2005	15656
2618	2	2	0	255	2005	2572
2619	1	1	0	252	2005	50502
2620	1	2	95	245	2007	50165
2621	1	1	90	0	2009	50165
2622	1	2	92	270	2008	1934
2623	1	0	0	0	0	0
2624	1	2	101	255	2006	2749
2625	1	2	104	260	2006	6399
2626	1	2	95	239	2007	1454
2627	1	2	95	235	2008	50165
2628	1	2	0	0	2008	2054
2629	1	2	95	239	2009	50353
2630	1	1	0	260	2005	2763
2631	1	1	91	0	2008	23649
2632	1	1	93	244	0	2862
2633	1	1	88	0	2009	50747
2634	1	1	88	235	2008	50215
2635	1	1	90	278	2009	50946
2636	5	2	87	0	2007	668
2637	2	2	125	246	2005	23698
2638	1	1	92	268	2008	2093
2639	5	2	0	0	2005	2678
2640	1	1	90	260	2008	25848
2641	1	1	0	257	0	2866
2642	1	1	94	0	2008	5266
2643	1	2	95	0	2009	2849
2644	1	2	0	257	2006	2744
2645	1	1	89	244	2007	5252
2646	1	2	0	0	2008	1734
2647	1	1	103	249	2006	2443
2648	1	1	0	0	0	1734
2649	1	1	90	267	2008	2395
2650	1	1	0	255	2006	2734
2651	1	1	91	0	2008	50058
2652	1	1	0	249	2006	2763
2653	1	1	94	255	2008	50165
2654	1	2	91	0	2008	0
2655	1	1	109	239	2006	25829
2656	1	2	102	260	2006	50033
2657	1	1	91	240	2009	50572
2658	1	1	0	267	2006	2767
2659	1	2	90	245	2009	17908
2660	1	1	88	244	2008	25819
2661	1	1	156	255	2005	1963
2662	1	2	89	239	2009	2248
2663	1	1	88	255	2009	2665
2664	1	1	90	278	2009	1454
2665	3	2	0	0	0	25723
2666	2	1	0	268	2005	0
2667	1	2	0	262	2006	50058
2668	1	2	90	278	2009	20681
2669	1	1	156	244	2007	50207
2670	1	1	0	237	2006	20627
2671	1	1	88	245	2008	9755
2672	1	1	94	268	2007	2228
2673	1	2	89	241	2009	55543
2674	1	2	95	258	2009	0
2675	2	1	140	258	2005	2763
2676	1	2	0	267	2007	2832
2677	1	2	125	260	2007	719
2678	1	2	139	238	2006	1941
2679	1	1	90	0	0	0
2680	1	1	93	0	2008	1741
2681	1	1	88	268	2008	25794
2682	1	1	94	269	2007	24025
2683	1	1	88	244	2007	1381
2684	1	1	111	245	2006	1596
2685	1	2	95	277	2009	0
2686	2	2	0	252	2005	1456
2687	1	2	89	261	2009	50864
2688	1	1	90	0	2008	50207
2689	1	1	0	235	2008	2734
2690	1	2	94	255	0	51273
2691	1	1	0	0	0	50363
2692	1	2	98	0	2005	0
2693	1	2	0	250	2006	2929
2694	1	2	95	259	2009	2590
2695	1	1	103	268	2006	2755
2696	1	1	95	260	2009	25925
2697	1	1	95	0	2009	6859
2698	1	1	0	238	2006	1596
2699	1	1	91	0	2008	3243
2700	1	1	0	239	2008	1595
2701	2	1	0	0	2004	2248
2702	1	2	0	0	2008	2016
2703	1	1	98	267	2008	2133
2704	1	2	92	0	2009	2734
2705	1	2	107	248	2008	0
2706	1	1	119	240	2007	25967
2707	1	1	93	261	2009	6393
2708	1	2	103	255	2008	1736
2709	1	2	95	265	2008	2896
2710	1	1	88	252	2008	25890
2711	1	1	95	252	2008	50975
2712	1	2	128	267	2007	2054
2713	1	1	0	260	2008	20701
2714	1	2	88	0	2007	2853
2715	1	2	90	247	2007	25723
2716	1	2	90	263	2008	1456
2717	2	2	0	268	2004	0
2718	1	2	89	264	2005	50028
2719	1	1	0	0	0	50864
2720	1	1	98	245	2009	3686
2721	1	2	93	251	2007	2839
2722	1	1	88	241	2008	3841
2723	1	1	0	268	2006	50606
2724	2	1	0	0	0	9512
2725	1	1	91	245	2008	23649
2726	2	2	0	264	2004	50028
2727	1	0	0	0	0	0
2728	2	2	0	250	2005	2207
2729	1	1	95	248	2007	9073
2730	1	2	90	255	2008	12060
2731	1	1	88	252	2007	2766
2732	1	2	94	244	2006	1456
2733	1	1	107	268	2007	51130
2734	2	2	0	249	2005	0
2735	1	1	88	0	2009	5221
2736	5	2	103	277	2007	25659
2737	2	2	0	264	2005	2790
2738	1	1	94	260	2008	50747
2739	1	1	0	260	2006	12327
2740	2	1	0	237	2004	1849
2741	1	2	0	267	2008	1596
2742	1	1	109	268	2006	1738
2743	1	1	0	260	2007	1427
2744	1	2	94	249	2004	53362
2745	1	0	0	252	2007	50210
2746	1	2	88	277	2008	1756
2747	1	2	91	246	2007	50541
2748	1	2	89	262	2007	1704
2749	1	2	102	240	2006	50486
2750	5	1	0	279	2008	0
2751	2	1	0	239	2005	25819
2752	1	2	0	267	0	50137
2753	1	1	88	272	2009	2405
2754	5	0	0	0	0	0
2755	1	1	95	268	2008	5845
2756	1	2	93	267	2009	1298
2757	1	1	0	268	2007	51934
2758	2	1	0	249	2004	2868
2759	1	2	95	250	2007	5221
2760	1	1	93	240	2008	25593
2761	1	1	91	0	2009	50165
2762	1	0	136	260	2006	2016
2763	1	1	95	0	2009	25700
2764	1	1	98	235	2007	0
2765	1	2	99	265	2006	1547
2766	1	2	100	251	2007	1456
2767	1	1	99	245	2006	50521
2768	1	1	0	0	2008	2763
2769	2	2	101	268	2005	25819
2770	1	2	0	255	2005	2867
2771	1	0	94	235	2006	1333
2772	1	1	91	235	2008	50975
2773	1	1	89	235	2006	25927
2774	2	1	0	268	0	50215
2775	1	1	94	260	2006	50017
2776	1	1	0	0	0	2248
2777	1	1	89	271	2007	2734
2778	1	2	140	259	2007	2248
2779	1	1	0	252	2009	766
2780	2	1	119	270	2005	9692
2781	1	2	91	260	2008	0
2782	3	2	0	0	0	3815
2783	1	1	88	0	2008	50470
2784	1	2	0	235	2006	50864
2785	2	2	94	235	2005	53759
2786	2	1	0	260	2005	0
2787	1	1	88	252	2008	2616
2788	1	1	93	259	0	2248
2789	1	2	104	259	2005	2760
2790	1	2	93	241	2007	1399
2791	1	2	91	235	2007	1934
2792	1	2	153	249	2008	11170
2793	1	2	154	245	2007	2618
2794	1	2	0	249	2006	2557
2795	1	2	90	0	2009	6392
2796	1	1	91	269	2008	50627
2797	1	1	115	260	2007	6392
2798	1	2	89	245	2008	51430
2799	1	2	89	0	2008	2820
2800	1	1	99	260	2006	19281
2801	2	1	0	270	2005	0
2802	1	1	90	252	2008	50033
2803	1	2	147	267	2007	2694
2804	1	2	95	235	2009	2191
2805	1	1	88	0	2008	5211
2806	1	1	93	241	2009	0
2807	1	1	95	0	2008	23649
2808	1	2	139	245	2006	1547
2809	2	2	0	255	2005	2248
2810	1	1	89	0	2008	2257
2811	1	2	93	248	2007	50028
2812	1	0	0	255	0	2753
2813	1	1	0	235	2007	1933
2814	1	2	154	0	2008	3407
2815	1	2	0	268	2006	50036
2816	2	2	0	255	2005	1317
2817	1	2	89	255	2006	16574
2818	1	2	89	262	2009	0
2819	2	2	0	260	2004	24030
2820	1	2	0	245	2008	2766
2821	1	2	0	235	2006	2790
2822	2	1	0	255	0	52131
2823	1	1	93	0	2008	2763
2824	2	1	0	276	2005	20747
2825	1	2	102	255	2006	50165
2826	1	1	102	268	2007	2443
2827	5	2	0	276	2006	52178
2828	1	2	0	0	0	2756
2829	1	1	91	239	2009	5221
2830	1	2	0	260	2008	2736
2831	1	1	0	255	2006	2756
2832	1	0	103	260	2007	1326
2833	1	2	0	245	2006	0
2834	2	1	0	267	2005	20711
2835	1	1	0	259	2007	2903
2836	1	2	0	239	0	50363
2837	1	1	89	256	2009	0
2838	1	1	91	271	2008	2152
2839	1	1	0	271	2007	2766
2840	2	1	0	245	2004	3576
2841	1	1	103	252	2006	25565
2842	1	2	147	267	2007	2793
2843	1	1	89	239	2007	25678
2844	1	1	93	278	2009	51697
2845	1	0	0	267	0	1322
2846	1	1	93	0	2009	20732
2847	1	1	93	255	2008	50165
2848	1	1	92	270	2009	3064
2849	1	1	90	260	2008	16574
2850	1	1	94	269	2008	50390
2851	1	1	86	268	2006	1783
2852	1	2	118	0	2008	25678
2853	1	1	88	270	2009	2160
2854	1	1	94	268	2006	766
2855	1	0	0	261	2008	2760
2856	1	0	90	264	2006	0
2857	2	1	0	252	0	1943
2858	1	2	90	239	2009	15853
2859	2	2	0	268	2005	50028
2860	1	0	89	268	2006	50207
2861	1	2	90	0	2009	50136
2862	1	0	0	0	0	0
2863	1	1	90	0	2008	1943
2864	1	2	89	252	2009	1933
2865	1	2	90	260	2008	2868
2866	1	1	89	256	2009	59592
2867	1	2	0	242	2007	2761
2868	2	2	0	255	2005	2867
2869	1	2	102	270	2007	2052
2870	1	1	90	268	2008	0
2871	1	2	89	239	2007	719
2872	1	1	93	239	2009	51778
2873	1	1	90	0	2009	2768
2874	1	1	94	259	2008	6139
2875	1	2	94	263	2009	2867
2876	1	1	101	260	2006	1473
2877	2	1	0	235	2005	2991
2878	1	1	95	239	2008	25890
2879	1	2	111	239	2005	1456
2880	1	2	88	249	2008	2405
2881	1	0	0	268	2005	2868
2882	1	2	90	249	2008	25890
2883	1	0	89	250	2007	5215
2884	1	2	90	0	2009	50165
2885	1	1	0	276	2007	2830
2886	1	1	90	268	2008	5211
2887	1	1	95	0	2009	23613
2888	1	1	91	238	2009	50521
2889	1	2	102	235	2008	50028
2890	1	1	89	245	2008	2608
2891	1	0	0	245	2006	50521
2892	1	1	101	253	2008	0
2893	1	2	95	0	2008	0
2894	1	2	0	262	2006	50028
2895	1	1	91	268	0	0
2896	1	1	93	0	2009	0
2897	1	2	92	259	2009	2734
2898	1	1	0	244	2008	2794
2899	2	1	0	245	2004	25794
2900	1	2	91	266	0	50028
2901	1	1	141	260	2007	25658
2902	1	2	103	245	2008	3243
2903	2	1	109	252	2005	1638
2904	1	1	103	260	2006	18836
2905	2	1	0	235	2005	1451
2906	1	2	102	235	2007	50028
2907	1	2	151	260	2007	50508
2908	1	2	88	278	2009	50946
2909	1	1	93	260	0	2355
2910	1	2	91	268	2009	23621
2911	1	2	95	262	2007	5214
2912	1	2	0	260	2007	51276
2913	2	1	0	238	2005	25593
2914	1	2	90	246	2008	786
2915	1	1	0	265	2009	2561
2916	1	1	89	244	2006	2355
2917	1	2	0	255	2006	25678
2918	1	1	95	245	2009	25551
2919	1	1	99	0	2008	50034
2920	1	0	0	0	0	0
2921	1	2	90	0	2008	2839
2922	5	2	87	279	2008	1490
2923	1	2	137	278	2009	3243
2924	1	1	90	259	2009	0
2925	1	1	88	245	2008	20702
2926	1	2	89	241	2005	2902
2927	1	2	95	255	2009	1963
2928	1	2	0	249	2005	25659
2929	2	1	0	260	2005	1596
2930	1	2	102	260	2008	2304
2931	1	2	88	235	2008	2853
2932	1	1	91	260	2008	2233
2933	2	1	0	268	2005	2366
2934	1	1	0	268	2006	50215
2935	2	1	0	267	2005	50205
2936	2	2	0	255	2004	2247
2937	2	1	0	260	2005	20823
2938	1	2	102	264	2006	25540
2939	1	2	95	272	2008	2381
2940	1	2	95	249	2009	25848
2941	1	1	90	244	2009	2443
2942	1	1	90	239	2009	2794
2943	1	2	0	255	2006	1924
2944	1	0	93	239	2008	20823
2945	2	2	0	249	2005	50864
2946	1	1	90	0	2008	5221
2947	1	1	0	259	2006	0
2948	1	2	0	255	2005	50353
2949	1	0	0	0	0	0
2950	2	2	143	252	2005	25848
2951	1	2	0	0	0	4151
2952	1	2	116	255	2008	16267
2953	1	1	93	0	2009	25973
2954	1	2	98	268	2008	50028
2955	1	1	93	258	2008	25970
2956	1	2	103	245	2005	2748
2957	1	1	138	255	2005	20556
2958	4	1	0	245	2001	2753
2959	2	0	0	235	2005	1596
2960	2	2	0	255	2005	529
2961	5	1	0	279	2005	2763
2962	1	1	0	257	2006	2959
2963	1	1	88	258	2007	690
2964	1	1	99	260	2006	2205
2965	1	1	91	268	2009	766
2966	1	1	89	267	2007	25548
2967	1	1	90	267	2008	1985
2968	2	1	0	268	2005	2763
2969	1	1	91	258	2009	50165
2970	1	2	0	272	2007	50353
2971	1	2	99	255	2006	3574
2972	1	2	118	249	2008	2248
2973	1	1	148	239	2006	51247
2974	1	2	102	259	2006	23921
2975	1	2	91	263	2009	2422
2976	1	2	99	267	2006	25723
2977	1	1	90	0	2009	50218
2978	1	1	0	267	2006	0
2979	1	2	91	244	2006	719
2980	1	1	92	259	2008	2771
2981	1	2	94	257	2009	51125
2982	2	1	101	268	2005	25580
2983	1	1	98	245	2008	51224
2984	1	2	0	255	2006	20807
2985	1	2	89	266	2007	54563
2986	2	1	0	268	2005	50390
2987	1	1	90	278	2009	1594
2988	2	1	102	260	2005	2763
2989	1	2	91	259	2009	50444
2990	1	1	95	239	2009	2694
2991	1	2	89	0	2008	50028
2992	1	2	0	241	2007	2322
2993	3	1	142	252	2006	53307
2994	1	2	0	249	0	2868
2995	1	2	95	245	2008	50028
2996	1	1	0	245	2006	12327
2997	1	2	98	0	0	3123
2998	1	1	101	244	2006	1333
2999	1	1	0	268	2007	51841
3000	1	1	0	0	2009	2105
3001	1	1	0	259	2007	2413
3002	1	2	0	250	2006	2832
3003	2	1	0	267	2005	0
3004	1	2	0	267	2006	1547
3005	1	2	90	239	2008	3062
3006	2	1	153	239	2005	25962
3007	1	1	90	270	2008	2608
3008	1	2	0	255	2007	25708
3009	1	1	95	237	2008	20733
3010	1	1	90	0	2008	26526
3011	1	2	99	255	2006	1547
3012	1	2	89	239	2008	1317
3013	1	2	92	262	2009	50028
3014	1	1	0	260	2006	1797
3015	1	2	125	246	2007	25551
3016	1	2	0	252	2007	2241
3017	1	1	91	257	2009	52044
3018	1	1	94	244	2007	2182
3019	3	2	90	257	0	2581
3020	1	2	88	235	2007	2687
3021	1	1	138	267	2007	25829
3022	1	2	0	246	2008	50028
3023	1	1	0	0	2008	2771
3024	1	2	0	0	2008	1934
3025	1	2	99	250	0	0
3026	1	1	0	244	2007	23649
3027	1	2	156	246	2007	20732
3028	1	2	88	272	2009	2191
3029	1	1	93	270	2007	25551
3030	1	1	95	245	2009	2275
3031	1	0	93	255	0	2871
3032	1	1	90	0	2008	50218
3033	1	2	89	235	2008	0
3034	1	1	94	0	2009	50215
3035	2	2	0	245	2005	50028
3036	1	1	98	0	2008	3151
3037	1	1	91	237	2008	1535
3038	1	2	0	235	2006	1691
3039	1	1	120	272	2008	2248
3040	2	2	148	255	2005	11134
3041	1	2	90	0	2009	25836
3042	1	2	93	262	2006	2794
3043	2	1	0	268	2005	2248
3044	1	1	88	260	2009	2763
3045	1	2	0	250	0	16530
3046	1	0	93	260	2008	11279
3047	1	2	90	267	2009	50340
3048	1	1	0	0	0	20694
3049	2	1	99	252	2005	1543
3050	1	1	0	268	2008	1977
3051	5	1	0	279	0	53805
3052	1	2	93	260	2008	25848
3053	1	2	90	267	2008	2247
3054	1	2	139	252	2006	2794
3055	1	1	130	245	2006	25996
3056	5	0	0	0	0	1606
3057	1	1	86	239	2006	2741
3058	5	2	0	262	2005	0
3059	1	2	0	272	2004	50165
3060	1	2	0	255	2006	0
3061	1	2	93	265	2008	50313
3062	1	2	91	267	2008	50033
3063	1	2	0	241	2007	3262
3064	1	1	0	246	2009	2749
3065	1	1	92	249	2007	2755
3066	1	1	0	260	2007	2674
3067	1	0	0	0	0	0
3068	1	1	107	235	2005	1606
3069	1	0	0	238	2006	50271
3070	1	1	93	268	2009	51018
3071	1	0	94	244	2007	51494
3072	1	0	0	260	2008	50486
3073	1	1	101	268	2006	2755
3074	2	2	0	0	2004	50831
3075	1	2	0	252	2006	1387
3076	1	2	142	259	2006	0
3077	1	1	90	244	2009	50537
3078	1	1	155	237	2007	2805
3079	1	1	156	260	2007	50055
3080	1	2	88	255	2008	2868
3081	1	2	91	262	2009	23281
3082	2	1	0	245	2004	25819
3083	1	1	88	240	2008	25890
3084	2	1	107	267	2005	2763
3085	1	1	95	278	2009	2665
3086	2	1	115	245	2005	1606
3087	2	1	0	235	2005	0
3088	1	1	94	238	2009	50215
3089	1	1	93	243	2007	20603
3090	1	1	122	245	2006	1714
3091	1	1	108	268	2008	10932
3092	1	1	0	239	2006	25793
3093	5	2	0	278	0	1414
3094	1	1	95	0	2008	2135
3095	4	1	0	0	0	50652
3096	1	1	100	260	2006	2248
3097	1	1	93	0	2009	50131
3098	1	2	90	268	2008	1783
3099	1	1	95	268	2009	2788
3100	1	1	0	268	2006	2248
3101	1	1	126	245	2006	2662
3102	1	1	89	244	2009	0
3103	1	2	0	241	2006	1317
3104	1	1	0	260	2006	2608
3105	1	1	100	0	2008	50031
3106	1	2	0	240	2006	25542
3107	1	1	94	0	2007	2443
3108	1	0	0	0	0	0
3109	1	2	86	245	2007	20827
3110	1	2	102	0	2007	55782
3111	1	1	88	237	2008	2414
3112	1	1	90	0	2009	1943
3113	2	2	99	235	2004	2442
3114	1	1	91	263	2009	0
3115	1	0	0	239	2007	2849
3116	2	1	103	239	2005	26828
3117	1	0	0	0	0	0
3118	1	1	93	0	2008	2763
3119	1	1	101	255	2006	2748
3120	2	1	119	260	2005	50786
3121	1	1	0	245	2006	2749
3122	1	1	90	257	2007	50207
3123	2	2	91	270	2005	2054
3124	2	2	129	244	2005	50028
3125	1	2	91	262	2009	2882
3126	1	2	0	237	2005	50036
3127	1	1	89	241	2007	53017
3128	1	2	91	252	2008	59081
3129	1	0	0	0	0	0
3130	1	2	91	257	2008	15873
3131	2	2	0	248	2005	1783
3132	1	2	95	268	2007	2248
3133	2	2	0	249	2005	50028
3134	1	2	86	268	2005	2704
3135	2	1	0	268	2004	2248
3136	2	2	0	241	2005	2714
3137	1	1	0	259	2006	50210
3138	1	1	97	245	2006	1942
3139	1	1	0	245	2006	50350
3140	1	1	103	267	2006	3034
3141	1	2	89	251	2009	25895
3142	1	0	0	271	0	2209
3143	1	1	94	278	2008	3019
3144	1	1	88	238	2007	20635
3145	1	2	95	0	2009	25793
3146	1	1	95	245	2008	2736
3147	2	2	0	0	2004	50215
3148	1	1	90	278	2008	52815
3149	1	2	90	255	2007	2248
3150	1	0	0	239	0	0
3151	1	1	94	257	2009	0
3152	2	1	99	245	2005	2678
3153	2	2	0	252	2004	0
3154	1	2	94	259	2009	3044
3155	1	1	0	261	2007	4093
3156	1	1	123	245	2007	3151
3157	1	1	89	259	2007	2241
3158	1	2	90	262	2009	0
3159	1	1	0	252	2006	1387
3160	1	1	0	245	2007	2889
3161	1	2	93	262	2008	25819
3162	1	2	0	255	2008	2135
3163	1	1	89	267	2008	6392
3164	1	0	95	0	2007	6399
3165	1	1	99	268	2006	50165
3166	1	2	154	252	2007	1734
3167	1	1	103	267	2006	754
3168	1	0	0	235	0	5221
3169	1	2	0	270	0	50028
3170	1	1	0	0	2006	25848
3171	1	1	94	0	2007	2766
3172	1	2	110	255	2005	6399
3173	1	1	130	245	2006	5266
3174	1	1	120	259	2007	3120
3175	1	2	90	235	2008	1736
3176	1	1	90	260	2008	1608
3177	1	2	95	262	2008	50438
3178	1	2	0	241	2008	50159
3179	1	1	92	270	2007	2767
3180	1	1	0	255	2007	25843
3181	1	2	0	239	2008	2049
3182	1	2	91	244	0	0
3183	1	2	93	260	2009	1963
3184	1	1	0	0	2007	3123
3185	1	2	94	0	0	0
3186	1	1	0	0	2009	1543
3187	1	1	90	0	2008	50486
3188	1	1	0	239	2006	25723
3189	1	1	113	252	2007	2734
3190	1	2	98	0	2009	50379
3191	1	1	91	239	2009	25895
3192	1	1	95	249	2008	5216
3193	1	2	94	247	2006	25607
3194	1	2	0	259	2007	2734
3195	1	1	88	260	2007	2749
3196	1	1	95	268	2009	0
3197	1	2	94	267	2007	1487
3198	1	2	92	0	2009	1934
3199	1	1	90	0	2008	25695
3200	1	1	0	235	2007	50486
3201	1	1	103	258	2006	50521
3202	1	1	107	260	2006	766
3203	1	1	0	268	2007	1941
3204	1	1	0	267	2008	0
3205	1	1	94	278	2009	2813
3206	1	2	0	249	2006	50616
3207	1	1	0	260	2006	0
3208	1	1	89	260	2007	50081
3209	1	1	0	278	2009	1595
3210	1	1	89	250	2008	50864
3211	1	2	98	250	2007	50165
3212	1	2	105	259	2006	2152
3213	1	1	134	267	2007	53042
3214	1	1	0	260	2006	4578
3215	5	2	0	246	2005	50946
3216	1	1	95	278	0	50946
3217	2	2	0	249	2004	25819
3218	1	2	98	239	2009	2617
3219	1	1	0	239	2006	2054
3220	5	1	103	249	0	50156
3221	1	1	94	257	2006	2995
3222	2	1	0	267	2005	0
3223	1	1	137	245	2009	5812
3224	1	1	100	248	2006	2247
3225	1	1	148	239	2006	50210
3226	1	2	103	250	2006	2760
3227	1	1	95	268	2007	2616
3228	2	2	87	260	2004	52401
3229	1	1	88	245	2008	50165
3230	1	2	0	0	0	2054
3231	1	2	88	0	2007	50486
3232	1	1	0	257	2006	3386
3233	1	1	91	267	2009	50946
3234	1	2	89	262	2009	50864
3235	2	1	101	268	2005	2210
3236	1	2	0	245	2007	0
3237	1	2	88	267	2007	2135
3238	1	2	0	268	2006	2157
3239	1	1	0	268	2008	1736
3240	1	1	90	235	2008	2105
3241	2	2	0	250	2005	0
3242	2	2	0	235	2005	50028
3243	1	2	0	261	2006	20732
3244	1	1	0	260	0	50084
3245	1	1	88	278	2009	2277
3246	1	2	99	255	2006	1547
3247	1	1	92	260	2008	1288
3248	1	1	95	0	2009	25927
3249	1	1	0	239	2008	2241
3250	1	1	90	0	2008	50390
3251	1	1	103	270	2008	2442
3252	2	2	102	259	2005	1960
3253	1	1	95	0	2008	2248
3254	1	2	0	262	2007	2744
3255	1	2	93	255	2008	50165
3256	2	1	0	0	2005	1846
3257	1	1	123	260	2007	50016
3258	1	1	94	267	2006	1348
3259	1	1	94	0	2009	3683
3260	2	1	0	260	2005	2749
3261	1	1	89	239	2008	25752
3262	1	1	90	260	2009	2443
3263	1	1	0	267	2006	2763
3264	2	1	0	244	2005	50081
3265	5	2	0	262	2004	719
3266	1	2	90	0	2008	5211
3267	5	1	115	267	2005	2156
3268	1	1	0	238	2007	23613
3269	1	1	0	245	2007	25848
3270	1	1	88	239	2008	1933
3271	1	1	91	270	2008	0
3272	1	1	0	239	2005	25723
3273	1	2	88	255	2009	0
3274	1	2	90	278	2009	51125
3275	1	2	92	235	2007	1672
3276	2	2	0	250	2004	529
3277	1	1	91	0	2009	3120
3278	1	2	92	239	2009	25616
3279	1	1	92	268	2009	2768
3280	2	2	0	246	2005	2853
3281	1	1	100	260	2008	5221
3282	1	2	89	252	2006	50353
3283	1	1	0	267	2006	25708
3284	1	1	95	239	2009	2248
3285	1	1	99	239	2007	2794
3286	1	2	91	239	2008	2248
3287	1	1	0	239	2009	50496
3288	1	0	0	0	0	0
3289	1	1	156	245	2006	1451
3290	1	1	103	239	2006	25723
3291	1	1	88	245	2009	50378
3292	1	2	95	278	2009	2830
3293	1	1	95	245	2009	50207
3294	1	1	95	0	2009	50813
3295	1	1	95	0	2009	50854
3296	1	2	95	267	2008	50353
3297	1	2	104	255	2006	50946
3298	1	2	0	262	2005	2636
3299	1	1	102	252	2006	2661
3300	1	1	0	279	2009	2248
3301	1	1	0	245	2008	25551
3302	1	2	0	235	2007	2611
3303	5	2	87	279	2007	2022
3304	1	1	0	235	2006	2766
3305	1	2	94	265	2006	2734
3306	1	1	0	260	2007	51273
3307	1	0	0	0	0	0
3308	1	2	0	248	2006	1298
3309	1	1	93	239	2008	3123
3310	2	1	119	245	2005	2788
3311	1	0	0	262	0	5252
3312	1	1	90	0	2009	1268
3313	1	1	91	238	2008	2052
3314	1	1	0	260	2006	0
3315	2	2	110	255	2005	6399
3316	1	1	0	0	2007	2248
3317	1	1	94	257	2009	2763
3318	1	2	88	246	2008	15788
3319	1	1	95	278	2009	50215
3320	1	1	88	0	2009	2868
3321	1	2	94	259	2006	53362
3322	1	1	91	0	2008	2248
3323	1	1	0	0	2006	2813
3324	1	1	155	261	2006	24928
3325	1	1	95	260	2009	2867
3326	1	1	0	239	2009	2748
3327	1	2	103	268	2005	50131
3328	1	2	98	278	2009	25616
3329	1	1	0	245	2007	2764
3330	1	1	98	255	2009	1963
3331	1	2	90	255	2008	3117
3332	1	1	93	0	2008	1543
3333	2	1	0	245	2005	2734
3334	1	1	102	235	2007	5226
3335	1	2	99	259	2007	2751
3336	1	2	90	255	2008	50353
3337	1	2	149	262	2006	2182
3338	1	1	99	249	2006	25659
3339	1	2	90	278	2009	9512
3340	1	2	0	255	2006	50028
3341	5	2	0	0	2005	0
3342	1	1	0	258	2008	1719
3343	2	1	115	235	2005	20680
3344	1	1	102	245	2005	637
3345	1	1	95	0	2009	1762
3346	1	1	89	260	2007	25572
3347	1	1	0	0	2007	0
3348	1	1	92	268	2008	3065
3349	1	1	92	237	2008	2615
3350	2	1	0	245	2005	2749
3351	1	2	94	268	2009	719
3352	1	0	90	259	2008	50122
3353	1	2	89	257	2007	3007
3354	5	1	0	0	2007	16313
3355	1	1	89	0	2009	26482
3356	1	2	88	235	2009	50353
3357	1	2	100	250	2006	20732
3358	1	1	88	278	2009	2734
3359	2	0	0	0	0	0
3360	1	1	92	268	2008	2763
3361	1	2	94	245	2006	2820
3362	2	1	0	245	2005	1924
3363	1	1	0	275	2008	2763
3364	1	2	102	255	2007	2919
3365	1	2	90	244	2008	2919
3366	1	2	91	250	2009	0
3367	2	1	0	235	2005	50537
3368	1	1	94	268	2009	1381
3369	1	1	88	260	2008	0
3370	2	1	0	260	2005	0
3371	1	1	95	0	2009	2105
3372	1	1	95	245	2007	5852
3373	1	1	95	245	2009	779
3374	1	1	0	268	2007	16550
3375	5	1	87	279	2005	7954
3376	2	1	0	244	2005	2228
3377	1	1	0	239	2008	1734
3378	1	1	88	278	2009	2105
3379	1	2	140	235	2007	2248
3380	2	1	0	268	2003	12392
3381	1	1	93	269	2008	3034
3382	1	2	90	262	2009	25996
3383	2	2	0	252	2004	1456
3384	1	1	0	252	2007	9363
3385	1	1	91	268	2008	12337
3386	2	1	0	255	2004	25542
3387	2	1	134	252	2005	2862
3388	1	2	89	257	2006	1738
3389	1	2	133	249	2007	25516
3390	1	2	93	246	2009	53433
3391	1	2	88	235	2007	2836
3392	1	2	88	0	2009	6138
3393	1	1	90	262	2008	8153
3394	1	0	94	240	0	0
3395	2	1	103	268	2004	15788
3396	1	1	94	235	2006	2247
3397	1	2	91	246	2009	1756
3398	1	1	100	268	2006	2602
3399	1	1	93	267	2009	1655
3400	1	2	0	245	2006	2749
3401	1	1	103	0	2006	15853
3402	1	2	93	237	2007	50215
3403	1	2	94	278	2009	2248
3404	1	2	0	267	2006	16661
3405	1	1	86	255	2006	1808
3406	1	1	99	268	2006	2763
3407	1	2	89	250	2007	2241
3408	1	2	89	266	2009	2734
3409	1	2	0	255	2007	2611
3410	1	2	91	241	2009	1745
3411	5	2	101	250	2005	2593
3412	1	1	94	267	2007	766
3413	1	1	92	235	2006	2686
3414	1	2	0	249	2006	2868
3415	1	1	93	235	2009	2763
3416	1	1	92	0	2009	50390
3417	1	2	104	235	2007	2714
3418	1	1	94	269	2008	25794
3419	1	1	93	240	2006	1473
3420	1	1	88	271	2007	2248
3421	1	1	92	259	2009	2248
3422	1	1	121	242	2007	51460
3423	1	2	89	262	2009	2896
3424	1	2	99	262	2007	50028
3425	1	1	123	260	2007	2374
3426	1	1	95	259	2009	5221
3427	1	1	91	268	2008	50975
3428	1	1	101	259	2006	2749
3429	2	1	0	267	2005	2608
3430	1	1	93	258	2008	53724
3431	1	1	95	258	2009	9720
3432	2	1	0	267	2005	1426
3433	2	1	138	0	0	0
3434	1	2	88	268	2009	50206
3435	1	1	93	260	2008	768
3436	1	2	91	0	2008	50353
3437	1	1	0	268	2006	2381
3438	1	2	93	235	2009	50028
3439	1	1	0	0	2009	2191
3440	2	1	0	258	2004	2734
3441	1	2	118	0	2008	20747
3442	1	1	88	235	2008	3062
3443	1	2	0	0	2009	50184
3444	1	1	91	252	2008	25927
3445	1	2	0	0	0	0
3446	1	1	95	268	2009	2422
3447	1	1	0	235	2006	50869
3448	5	2	0	279	2007	0
3449	2	1	0	267	2003	2404
3450	1	2	92	268	0	0
3451	2	2	0	250	0	1730
3452	1	1	95	245	2009	25546
3453	1	2	0	259	2006	1547
3454	1	2	90	239	2008	1702
3455	1	2	90	267	2007	2734
3456	2	1	0	245	2005	25819
3457	1	2	0	267	2005	50137
3458	1	1	136	260	2006	50210
3459	5	2	0	246	0	2764
3460	2	2	104	250	2003	1808
3461	1	1	0	235	2007	2135
3462	1	1	90	0	2008	2642
3463	1	1	0	275	2007	50336
3464	1	2	88	0	2009	50036
3465	1	2	144	262	2006	694
3466	1	2	138	268	2007	1595
3467	1	1	91	244	2007	15852
3468	1	1	0	261	2006	1427
3469	1	2	105	255	2008	719
3470	1	2	95	256	2009	23621
3471	1	1	95	267	2009	0
3472	2	2	0	255	2004	3262
3473	1	2	0	262	2007	50028
3474	2	0	0	265	2005	1298
3475	1	1	116	235	2005	20579
3476	1	1	0	237	2005	0
3477	1	2	0	260	2008	2747
3478	1	1	95	258	0	0
3479	1	2	146	242	2010	1454
3480	1	1	88	240	0	0
3481	1	2	90	0	2008	50747
3482	1	1	0	267	2008	20823
3483	1	1	95	237	2008	6097
3484	1	1	92	0	2008	2830
3485	1	1	0	255	2006	23971
3486	1	1	0	245	0	25848
3487	1	1	91	0	2009	25848
3488	1	1	0	239	2006	25895
3489	1	1	102	237	2006	53054
3490	1	1	95	0	2009	50373
3491	1	1	88	239	2009	2766
3492	1	2	90	0	2009	25843
3493	2	2	0	255	2004	25541
3494	1	1	89	0	2009	1924
3495	1	2	91	268	2009	15813
3496	1	1	91	0	2008	25794
3497	1	2	89	264	2007	50131
3498	1	1	0	268	2008	2768
3499	1	1	95	245	2009	25551
3500	1	1	98	241	2008	5221
3501	1	1	94	239	2006	1608
3502	1	0	0	0	0	0
3503	2	2	0	263	2003	50193
3504	1	2	91	0	2008	15903
3505	1	2	0	259	2006	2768
3506	1	2	90	259	2008	2248
3507	1	2	0	259	2008	1566
3508	1	2	0	255	2005	2741
3509	1	2	89	268	2008	50028
3510	1	1	156	260	2006	50215
3511	1	1	0	235	0	2830
3512	1	1	94	0	2009	1289
3513	1	1	91	268	2007	1941
3514	2	1	0	264	0	1943
3515	1	2	0	267	2009	25848
3516	1	2	93	246	2009	25793
3517	5	2	0	0	2007	0
3518	2	1	0	0	2004	2191
3519	1	1	100	245	2006	1544
3520	1	2	0	255	2007	2674
3521	1	2	103	260	2007	0
3522	1	1	90	245	2008	2599
3523	1	1	99	0	0	25723
3524	1	1	88	260	2008	25996
3525	1	1	88	0	2008	1447
3526	1	1	155	269	2006	20763
3527	1	2	88	252	2008	1934
3528	1	2	93	267	2009	2248
3529	2	2	0	252	2005	2919
3530	2	2	0	245	2005	50028
3531	1	2	97	235	2008	2248
3532	1	1	108	257	0	2616
3533	1	1	91	272	2009	50529
3534	1	0	0	0	0	50929
3535	1	2	132	267	2005	1934
3536	1	2	93	235	2009	23341
3537	1	1	0	264	0	2747
3538	1	2	94	0	2009	2248
3539	1	1	90	260	2009	2152
3540	1	1	95	0	2009	50963
3541	1	2	95	278	2009	0
3542	1	1	0	239	2006	25848
3543	1	1	94	239	2006	50081
3544	1	2	102	267	2006	6399
3545	1	1	95	272	2008	2616
3546	1	2	93	268	2009	53759
3547	1	1	0	238	2006	0
3548	1	2	90	259	2008	20763
3549	1	2	90	267	2009	50975
3550	1	1	89	268	2008	1381
3551	1	1	98	267	2007	53686
3552	1	1	100	239	2006	2734
3553	1	1	123	268	2007	2734
3554	1	1	95	0	2009	2665
3555	1	2	118	255	2008	9692
3556	2	1	0	260	2004	1734
3557	1	1	91	0	2009	2335
3558	1	1	0	267	0	5336
3559	1	1	90	260	2008	1518
3560	1	1	95	245	2009	51993
3561	1	2	95	259	2009	50033
3562	1	2	86	248	2006	2813
3563	1	2	103	262	2008	20562
3564	1	1	95	0	2009	2048
3565	2	2	102	245	2005	50353
3566	1	1	95	0	2009	10932
3567	1	1	100	252	2006	2944
3568	1	1	0	267	2007	2714
3569	1	2	95	260	2008	2919
3570	1	2	95	268	2009	0
3571	1	1	95	0	2009	15656
3572	1	2	0	255	2006	694
3573	4	2	0	0	0	10525
3574	1	0	126	268	2006	25927
3575	1	0	143	0	0	0
3576	1	1	88	0	2008	20681
3577	1	2	102	239	2008	53759
