node	student	gender	dorm	major	year	school
0	2	1	107	251	2005	9704
1	1	0	121	254	2007	26737
2	2	1	0	253	2005	3564
3	1	1	122	248	2006	0
4	1	1	111	250	2007	0
5	1	1	100	260	2007	23105
6	1	1	89	252	2007	25084
7	1	1	92	240	2006	9451
8	1	1	94	0	2008	51346
9	1	1	120	0	2009	50498
10	1	1	113	253	2005	9244
11	1	1	97	272	2006	24986
12	1	1	102	254	2008	18109
13	1	1	0	239	2006	9417
14	1	1	94	257	2008	25621
15	1	1	108	250	2005	21334
16	2	1	106	250	2004	3632
17	1	1	122	238	2009	50909
18	1	1	92	268	2007	0
19	2	1	88	257	2005	23942
20	1	1	0	253	2006	8835
21	1	1	106	0	2009	4655
22	1	1	117	278	2007	50091
23	2	1	0	257	2005	17870
24	1	1	117	268	2006	819
25	1	1	108	250	2006	25043
26	1	1	95	254	2006	51025
27	1	1	88	0	2008	2422
28	2	1	106	250	2005	9321
29	1	0	0	0	0	0
30	1	1	0	250	2006	9692
31	1	1	113	0	2008	0
32	1	1	120	273	2007	0
33	1	1	119	260	2009	17228
34	1	0	116	236	0	51354
35	1	1	94	275	2008	50509
36	1	1	87	259	2008	17763
37	1	1	89	257	2009	16985
38	1	1	99	241	2008	9382
39	2	1	113	242	2004	20288
40	1	1	117	0	2009	17995
41	3	1	0	0	1984	9487
42	1	1	97	253	0	3284
43	1	1	112	240	2007	26646
44	1	1	114	260	2007	22203
45	2	1	115	257	2005	0
46	2	0	109	0	2003	50280
47	1	1	97	235	2008	23942
48	2	1	123	250	2005	50024
49	2	1	121	241	2005	3580
50	1	1	115	238	2007	21069
51	1	1	102	241	2008	17764
52	1	1	108	278	2008	571
53	1	1	99	270	2008	51038
54	2	1	0	272	2005	9313
55	5	1	0	272	2005	0
56	1	1	0	236	2006	0
57	1	0	117	0	2008	0
58	1	1	105	0	2009	50003
59	1	1	0	238	2006	9765
60	2	1	0	249	2004	4053
61	2	1	115	260	2005	24902
62	1	1	122	257	2008	4014
63	1	1	115	250	2008	51465
64	1	1	117	265	2007	3707
65	1	1	88	251	2008	16678
66	1	1	0	241	2007	3658
67	1	1	110	268	2006	9318
68	2	1	0	246	2000	0
69	1	0	122	272	0	16396
70	3	2	0	259	0	0
71	1	1	109	0	2009	1963
72	1	1	90	259	2006	0
73	1	0	0	0	0	0
74	1	1	100	0	2009	51060
75	1	1	117	278	2009	4001
76	1	1	106	248	2006	3505
77	1	1	88	277	0	9313
78	1	1	119	253	2008	22205
79	1	1	117	245	2007	21781
80	1	1	100	243	2008	50832
81	1	1	106	250	2007	50317
82	2	1	87	272	2005	51108
83	1	1	99	279	2008	5252
84	1	1	90	260	2007	17009
85	1	1	87	259	2008	3569
86	1	1	97	250	2008	50909
87	1	0	0	0	0	0
88	2	1	122	0	2004	0
89	1	0	121	250	2006	0
90	2	1	0	237	2005	9249
91	1	1	99	0	2009	9382
92	2	1	91	272	2005	16145
93	1	0	0	0	0	0
94	1	1	119	241	2006	17351
95	1	1	105	241	2008	19157
96	2	1	99	257	0	1894
97	2	0	0	0	0	0
98	1	1	94	281	2008	9254
99	1	0	0	0	0	4680
100	2	1	115	260	2004	9570
101	1	1	92	241	2006	9830
102	2	0	0	252	2005	51241
103	2	1	92	257	2005	9780
104	1	1	91	237	2006	13780
105	1	1	107	259	2006	9626
106	2	1	106	0	2004	9321
107	1	1	0	0	2008	15898
108	2	0	111	276	2005	53057
109	1	1	111	0	2009	50869
110	1	0	0	0	0	0
111	2	1	119	241	2005	50419
112	1	1	115	257	2008	51177
113	1	1	117	253	2006	25716
114	1	1	102	276	2008	52127
115	1	0	0	0	0	0
116	1	1	113	267	2008	52921
117	1	1	109	257	2008	51776
118	1	1	114	278	0	0
119	1	1	93	265	2006	22236
120	1	1	121	253	2008	22927
121	1	1	90	257	2006	16367
122	1	1	122	241	2009	17668
123	1	1	92	236	2006	4212
124	1	1	117	257	2009	9323
125	1	0	0	0	0	0
126	1	1	94	0	2009	15996
127	1	1	0	272	2006	50285
128	1	1	107	253	2009	17454
129	1	1	102	253	2006	9610
130	1	1	100	274	2007	0
131	1	1	114	259	2007	0
132	2	1	108	265	2005	25902
133	1	1	97	276	2007	50074
134	1	1	93	257	2007	9480
135	1	1	95	250	2007	50715
136	2	1	0	250	2004	3021
137	1	1	122	262	2009	50909
138	1	1	93	265	2008	9575
139	2	1	113	0	0	0
140	2	1	0	249	2005	50909
141	1	1	114	268	2009	0
142	1	1	105	260	2006	2701
143	1	1	99	257	2007	3756
144	2	1	93	241	2005	5932
145	1	1	99	272	2008	50115
146	1	1	88	252	2007	2216
147	1	1	121	268	2007	3572
148	2	1	0	237	2005	9496
149	1	1	121	260	2007	23942
150	1	0	100	0	0	7142
151	1	1	107	268	2007	50470
152	1	1	0	236	2006	17573
153	1	1	122	251	2006	8994
154	1	1	106	268	2008	52243
155	1	1	122	276	2006	4134
156	1	1	92	277	2007	50285
157	2	1	0	273	2005	3827
158	1	1	114	275	2006	50073
159	1	1	99	253	2006	50606
160	1	1	120	235	2008	50270
161	2	1	92	265	2005	50305
162	1	1	0	250	2005	9614
163	1	1	121	259	2009	16210
164	1	1	122	271	2006	26546
165	1	1	97	235	2006	3570
166	1	1	0	277	2006	0
167	1	1	88	0	2009	24048
168	1	1	112	237	2006	7577
169	1	1	94	250	2008	5226
170	1	1	0	260	2007	3570
171	1	1	88	276	2007	15953
172	1	1	123	0	2008	3416
173	1	1	107	260	2008	9619
174	1	1	111	262	2008	3755
175	1	1	119	268	2009	23605
176	1	1	123	275	2008	2725
177	1	1	112	279	2006	8883
178	1	1	99	0	2009	0
179	2	1	88	252	2005	0
180	2	1	91	235	2005	51235
181	1	1	111	251	2006	9977
182	1	1	116	241	2008	9388
183	2	1	119	270	2004	9753
184	1	1	112	253	0	51141
185	1	1	106	236	2007	2701
186	1	0	113	259	2006	50686
187	1	0	0	0	0	0
188	1	1	0	0	0	15785
189	1	1	122	240	2007	20763
190	1	1	89	241	2006	22234
191	1	1	0	0	0	0
192	1	1	94	253	2008	3618
193	2	1	100	241	2004	9382
194	1	1	106	276	2007	0
195	1	1	88	278	2006	9780
196	1	1	115	250	2008	57803
197	1	1	88	279	2009	9753
198	1	0	119	250	2006	17537
199	1	1	120	265	2008	22236
200	1	1	100	259	2008	3601
201	1	1	100	269	2007	50140
202	1	1	97	253	2008	2381
203	1	1	123	0	2008	16268
204	1	1	0	275	2007	1511
205	1	1	110	259	2007	9692
206	1	1	111	253	2008	16160
207	1	0	0	0	0	0
208	1	1	89	0	2008	9318
209	2	1	0	251	2005	9441
210	2	1	0	237	2005	9618
211	1	1	121	250	2006	34
212	2	1	92	246	2004	4544
213	1	1	0	255	2006	8971
214	1	1	113	242	2008	17636
215	2	1	98	266	2005	3806
216	2	1	97	255	2005	3727
217	1	0	116	275	2007	0
218	2	1	122	257	2005	2665
219	1	1	0	245	0	3246
220	1	1	104	251	2006	50610
221	3	2	0	267	0	0
222	1	1	122	268	2008	17844
223	1	1	108	250	2006	905
224	2	0	0	0	0	0
225	1	1	89	265	2006	8914
226	1	1	0	250	2006	19575
227	1	1	92	0	2009	3601
228	1	1	89	265	2008	15931
229	1	1	121	0	2009	8857
230	2	1	0	278	2005	24013
231	2	1	121	237	2005	3602
232	2	1	100	272	2005	9657
233	1	1	93	236	2007	823
234	1	1	106	238	2006	24516
235	1	1	93	250	2007	1617
236	1	1	90	259	2007	17534
237	1	1	112	272	2007	17880
238	2	1	92	0	2005	9321
239	1	1	111	272	2005	0
240	1	1	0	272	2007	8187
241	1	1	110	260	2006	50610
242	1	1	88	251	2007	17383
243	1	1	114	272	2005	2272
244	1	1	120	277	2009	16805
245	1	1	91	241	2007	19476
246	1	0	0	272	0	0
247	1	1	100	250	2006	0
248	1	1	107	239	2006	16240
249	2	1	106	275	2005	16227
250	1	1	100	238	2008	16383
251	1	1	102	253	2005	9503
252	2	1	90	259	2004	17537
253	1	1	97	250	2007	3029
254	1	1	95	281	2007	50045
255	1	1	111	260	2007	0
256	1	1	111	252	2006	17739
257	1	1	87	260	2007	15977
258	1	1	87	266	2006	22205
259	1	1	100	268	2008	50240
260	1	1	122	240	2007	9704
261	1	1	114	235	2007	3675
262	1	1	0	241	0	9570
263	2	1	0	257	2005	50001
264	2	1	119	278	2004	22237
265	1	1	0	241	2006	2381
266	1	1	122	0	2008	20763
267	1	1	89	0	2007	51887
268	1	1	112	241	2007	16219
269	1	0	92	257	2008	23971
270	1	1	90	253	2009	50203
271	1	1	110	253	2009	9677
272	2	1	105	279	2005	9618
273	1	0	114	257	2006	50473
274	1	1	119	268	2009	9318
275	1	1	93	0	2009	25028
276	1	1	89	0	2009	9640
277	1	1	108	265	2007	20721
278	2	1	120	244	2005	16233
279	2	1	92	254	2005	15976
280	1	1	117	253	2006	25825
281	2	1	90	253	2004	9565
282	1	0	0	266	0	51352
283	1	1	116	272	2009	9640
284	1	1	123	257	2008	0
285	1	1	102	250	2008	7831
286	1	1	97	268	2008	50240
287	2	1	98	251	2005	17793
288	2	1	94	259	2003	57313
289	1	0	110	265	2006	16353
290	1	1	98	260	2006	3546
291	1	1	96	253	2008	10485
292	1	1	93	257	2009	3659
293	2	1	113	251	2005	0
294	1	1	89	257	2009	9388
295	2	1	116	272	2005	19042
296	1	1	116	268	2008	3287
297	1	1	99	247	2008	50117
298	1	1	109	250	2005	0
299	1	1	92	275	2008	17719
300	1	1	108	236	2008	9614
301	1	1	87	272	2006	50211
302	2	1	0	272	2005	3755
303	1	1	93	252	2006	9318
304	1	1	100	241	2008	0
305	1	1	111	250	2008	10786
306	1	1	116	253	2006	25426
307	2	0	0	0	0	0
308	1	1	121	272	2008	50869
309	1	1	92	255	2008	21408
310	1	0	0	0	0	0
311	1	1	101	283	2006	54639
312	1	1	120	274	2008	9573
313	2	1	108	275	2004	50165
314	1	1	117	0	2008	3604
315	2	1	99	272	2005	50104
316	1	0	0	0	0	51310
317	1	1	110	269	2009	9655
318	1	1	87	0	2009	0
319	1	1	91	273	2006	3763
320	1	1	109	250	2008	51008
321	1	1	114	277	2007	12065
322	1	0	0	0	2008	3633
323	1	1	92	0	2009	7229
324	1	1	112	241	2009	9618
325	2	0	90	257	2005	0
326	1	1	99	259	2007	19756
327	1	1	106	253	2006	9487
328	1	1	115	260	2007	2792
329	1	0	115	0	2007	16121
330	1	1	107	238	2007	9748
331	2	1	114	257	2005	25934
332	2	1	99	250	2005	9388
333	1	1	110	253	2008	4657
334	2	1	107	265	2005	24411
335	1	1	102	260	2009	50871
336	2	1	107	268	2005	9692
337	1	1	94	253	2008	15996
338	1	1	92	257	2006	50117
339	1	1	117	241	2007	9378
340	1	1	112	257	2006	51901
341	2	1	107	273	2005	9705
342	2	1	111	257	2005	50131
343	1	1	116	279	2008	24397
344	1	0	0	260	2006	0
345	2	1	110	277	2003	50178
346	2	1	98	257	2005	23733
347	1	0	92	257	2006	3765
348	2	1	0	278	2005	9618
349	2	0	122	274	2005	16327
350	1	0	0	0	0	0
351	1	1	121	0	2009	50418
352	1	1	121	261	0	17658
353	1	1	0	250	2007	10687
354	1	1	97	236	2006	16396
355	1	1	88	235	2006	1384
356	1	0	112	257	2006	17863
357	1	1	0	278	2006	16010
358	1	1	123	255	2008	0
359	2	0	104	238	0	0
360	1	1	97	272	2007	9324
361	1	1	121	246	2005	0
362	2	1	123	253	2005	53092
363	2	1	97	272	2005	51108
364	1	1	89	242	2006	19468
365	1	1	123	250	2007	0
366	1	1	110	0	2009	17271
367	1	1	111	0	2008	50294
368	1	1	109	272	2006	819
369	1	1	117	242	2007	9516
370	1	0	89	0	0	50737
371	2	1	97	251	2004	0
372	2	1	120	277	2005	17138
373	2	0	99	0	2005	9614
374	2	1	110	250	2005	17129
375	1	1	107	250	2007	50122
376	2	1	114	240	2005	9826
377	1	1	108	265	2007	52957
378	1	1	0	251	0	50511
379	1	1	121	0	2007	15661
380	1	1	107	269	2006	4377
381	1	1	108	0	2009	1326
382	1	1	110	241	2009	2753
383	1	1	0	271	0	51354
384	2	1	0	260	2005	0
385	1	1	115	276	2006	24981
386	1	0	91	260	2006	25551
387	1	1	109	268	2009	51310
388	1	1	89	241	2007	3586
389	1	1	97	246	2008	54074
390	1	1	90	236	2008	25534
391	1	1	97	268	2006	0
392	2	1	122	260	0	0
393	1	1	90	275	2006	50930
394	1	1	0	257	2006	2381
395	2	1	0	240	2004	50161
396	1	1	87	275	2006	50786
397	1	1	99	250	2008	11206
398	1	1	88	277	2006	9739
399	1	1	119	272	2008	0
400	1	1	123	253	2009	17737
401	1	0	0	0	0	0
402	1	1	88	241	2006	3523
403	1	1	88	241	2008	1963
404	1	1	98	264	2006	4310
405	1	1	99	268	2007	3716
406	1	1	117	251	2008	20853
407	1	0	0	0	0	0
408	1	1	109	262	2006	12999
409	1	1	116	272	2009	0
410	1	1	110	265	2008	52783
411	2	1	121	253	2005	9382
412	1	1	93	279	2008	9122
413	1	1	105	269	2009	3556
414	1	1	102	267	2006	11384
415	1	1	89	253	2008	50104
416	1	1	89	0	2009	50358
417	1	1	87	240	2006	2914
418	1	1	114	0	2008	17686
419	1	1	119	278	2008	52287
420	1	1	92	269	2009	17083
421	2	1	89	242	2005	6170
422	1	1	0	279	2007	0
423	1	1	119	0	2008	51081
424	1	1	94	0	2009	50141
425	1	1	112	241	2005	18042
426	1	1	93	241	2009	9704
427	1	1	88	243	2009	8968
428	1	1	109	0	2008	2381
429	1	1	120	241	2006	9776
430	1	1	92	272	2006	17786
431	1	1	112	275	2008	8826
432	2	1	116	253	2005	50221
433	1	1	87	240	2008	6566
434	2	1	0	240	2005	3755
435	1	1	115	272	2008	3685
436	1	1	114	257	2008	0
437	1	1	0	255	2006	52234
438	1	1	120	276	2007	15934
439	1	1	92	247	2009	1654
440	1	1	103	279	2007	2893
441	1	1	97	0	2007	17340
442	1	0	0	0	0	0
443	1	1	0	257	2006	9388
444	1	0	92	272	2007	51367
445	2	1	122	257	2005	8745
446	1	1	107	265	2007	20364
447	1	1	87	252	2007	8947
448	1	0	102	259	2006	22234
449	2	0	0	0	2005	21334
450	1	1	0	238	2007	9712
451	1	1	120	0	2009	51704
452	1	1	119	241	2008	21605
453	1	1	106	254	2008	50042
454	1	1	91	257	2006	50494
455	1	1	0	254	2007	0
456	1	1	89	236	2007	50909
457	1	1	99	257	2006	26539
458	1	0	120	251	2007	25085
459	2	0	0	0	0	0
460	2	1	92	241	2005	1824
461	1	1	89	272	2007	24981
462	4	1	0	0	0	0
463	1	1	99	257	2006	10186
464	1	1	101	269	2006	4004
465	1	1	0	275	2005	15959
466	2	1	117	241	2005	17447
467	1	1	108	0	2009	10937
468	1	1	121	0	2008	17290
469	1	1	89	250	2008	51070
470	1	1	115	257	2006	3908
471	1	1	121	236	2008	9410
472	1	1	122	250	2008	7831
473	1	1	90	269	2006	9497
474	1	1	113	0	2008	3765
475	2	1	119	245	2004	0
476	1	1	88	240	2009	707
477	1	1	111	0	2009	25178
478	1	0	0	0	2006	50060
479	1	1	88	267	2009	17240
480	1	0	104	236	0	0
481	1	1	109	253	2009	3714
482	1	1	87	250	2007	0
483	1	0	121	253	2006	0
484	1	1	96	250	2006	51008
485	1	0	0	0	0	0
486	1	1	105	276	2008	25666
487	1	1	123	0	2009	12304
488	2	0	109	269	2005	672
489	2	1	0	0	2004	26517
490	1	0	0	259	2007	0
491	1	1	97	249	2009	25551
492	1	1	100	252	2006	51065
493	1	1	122	252	2006	9704
494	1	1	0	253	0	3726
495	2	1	0	277	2005	50318
496	1	1	100	257	2007	905
497	1	0	0	0	0	0
498	1	1	93	261	2008	25723
499	2	1	0	277	2005	4044
500	1	1	106	0	2008	11099
501	1	1	96	257	2008	0
502	1	1	93	275	2009	9388
503	1	1	102	278	2007	50724
504	1	1	123	245	2008	6169
505	1	1	110	0	2009	56377
506	1	1	0	236	2007	4702
507	1	1	96	257	2007	51453
508	1	1	115	242	2005	9618
509	1	1	105	241	2008	21621
510	1	0	104	252	2006	9618
511	4	2	0	0	0	0
512	2	1	99	278	2005	16124
513	2	1	110	273	2003	22246
514	2	1	88	257	2005	9503
515	2	1	113	275	2005	50610
516	2	1	106	273	2003	25370
517	1	0	119	242	2006	20747
518	1	1	94	253	2007	0
519	1	1	92	250	2005	3755
520	1	1	92	255	2005	0
521	1	1	94	268	2008	53725
522	1	1	92	250	2006	50013
523	2	1	0	240	2004	0
524	1	1	117	0	2008	9021
525	1	1	93	253	2009	25035
526	2	1	0	257	2005	0
527	1	1	119	260	2008	4423
528	2	1	91	272	2005	50128
529	1	1	88	0	2008	50492
530	1	1	106	252	2006	51925
531	2	1	88	257	0	59476
532	2	1	103	278	2005	54241
533	1	0	0	242	0	0
534	1	1	93	241	2006	23542
535	1	1	93	257	2007	50963
536	1	1	89	254	2007	4432
537	1	1	88	257	2005	23942
538	1	1	0	237	2007	21094
539	1	1	88	241	2007	8947
540	1	1	92	269	2009	3755
541	1	0	116	279	2008	26709
542	2	1	87	250	2005	51066
543	1	1	100	0	2009	2702
544	1	1	111	0	2008	8961
545	1	1	110	0	2009	9077
546	1	1	121	251	2006	16068
547	1	1	94	0	2008	50865
548	1	0	0	257	2006	20631
549	1	1	106	237	2008	3765
550	1	0	118	259	2007	10262
551	1	1	93	241	2006	6997
552	1	1	123	240	2007	5828
553	1	1	99	277	2008	0
554	1	1	103	277	2007	50693
555	1	1	122	268	2006	20695
556	2	1	92	275	2004	22223
557	1	1	98	253	2006	17340
558	1	1	108	0	2009	0
559	1	1	113	0	2008	58867
560	1	1	122	250	0	21342
561	1	1	92	0	2008	3678
562	4	0	0	0	0	0
563	1	1	108	270	2009	9581
564	1	1	98	277	2007	15969
565	1	1	0	257	2007	9234
566	1	1	110	252	2008	3827
567	1	1	122	273	2006	3686
568	1	1	111	250	2006	17091
569	1	1	88	238	2008	20681
570	2	1	97	274	2005	54563
571	1	1	116	0	2008	8845
572	1	1	117	0	2008	17395
573	1	1	119	0	2009	24979
574	1	1	87	257	2009	9214
575	1	1	109	253	2009	0
576	2	0	0	0	0	0
577	2	1	122	257	2005	15996
578	1	1	107	257	2006	9130
579	1	1	112	272	2009	17609
580	2	1	100	0	2003	4849
581	1	1	115	272	2005	54266
582	2	1	116	273	2005	3682
583	2	1	121	268	2005	9334
584	2	1	0	272	2005	53662
585	1	1	106	270	2006	50666
586	1	1	106	0	2009	9078
587	2	1	108	253	2005	9625
588	1	1	121	241	2006	50340
589	1	1	111	252	2006	9299
590	1	1	90	260	2007	2493
591	1	1	123	276	2007	5852
592	2	1	108	250	2005	3527
593	1	1	102	272	2009	0
594	1	0	120	275	2006	3655
595	1	1	106	253	2009	1426
596	1	1	94	0	2008	50963
597	1	1	112	277	2006	21094
598	1	1	92	273	2008	50060
599	1	1	92	272	2007	50365
600	2	2	118	277	2005	9318
601	1	1	89	272	2006	9349
602	5	1	0	0	2005	9382
603	2	1	116	237	1990	0
604	2	1	98	280	2005	0
605	1	0	110	265	2008	50610
606	2	1	89	241	2003	17329
607	1	1	107	279	2007	2725
608	1	1	102	276	2006	3310
609	1	1	110	272	2007	0
610	1	1	0	0	0	50303
611	1	1	99	276	2006	25836
612	1	0	120	273	2006	19297
613	1	0	0	247	0	9286
614	2	1	109	259	2005	54879
615	1	1	0	250	2006	2509
616	1	1	107	240	2006	5794
617	2	1	99	272	2003	0
618	1	1	0	276	2008	10811
619	1	1	120	279	2009	17668
620	1	1	115	250	2008	9654
621	1	1	119	254	2007	9484
622	1	1	91	268	2005	23789
623	2	1	91	253	2005	16805
624	1	1	116	255	2008	50070
625	2	1	105	278	2004	8826
626	1	1	108	241	2009	3120
627	1	1	92	0	2008	51871
628	1	1	109	257	2008	3664
629	1	0	0	0	0	0
630	1	1	111	256	2008	3755
631	1	1	120	259	2005	9497
632	1	1	90	0	2009	0
633	2	1	97	275	2004	20680
634	1	0	0	0	0	0
635	1	1	110	274	2009	24516
636	1	1	111	0	2009	52783
637	3	1	0	250	2007	25836
638	1	1	89	253	2007	3586
639	1	1	122	0	2009	50170
640	0	0	0	0	0	0
641	2	1	0	241	2005	9673
642	1	1	94	0	2008	17609
643	1	1	121	272	2007	22187
644	1	1	123	0	2008	23003
645	1	1	102	253	2009	50058
646	1	0	89	278	2007	54405
647	1	1	111	0	2009	3240
648	2	1	110	280	2005	51700
649	1	1	0	238	2006	57033
650	1	1	116	236	2008	15348
651	1	1	122	241	2008	15903
652	1	1	88	0	2008	53092
653	1	1	96	253	2007	0
654	1	1	117	253	2007	12393
655	2	1	122	257	2004	16261
656	1	1	113	279	2007	17584
657	2	1	92	272	2005	17641
658	1	0	0	257	0	0
659	1	0	97	241	2006	25252
660	2	1	113	245	2005	50140
661	1	1	108	270	2007	17901
662	2	1	88	266	2005	9618
663	3	2	0	279	0	0
664	1	1	89	272	2009	23604
665	2	1	91	240	2005	9717
666	1	1	112	260	2007	0
667	1	1	122	253	2007	9336
668	1	1	122	0	2006	0
669	1	1	97	257	2008	54570
670	1	1	105	253	2008	0
671	1	1	121	253	2006	9477
672	1	1	105	278	2007	16499
673	1	1	94	257	2009	25891
674	2	1	110	252	2005	23726
675	0	0	0	0	0	0
676	1	1	122	245	2007	3172
677	1	0	0	245	2006	10181
678	1	1	92	277	2009	3632
679	1	1	93	0	2008	19975
680	3	2	0	237	0	51174
681	1	1	102	241	2006	19476
682	2	1	91	241	2005	51008
683	1	1	121	253	2007	16261
684	1	1	107	268	2008	3556
685	1	1	122	241	2006	16261
686	1	1	0	0	2008	0
687	2	1	98	279	2004	25671
688	2	1	102	236	2005	0
689	1	1	119	0	2009	50315
690	1	0	0	0	0	0
691	1	1	114	277	2008	52263
692	2	0	104	255	2004	50695
693	1	1	112	257	2006	9831
694	1	1	88	245	2008	26488
695	1	1	0	281	2007	50582
696	2	1	102	245	2005	9313
697	1	1	100	237	2008	26782
698	1	1	97	272	2008	9130
699	2	1	0	252	2005	0
700	1	1	114	0	2007	52783
701	1	1	97	255	2007	50963
702	1	1	114	241	2009	20478
703	1	1	96	243	2008	17965
704	1	1	116	0	2009	50902
705	1	0	93	279	2008	55102
706	1	1	110	253	2009	18211
707	1	1	106	247	2008	9753
708	2	1	97	280	2005	9588
709	1	1	88	272	2007	16010
710	4	2	0	279	2010	16216
711	1	0	113	0	2008	24574
712	1	1	115	0	2008	9719
713	1	1	0	272	2007	16396
714	1	0	0	250	2007	50315
715	1	1	97	270	2007	9339
716	2	1	90	275	2005	24989
717	2	1	110	256	2004	6552
718	1	1	93	257	2007	17180
719	1	1	87	0	2009	16420
720	1	1	100	0	2008	6434
721	1	1	122	0	2005	51241
722	1	1	88	0	2008	50088
723	1	1	111	0	2008	1936
724	2	1	98	270	2005	50315
725	1	1	123	257	2009	51453
726	1	1	121	255	2008	5807
727	1	1	119	270	2007	9105
728	1	1	0	0	2008	0
729	1	1	90	248	2009	50063
730	1	1	0	250	2007	25678
731	1	2	0	257	0	1034
732	1	1	106	272	2007	16227
733	1	0	107	260	2006	1333
734	3	0	0	235	0	22205
735	1	0	0	0	0	0
736	1	1	88	260	2006	50055
737	1	1	97	257	2008	19383
738	1	1	112	265	2006	8944
739	2	1	112	255	2005	4884
740	2	1	106	237	2005	50081
741	1	1	107	0	2008	50099
742	1	1	0	261	2006	15964
743	1	1	115	250	2006	19895
744	1	0	0	0	0	0
745	1	1	93	272	2007	9769
746	2	1	87	257	2005	8885
747	1	1	92	253	2006	9414
748	1	1	113	252	2008	23649
749	1	1	87	277	2006	2725
750	1	1	106	0	2009	9346
751	1	1	117	251	2005	50534
752	1	1	99	0	2008	9688
753	1	1	87	259	2008	1389
754	2	1	0	257	2005	51185
755	1	1	113	0	2008	3111
756	1	1	87	265	2008	49
757	1	1	111	254	2007	25011
758	4	1	0	0	0	0
759	2	0	0	275	2005	53761
760	1	1	89	241	2008	705
761	1	0	98	277	2007	21334
762	2	1	92	277	2005	8851
763	1	1	87	272	2009	50277
764	1	1	100	257	2009	54927
765	1	1	112	241	2009	7201
766	1	1	107	253	2006	3749
767	1	1	99	0	2009	57199
768	1	1	0	277	2006	3699
769	1	1	113	235	2007	9042
770	1	1	119	252	2009	3246
771	1	1	120	0	2008	53891
772	1	1	106	251	2008	9403
773	1	1	92	257	2005	16805
774	1	1	97	253	2008	3739
775	1	1	115	257	2008	15790
776	1	1	122	0	2009	16420
777	1	1	91	248	2006	18173
778	1	1	0	250	2007	50245
779	1	1	116	0	2008	9755
780	2	1	117	246	2003	17228
781	1	1	119	259	2006	0
782	1	1	87	257	2008	1545
783	1	1	0	251	2008	0
784	1	1	100	264	2009	24264
785	2	0	116	273	2005	4035
786	1	1	115	253	2009	9618
787	2	1	92	239	2002	132
788	1	1	88	253	2006	9533
789	1	1	0	268	2007	50909
790	1	1	106	272	2009	3686
791	1	1	117	259	2006	2505
792	1	0	0	0	0	0
793	1	1	97	241	2007	50595
794	1	1	96	241	2009	4031
795	1	1	123	237	2007	26673
796	1	1	99	275	2009	18070
797	1	1	107	251	2008	50944
798	1	1	88	0	2008	17135
799	1	1	121	277	2008	9561
800	1	1	0	0	2009	50185
801	1	1	117	249	2007	50334
802	2	1	116	0	2005	51226
803	2	1	122	255	2005	15236
804	1	1	91	272	2006	51990
805	1	1	115	240	2008	51059
806	1	1	0	0	2008	0
807	2	1	115	250	2005	50509
808	1	1	114	272	2008	9603
809	2	1	97	257	2005	0
810	2	1	0	257	2005	55543
811	1	1	94	257	2008	2277
812	1	1	113	275	2009	50370
813	1	1	98	250	2006	3675
814	1	1	92	236	2007	15933
815	1	1	98	266	2005	20808
816	1	1	0	236	2009	9253
817	1	1	88	279	2008	3570
818	1	1	115	250	0	0
819	1	1	105	260	2009	3715
820	1	1	100	254	2008	17047
821	1	1	0	242	0	25892
822	1	1	113	260	2008	3581
823	1	1	0	250	2008	20326
824	1	0	118	259	2006	0
825	2	1	110	272	2005	2209
826	2	1	91	246	2005	9260
827	1	1	114	0	2008	9378
828	1	1	88	272	2009	53375
829	1	1	0	269	2006	3599
830	2	1	107	256	2005	20685
831	2	2	116	279	2005	3951
832	1	1	122	0	2007	9087
833	1	1	123	251	2005	9324
834	2	1	119	257	2004	3841
835	1	1	111	252	2008	52280
836	1	1	100	259	2009	50737
837	1	1	117	0	2008	22256
838	1	1	101	241	2006	9614
839	1	1	123	257	2007	15934
840	1	1	110	238	2009	50176
841	1	1	88	268	2007	54136
842	1	0	0	0	0	0
843	2	1	110	257	2004	50109
844	1	1	116	272	2008	51467
845	1	1	96	268	2009	530
846	1	1	110	267	2009	9643
847	1	1	110	0	2009	3556
848	1	1	108	241	2009	9346
849	2	1	107	237	2005	52783
850	1	1	109	273	2006	8832
851	1	1	108	264	2008	51062
852	1	1	93	0	2009	17908
853	2	1	112	253	2005	17786
854	2	0	89	279	0	9313
855	1	1	94	252	2007	8905
856	2	1	0	253	2005	16805
857	2	1	0	260	2005	7110
858	1	1	0	0	2008	4262
859	1	0	113	0	2008	55692
860	1	1	96	0	2008	23955
861	1	1	93	275	2008	9673
862	1	1	111	253	2008	9521
863	1	0	99	250	2006	16240
864	1	1	96	278	2006	540
865	1	1	0	0	0	0
866	1	1	93	0	0	3632
867	1	1	91	250	2006	0
868	1	1	108	241	2009	10215
869	1	1	115	237	2006	54639
870	1	1	92	253	2009	16492
871	1	0	87	273	2008	6347
872	2	1	108	241	2005	3581
873	1	1	114	259	2008	15911
874	1	1	117	0	2009	50020
875	1	1	0	257	2006	51081
876	1	0	0	0	0	0
877	2	0	0	272	0	9783
878	1	1	117	253	2008	22205
879	1	1	115	272	2008	54344
880	2	1	119	237	2005	24984
881	1	1	102	240	2008	3716
882	1	1	90	257	2008	1936
883	2	1	0	250	2005	0
884	1	0	0	0	0	0
885	2	0	90	250	1996	54085
886	1	0	0	0	0	0
887	1	1	89	250	2008	50042
888	2	1	0	249	0	0
889	1	1	97	259	2006	50259
890	1	1	99	259	2007	53912
891	2	1	111	268	2005	6420
892	1	1	108	241	2006	18599
893	1	0	98	273	2006	51391
894	1	1	121	268	2007	50527
895	1	0	0	238	0	0
896	1	1	123	267	2006	9618
897	1	1	119	275	2006	1808
898	2	1	100	237	2005	3675
899	2	1	90	245	2005	10985
900	2	1	90	241	2005	50602
901	1	1	99	241	2009	16805
902	2	1	99	250	2004	0
903	1	1	0	275	2007	0
904	1	1	89	257	2008	9340
905	1	1	92	253	2009	23822
906	1	1	106	257	2008	17668
907	5	1	0	257	2005	0
908	1	0	111	261	2007	21408
909	1	0	0	0	0	0
910	1	1	107	272	2005	0
911	2	1	119	250	2005	3737
912	2	0	0	0	0	3682
913	1	1	95	0	2007	9768
914	2	1	0	272	2005	52424
915	1	1	116	259	2008	25116
916	1	1	92	275	2007	17430
917	2	1	115	250	2005	50086
918	1	1	111	259	2008	52941
919	1	1	106	268	2008	52964
920	1	1	108	242	2006	9780
921	1	1	110	0	2008	25546
922	1	0	98	277	2006	4662
923	1	1	117	256	2008	9321
924	2	0	99	270	2002	0
925	1	1	100	244	2006	15970
926	2	1	106	272	2005	9614
927	1	1	109	272	2008	2092
928	1	1	117	253	2006	50732
929	1	1	106	0	2008	50333
930	4	0	0	0	0	0
931	1	1	87	254	2007	18109
932	2	0	91	250	2005	16382
933	1	1	112	240	2006	9441
934	1	1	97	278	2008	11099
935	2	1	115	253	2005	23971
936	1	1	100	237	2007	17767
937	1	1	91	239	2006	16783
938	1	1	100	259	2006	52091
939	1	1	121	0	2008	26488
940	1	1	108	257	2008	18139
941	1	1	96	257	2009	50325
942	2	1	90	257	2005	0
943	1	1	86	241	2006	0
944	2	1	91	272	2005	0
945	1	1	114	257	2009	4322
946	1	1	94	241	2007	50001
947	1	1	107	268	2005	3757
948	1	1	102	238	2008	0
949	1	1	110	250	2006	50184
950	1	1	116	268	2007	0
951	1	1	122	244	2008	22237
952	1	1	94	239	2009	3057
953	1	1	89	242	2008	16805
954	2	1	88	251	2005	16412
955	1	1	100	259	2006	0
956	2	1	117	260	2004	50020
957	1	1	100	267	2006	0
958	1	1	96	243	2008	3150
959	1	1	111	272	2006	50930
960	1	1	0	275	0	17907
961	1	1	94	0	2008	0
962	1	1	122	254	2007	2960
963	1	1	106	0	2008	16758
964	1	1	119	235	2007	9720
965	2	1	107	244	2005	23099
966	1	1	93	279	2008	50065
967	1	1	97	250	2005	0
968	1	1	91	272	2006	3675
969	1	1	88	262	2007	2505
970	1	1	99	250	2007	0
971	1	1	99	282	2009	5211
972	2	1	0	264	0	10973
973	1	1	106	260	2007	16327
974	1	1	123	275	2009	25035
975	1	1	93	251	2005	2079
976	1	1	103	250	2007	0
977	1	1	109	237	2008	9321
978	1	1	107	0	2008	50945
979	1	1	123	252	2006	0
980	1	1	0	236	2005	0
981	1	1	114	252	2008	8820
982	1	1	97	272	2007	20576
983	1	0	97	236	2007	9523
984	1	1	111	268	2008	19389
985	2	1	93	242	2005	3687
986	2	0	119	279	2005	3581
987	1	1	92	251	2006	51367
988	2	1	97	250	2005	3755
989	2	1	0	246	2005	2906
990	1	1	100	251	2007	24539
991	2	0	91	272	2005	17060
992	2	0	97	260	2005	21679
993	1	1	111	257	2009	8375
994	1	1	115	251	2008	25014
995	1	1	110	259	2009	50450
996	1	1	105	0	2008	15891
997	1	1	100	273	2007	20853
998	1	1	102	260	2009	0
999	1	1	99	257	2008	9520
1000	1	1	106	0	2009	50534
1001	1	1	87	237	2006	3666
1002	2	1	97	278	2005	9554
1003	1	1	108	236	2005	21457
1004	1	1	108	253	2008	9424
1005	2	1	0	269	2004	5868
1006	1	1	122	254	2006	9478
1007	1	1	107	272	0	1885
1008	1	1	102	252	2007	9384
1009	2	1	117	252	2004	9496
1010	1	1	107	253	2008	0
1011	1	1	112	264	2006	51858
1012	1	1	110	257	2008	2755
1013	1	1	109	278	2009	0
1014	1	1	120	275	2008	3718
1015	1	1	97	265	2007	3739
1016	1	1	0	257	2006	54888
1017	1	1	117	272	2009	18074
1018	5	2	107	272	2006	50050
1019	1	1	91	273	2006	3763
1020	3	1	0	275	0	0
1021	2	1	92	237	2005	17766
1022	1	1	88	252	2006	2905
1023	1	1	121	250	2007	50170
1024	1	1	114	259	2009	0
1025	2	1	97	249	2005	19444
1026	1	1	93	245	2007	50089
1027	2	1	0	236	2005	53385
1028	1	1	87	236	2007	21237
1029	1	1	90	257	2008	727
1030	1	1	97	240	2009	52097
1031	1	1	120	248	2007	9757
1032	1	0	0	0	0	0
1033	2	1	109	246	2004	0
1034	1	1	94	250	2007	52583
1035	1	1	106	255	2007	9326
1036	1	1	0	272	2006	17108
1037	1	1	106	265	2006	3659
1038	1	1	119	265	2006	9757
1039	1	1	0	272	2006	25925
1040	1	1	100	252	2006	21068
1041	1	1	123	252	2006	0
1042	5	1	0	0	2007	9540
1043	1	1	94	250	2008	50505
1044	1	1	97	240	2007	51008
1045	2	1	92	257	2005	1607
1046	1	2	104	277	2006	24989
1047	1	1	87	254	2006	54927
1048	1	0	0	0	0	0
1049	1	1	117	0	2008	9831
1050	2	1	112	272	2005	15273
1051	1	1	86	253	0	5634
1052	1	1	86	253	2007	25284
1053	1	1	117	252	2009	54805
1054	1	1	117	241	2006	8911
1055	1	1	0	257	0	0
1056	1	1	107	272	2007	9661
1057	1	1	99	257	2009	16487
1058	1	1	94	237	2009	23618
1059	1	1	92	236	2008	9388
1060	1	1	92	250	2006	4140
1061	2	1	120	272	2005	9605
1062	1	1	108	250	2007	0
1063	1	1	119	0	2008	8948
1064	1	1	108	238	2009	51465
1065	1	1	92	259	2005	9533
1066	1	0	100	275	2006	2557
1067	1	1	102	253	2007	15431
1068	1	0	115	250	2006	1451
1069	1	1	0	266	2007	0
1070	1	0	100	257	2007	17763
1071	1	1	88	259	2006	11205
1072	2	1	97	278	0	56097
1073	1	1	105	0	2008	2725
1074	1	1	90	241	2007	18166
1075	1	1	94	0	2008	1935
1076	1	1	114	0	2006	9581
1077	2	0	0	0	0	0
1078	2	1	121	275	2005	50315
1079	1	1	97	257	2008	16138
1080	1	1	115	268	2007	50511
1081	1	1	103	257	2007	16744
1082	1	1	106	272	2009	21781
1083	1	1	95	237	2008	53841
1084	1	1	99	241	2007	17876
1085	1	1	122	0	2008	21094
1086	1	1	106	272	2007	50990
1087	1	1	105	272	2007	9763
1088	1	1	108	240	2007	7693
1089	1	1	87	269	2007	0
1090	1	1	95	256	2006	20783
1091	1	1	88	257	2008	3699
1092	1	1	110	242	2006	18950
1093	1	1	119	246	2006	51776
1094	1	1	87	267	2006	16257
1095	1	1	114	281	2007	50100
1096	1	1	112	267	2008	9404
1097	1	1	106	259	2009	16671
1098	1	1	123	0	2009	53257
1099	1	1	106	241	2009	55341
1100	1	1	122	253	2007	53555
1101	1	1	112	253	2008	11067
1102	1	1	122	275	2007	1387
1103	1	1	111	260	2007	50141
1104	2	1	119	250	0	15890
1105	1	1	123	0	2009	1643
1106	2	1	111	272	2005	19839
1107	1	1	122	251	2007	21794
1108	1	1	121	279	2007	51367
1109	1	1	106	251	2006	11123
1110	1	1	111	250	2007	0
1111	1	0	0	0	0	0
1112	1	1	111	0	2009	52395
1113	1	1	88	275	2008	23942
1114	1	1	0	0	0	0
1115	1	1	111	0	2009	0
1116	1	1	121	241	2009	25473
1117	1	0	120	0	2008	52104
1118	2	1	91	237	2005	0
1119	1	1	109	267	2008	3737
1120	1	1	111	241	2007	8948
1121	1	1	120	241	2009	1936
1122	1	1	108	0	2008	53891
1123	1	0	110	248	2008	18697
1124	1	1	106	277	2008	16327
1125	1	1	97	267	2006	10088
1126	1	1	89	255	2006	50754
1127	2	1	99	259	2005	21781
1128	1	1	109	259	2008	8831
1129	1	1	123	260	2005	0
1130	1	0	116	275	2006	0
1131	1	0	0	0	0	0
1132	1	1	88	259	2006	2522
1133	1	1	111	0	2009	50060
1134	1	1	99	0	2008	2861
1135	1	0	0	237	0	17717
1136	1	1	122	259	2007	2824
1137	1	1	110	275	2009	9244
1138	1	1	119	241	2008	805
1139	4	0	0	0	0	0
1140	2	1	108	252	2005	0
1141	1	1	122	0	2009	52796
1142	1	1	107	238	2006	50722
1143	1	1	96	0	2008	9755
1144	1	1	93	238	2008	9709
1145	1	1	104	279	2006	17700
1146	1	1	112	250	2007	0
1147	1	1	87	257	2006	17129
1148	4	1	0	0	0	0
1149	1	1	109	273	2008	16744
1150	2	0	0	257	2005	16805
1151	2	1	90	279	2005	10985
1152	2	0	110	276	2005	2977
1153	2	1	116	275	2005	50100
1154	1	1	98	262	2006	50036
1155	1	1	119	277	2009	19468
1156	1	1	105	251	2007	8944
1157	2	1	123	271	2005	4031
1158	2	1	117	275	2004	50771
1159	1	1	123	0	2008	18108
1160	1	1	106	277	2008	16382
1161	1	1	88	0	0	9078
1162	1	1	121	272	2005	0
1163	1	1	105	275	2006	11280
1164	1	1	120	242	2007	2861
1165	1	1	88	259	2006	2397
1166	1	1	97	272	2008	16499
1167	1	1	99	279	2007	0
1168	2	1	122	272	2004	9413
1169	1	1	122	272	2007	50086
1170	1	1	106	0	2009	18073
1171	1	1	115	260	2009	3389
1172	2	1	91	257	2005	0
1173	1	1	122	252	2007	9187
1174	1	0	0	273	0	51285
1175	1	1	90	253	2009	11846
1176	2	1	0	277	2005	4382
1177	2	1	113	253	2005	8158
1178	1	1	92	0	2007	25073
1179	1	1	112	277	2006	20788
1180	1	1	89	272	2008	17609
1181	2	1	0	260	2005	0
1182	1	1	89	268	2009	25550
1183	1	1	119	253	2008	17886
1184	1	0	93	259	2007	1031
1185	1	1	99	0	2008	9690
1186	1	1	0	252	2007	3827
1187	1	1	90	257	2007	9298
1188	1	1	99	272	2008	3679
1189	1	1	0	253	2006	16117
1190	2	1	0	0	2005	0
1191	2	1	107	262	2005	9594
1192	1	1	109	245	2008	17454
1193	1	1	94	0	2009	0
1194	1	1	99	236	0	0
1195	1	0	121	239	2010	24025
1196	1	1	122	278	2008	51125
1197	1	1	100	273	2007	8948
1198	2	1	0	272	2005	2866
1199	1	1	116	272	2006	6791
1200	1	0	0	237	2008	0
1201	2	1	99	279	2005	3172
1202	1	1	88	253	2009	0
1203	1	1	0	267	2008	9765
1204	1	1	99	259	2006	19653
1205	1	1	106	0	2008	21235
1206	1	1	97	250	2006	11099
1207	2	0	90	281	2005	2503
1208	1	1	121	237	2006	23732
1209	1	1	106	0	2009	9752
1210	1	1	115	250	2007	0
1211	2	1	0	272	2005	50161
1212	1	1	108	257	2006	2900
1213	2	1	90	272	2004	50413
1214	1	0	104	241	2008	4568
1215	1	1	109	0	2008	7949
1216	5	2	126	272	2005	0
1217	1	1	97	241	2006	6139
1218	1	1	110	279	2007	8959
1219	2	0	0	262	2005	50025
1220	2	1	116	277	2005	51367
1221	1	1	115	241	2009	50975
1222	1	1	107	277	2007	13315
1223	2	1	114	275	2005	5725
1224	1	0	113	0	2008	55692
1225	2	0	0	257	2004	3702
1226	1	1	0	241	0	16551
1227	2	1	110	236	2005	50091
1228	2	1	87	254	2005	4680
1229	1	1	108	0	2009	2177
1230	1	0	0	0	0	0
1231	2	1	0	250	2005	51712
1232	1	0	0	275	2006	50616
1233	1	1	91	238	2006	2321
1234	1	1	87	277	2008	0
1235	1	1	97	241	2009	25659
1236	1	0	112	277	2007	18029
1237	1	1	94	0	2009	9727
1238	1	1	115	265	2007	17839
1239	1	0	111	277	2006	0
1240	1	1	97	0	2008	50340
1241	2	0	91	272	2005	50194
1242	1	1	108	272	2006	15925
1243	2	0	97	272	2004	3755
1244	1	0	110	251	2006	51182
1245	1	1	121	273	2007	9648
1246	1	1	121	248	2009	59124
1247	1	1	93	0	2009	9480
1248	1	1	93	257	2007	52263
1249	1	1	87	277	2008	50422
1250	2	1	107	257	2005	8937
1251	1	1	120	257	2007	8964
1252	1	1	94	272	2008	2564
1253	1	1	88	253	2005	6562
1254	1	1	94	241	2008	9077
1255	2	1	0	250	2005	17348
1256	2	0	0	242	2005	16941
1257	1	1	111	0	2008	2702
1258	2	1	105	0	1934	0
1259	1	1	91	268	2006	8879
1260	1	0	0	0	0	20763
1261	1	1	102	249	2008	50611
1262	1	1	87	260	2007	0
1263	2	1	91	248	2005	20783
1264	1	0	0	0	0	0
1265	1	1	93	0	2008	51762
1266	1	1	100	277	2008	1565
1267	1	1	122	237	2008	9536
1268	2	0	0	0	0	0
1269	1	1	116	0	2009	6399
1270	2	1	106	253	2005	9670
1271	2	1	89	268	2005	50099
1272	1	1	123	268	2009	2248
1273	2	1	0	277	2005	54927
1274	1	0	121	264	2005	0
1275	2	1	102	257	2005	23735
1276	2	1	115	268	2005	51289
1277	2	2	98	272	2005	10993
1278	1	1	0	0	2007	0
1279	1	1	111	0	2008	50184
1280	1	1	106	236	2009	9610
1281	1	1	89	257	2005	1326
1282	1	1	113	245	2008	50852
1283	1	1	89	252	2006	9722
1284	1	0	0	272	2006	25049
1285	1	1	117	257	2007	4005
1286	1	1	114	272	2006	2041
1287	1	1	120	261	2008	51712
1288	1	1	0	278	2008	10452
1289	2	1	89	257	2004	50737
1290	2	0	0	0	0	0
1291	1	1	107	279	2007	8910
1292	2	1	0	279	2005	24942
1293	1	1	91	272	2006	9443
1294	1	1	92	265	2005	3532
1295	2	1	0	259	2004	4382
1296	2	1	115	250	2005	50317
1297	2	1	90	277	2005	50398
1298	1	1	121	0	2009	50431
1299	1	1	108	257	2005	0
1300	1	1	97	253	2006	16499
1301	1	1	110	237	2007	16112
1302	1	1	88	275	2007	21596
1303	1	1	94	278	2008	17907
1304	1	1	122	240	2006	9614
1305	1	0	105	272	2007	50909
1306	1	1	107	265	2007	10953
1307	1	1	115	257	2006	50520
1308	2	0	105	272	2002	0
1309	1	1	116	250	2006	3734
1310	1	1	94	260	2007	1887
1311	1	1	0	250	2008	17908
1312	1	1	0	0	2007	0
1313	1	1	0	0	2008	3611
1314	1	1	122	253	2007	11342
1315	1	1	92	268	2009	51509
1316	1	1	110	0	2009	7053
1317	2	1	92	268	2005	50000
1318	5	1	95	259	0	0
1319	1	1	122	0	2007	50930
1320	1	1	114	272	2008	9448
1321	1	1	94	241	2008	50143
1322	1	1	0	0	2009	0
1323	1	1	93	253	2007	1387
1324	1	1	123	0	2007	0
1325	1	1	106	243	2008	16208
1326	1	1	90	277	2009	2152
1327	1	1	100	0	2009	50113
1328	1	0	113	253	2008	0
1329	1	1	123	253	2009	51364
1330	1	0	87	0	2008	0
1331	1	1	88	268	2009	23271
1332	2	1	0	0	0	50595
1333	5	2	0	267	0	8823
1334	1	1	111	257	2007	25616
1335	1	1	115	250	2007	0
1336	2	0	0	272	0	3555
1337	1	1	119	252	2006	1604
1338	1	0	0	0	0	0
1339	1	1	96	251	2009	50498
1340	1	1	91	237	2006	4489
1341	1	1	92	238	2007	50124
1342	1	1	105	278	2009	50529
1343	1	1	103	260	2007	0
1344	1	1	90	238	2007	18697
1345	1	0	94	265	2008	17287
1346	2	1	0	257	0	0
1347	1	1	123	259	0	16319
1348	2	1	0	272	2005	0
1349	1	1	92	267	2006	5845
1350	1	1	100	272	2007	0
1351	2	1	0	242	2005	9729
1352	1	1	100	0	2007	17613
1353	1	1	117	241	2007	12304
1354	1	1	117	245	2008	21421
1355	1	1	102	259	2008	9755
1356	1	1	96	257	2007	16783
1357	2	1	92	277	2005	9692
1358	1	1	122	260	2009	51509
1359	1	1	93	272	2006	0
1360	1	1	0	277	2005	0
1361	1	1	110	276	2008	17598
1362	1	1	89	257	2006	11002
1363	2	1	106	260	2005	1421
1364	1	1	99	260	2007	7229
1365	2	1	107	272	2004	2561
1366	1	1	119	241	2008	3682
1367	1	1	0	250	2008	50161
1368	1	1	121	0	2009	9521
1369	1	1	100	264	2009	24264
1370	1	1	119	250	2005	2696
1371	1	1	94	0	2008	9423
1372	1	1	106	252	2007	0
1373	1	1	0	275	2007	0
1374	1	1	100	273	2008	54639
1375	1	1	113	237	2008	9703
1376	1	1	113	240	2007	17548
1377	1	1	94	275	2008	2696
1378	1	1	105	276	2008	50909
1379	1	1	121	264	2007	23330
1380	2	1	91	240	2005	0
1381	1	1	87	0	2009	6126
1382	1	1	122	257	2008	0
1383	1	0	0	278	2006	15934
1384	1	1	87	273	2006	25843
1385	1	0	98	279	2006	16233
1386	1	1	113	255	2007	3611
1387	2	1	109	268	2005	9773
1388	1	0	0	257	0	17836
1389	2	1	112	246	2005	25114
1390	1	0	114	252	2007	8906
1391	1	1	114	259	2006	3549
1392	1	1	0	257	2006	21479
1393	1	1	88	272	2009	2702
1394	1	1	87	275	2007	15969
1395	1	0	0	0	0	0
1396	1	1	111	257	2009	2375
1397	2	1	0	253	2005	50435
1398	1	1	96	236	2009	2505
1399	1	0	96	0	0	17350
1400	1	1	92	0	2009	50358
1401	1	1	119	260	2006	9386
1402	2	1	111	241	2005	16168
1403	1	1	0	0	2009	0
1404	2	1	119	272	2001	8950
1405	1	1	108	244	2007	2072
1406	2	1	115	236	2000	50005
1407	2	1	99	250	2005	50752
1408	1	0	102	243	2006	25023
1409	1	0	115	0	2007	0
1410	1	1	100	272	2007	52826
1411	2	1	110	238	2005	3674
1412	2	1	0	277	2005	16805
1413	1	1	110	252	2007	0
1414	2	1	0	245	2005	15926
1415	2	1	107	241	2005	9579
1416	1	1	0	237	2006	16466
1417	2	0	0	0	0	0
1418	1	0	90	275	2005	16233
1419	6	0	0	251	0	0
1420	1	1	102	243	0	6102
1421	1	1	110	268	2007	17934
1422	1	1	100	272	0	51827
1423	1	1	100	240	2007	0
1424	1	1	115	275	2006	2800
1425	1	1	97	256	2006	8994
1426	2	1	112	259	2004	50218
1427	1	0	0	0	0	0
1428	1	1	0	272	2008	11123
1429	2	1	0	242	2005	50494
1430	2	0	111	275	2004	51414
1431	1	1	117	257	2008	11378
1432	1	1	111	0	2008	5224
1433	1	1	108	281	2007	3727
1434	1	1	99	257	2009	2819
1435	1	1	90	265	2009	51548
1436	2	1	122	257	2005	6383
1437	2	1	99	268	2005	9605
1438	1	1	89	236	2007	50529
1439	1	1	99	253	2009	51942
1440	2	1	110	257	2004	1382
1441	1	1	120	272	2005	0
1442	1	1	121	272	2006	8820
1443	2	1	0	257	2005	50406
1444	2	1	102	242	2004	9244
1445	1	1	115	260	2008	18003
1446	1	0	0	0	0	0
1447	1	1	122	0	2009	50588
1448	2	1	98	246	2004	51008
1449	1	1	115	257	2006	50020
1450	2	1	109	257	2004	3267
1451	1	1	99	272	2008	9496
1452	2	1	106	0	2005	53434
1453	1	1	99	0	2008	17587
1454	1	1	89	0	2009	9513
1455	1	1	92	237	2007	15959
1456	1	0	92	279	0	0
1457	1	1	114	257	2008	21781
1458	2	1	0	257	0	0
1459	1	1	88	273	2008	3432
1460	1	1	121	240	2006	15897
1461	1	1	90	242	2008	0
1462	1	1	111	257	2007	50786
1463	2	1	117	259	2005	4494
1464	1	1	112	261	2005	0
1465	1	1	122	241	2009	50104
1466	1	1	111	268	2008	50470
1467	1	0	98	275	2006	9327
1468	1	1	121	253	2008	10181
1469	2	1	0	242	2005	9798
1470	1	1	104	260	2007	10937
1471	1	1	0	275	2007	11878
1472	1	1	102	256	2006	51060
1473	1	1	94	272	2008	15895
1474	1	1	117	0	2009	17163
1475	1	1	117	240	2006	9306
1476	1	1	120	272	2008	15878
1477	1	1	115	272	2006	53909
1478	3	2	0	267	0	0
1479	1	1	0	257	2007	17752
1480	1	1	107	264	2007	6691
1481	1	1	122	257	2007	21196
1482	2	1	0	236	2005	1269
1483	1	1	115	0	2009	55341
1484	1	1	87	278	2009	50308
1485	1	1	121	257	0	9108
1486	1	1	122	255	2008	50436
1487	1	1	96	240	2009	19476
1488	2	1	121	253	2005	3535
1489	2	1	108	272	2004	0
1490	1	1	99	274	2007	2279
1491	1	1	117	257	2007	9530
1492	1	1	97	260	2006	25073
1493	1	0	92	254	2008	17569
1494	1	1	117	272	2009	50963
1495	1	1	97	272	2006	50071
1496	1	1	109	241	2009	20675
1497	1	1	103	257	2008	0
1498	1	1	91	238	2006	9378
1499	2	1	0	272	2005	15965
1500	1	1	100	272	2006	1823
1501	2	1	0	257	2005	0
1502	1	1	110	241	2009	21408
1503	1	1	99	268	2007	3716
1504	1	0	0	0	0	0
1505	1	1	121	253	2007	4071
1506	1	1	122	0	2008	16612
1507	1	1	0	277	2006	0
1508	1	1	117	272	2006	25033
1509	1	1	92	277	2006	50463
1510	1	1	98	270	2006	51777
1511	1	1	111	238	2009	26149
1512	1	1	117	0	2008	3526
1513	1	0	0	0	0	0
1514	1	1	112	264	2006	17763
1515	1	1	106	0	2009	9795
1516	1	0	0	0	0	0
1517	1	1	121	0	0	0
1518	1	1	112	236	2006	17253
1519	1	1	112	250	2007	51046
1520	1	0	98	275	2006	2054
1521	2	1	0	268	2005	25539
1522	1	1	108	0	2009	2381
1523	1	1	126	237	2007	15238
1524	2	1	107	252	2005	9388
1525	1	1	95	0	2008	563
1526	2	1	122	259	2005	0
1527	1	0	0	0	0	0
1528	1	1	110	251	2007	8939
1529	2	1	112	235	2004	50270
1530	1	1	89	271	0	9484
1531	1	1	115	265	2007	12298
1532	2	1	104	236	2005	18950
1533	1	0	0	0	0	0
1534	1	1	0	265	2007	9587
1535	1	1	114	240	2008	9400
1536	1	1	123	272	2007	50202
1537	5	0	0	0	0	0
1538	1	1	93	0	2009	50786
1539	2	1	97	272	2005	9640
1540	2	1	115	252	2005	15945
1541	1	1	100	272	2009	4295
1542	1	1	113	253	2009	3583
1543	2	1	89	257	2005	20631
1544	1	1	0	252	2008	25013
1545	1	1	122	272	2005	3697
1546	1	1	99	237	2007	23287
1547	1	1	100	241	2008	11326
1548	1	1	115	252	2009	50871
1549	2	1	121	253	2001	9632
1550	2	1	0	255	2005	9340
1551	1	1	123	275	2009	16064
1552	2	1	121	250	2005	8944
1553	1	1	110	252	2008	50786
1554	1	1	110	253	2006	0
1555	1	1	106	260	2007	9318
1556	1	1	101	269	2006	7865
1557	1	1	99	0	2008	0
1558	1	0	0	0	0	0
1559	1	1	122	250	2007	11224
1560	1	0	0	269	2008	3583
1561	2	1	97	250	2004	3524
1562	1	1	94	241	2008	50104
1563	1	1	100	252	2007	0
1564	2	1	98	275	2005	50070
1565	2	1	0	264	2005	3678
1566	0	0	0	0	0	0
1567	1	1	106	0	2008	50314
1568	2	1	0	236	2005	0
1569	1	1	96	276	2006	22264
1570	2	1	0	257	2005	0
1571	1	1	99	0	2008	16327
1572	2	0	99	272	2005	0
1573	1	1	96	242	2008	50241
1574	1	1	90	255	2008	12024
1575	2	1	93	272	2005	0
1576	1	1	92	272	2006	16327
1577	1	1	93	250	2008	52964
1578	2	1	0	273	2005	1936
1579	1	1	121	275	2008	8115
1580	1	1	113	257	2006	50909
1581	1	1	0	240	2008	1763
1582	1	1	110	0	2008	15925
1583	1	1	99	257	2007	50005
1584	1	1	108	0	2008	5265
1585	1	1	93	253	2009	22203
1586	1	1	93	237	2007	50166
1587	1	1	92	257	2007	7866
1588	1	1	95	245	2007	9397
1589	1	1	115	0	2009	9648
1590	1	1	122	260	2006	2397
1591	1	1	106	257	0	9753
1592	1	1	96	247	2009	1894
1593	2	1	0	241	2005	51178
1594	1	0	121	275	2008	0
1595	1	1	94	254	2008	0
1596	0	0	0	0	0	0
1597	1	1	99	277	2006	8894
1598	1	1	97	260	2006	22187
1599	1	1	110	0	2008	25737
1600	1	1	117	259	0	2623
1601	1	1	123	0	2009	22203
1602	1	1	110	259	2007	50054
1603	1	1	97	250	2008	9318
1604	2	1	88	251	2005	9940
1605	2	1	0	245	2005	26517
1606	2	1	98	272	2005	16866
1607	2	1	123	259	2005	11456
1608	1	1	123	241	2009	50183
1609	2	1	0	272	2005	16187
1610	1	2	0	247	0	0
1611	1	1	120	268	2009	6248
1612	1	1	87	257	2007	25014
1613	1	1	119	0	2006	0
1614	1	1	115	257	2007	17584
1615	1	1	88	252	2006	55067
1616	1	1	87	277	2008	17287
1617	1	1	117	251	2006	24979
1618	1	1	0	250	2006	0
1619	1	1	96	242	2007	9533
1620	1	1	106	252	2008	17636
1621	2	1	118	275	2005	24942
1622	1	1	112	257	2008	9136
1623	1	1	0	254	2005	51008
1624	1	2	0	279	0	0
1625	1	1	0	264	2008	9318
1626	1	1	122	0	2009	9781
1627	5	1	0	253	2004	5950
1628	2	1	120	241	2005	9634
1629	1	1	107	251	2009	9318
1630	1	1	93	241	2008	9704
1631	1	1	115	275	2006	17573
1632	2	1	98	246	2005	51199
1633	2	0	0	0	0	0
1634	1	1	88	268	2009	0
1635	1	1	92	253	2008	16052
1636	1	1	114	279	2008	50959
1637	1	1	122	0	2009	6893
1638	1	1	107	257	2006	17599
1639	2	1	93	257	2004	0
1640	1	1	89	250	2006	50614
1641	1	1	111	237	2007	4251
1642	1	1	122	259	2009	9340
1643	2	1	0	250	2005	9437
1644	4	1	0	272	0	0
1645	1	1	98	278	2006	50511
1646	2	1	110	241	2005	4711
1647	1	2	119	279	2007	9720
1648	1	1	93	0	2008	21730
1649	1	1	117	0	2009	9618
1650	1	1	114	0	2009	19208
1651	1	1	93	260	2009	16160
1652	1	1	117	272	2008	6278
1653	1	1	99	276	2007	9060
1654	1	1	112	253	2007	1490
1655	2	1	88	278	0	9422
1656	1	0	116	279	2007	51210
1657	1	0	0	267	0	0
1658	1	1	113	237	2009	2093
1659	2	1	117	281	2005	9382
1660	1	1	102	278	2007	50494
1661	1	1	115	0	2008	9614
1662	1	1	112	237	2006	812
1663	1	1	117	0	0	0
1664	1	1	87	277	2009	17955
1665	2	1	97	278	2004	9738
1666	2	1	111	257	2003	17433
1667	2	1	99	257	2005	51367
1668	1	1	112	278	2008	9781
1669	1	1	0	272	2007	15912
1670	1	1	93	236	2007	21292
1671	2	1	0	253	2005	6447
1672	1	1	90	241	2009	2709
1673	1	1	102	0	2008	16450
1674	1	1	100	257	2008	51219
1675	1	1	88	253	2009	50325
1676	1	0	0	0	0	0
1677	1	1	100	257	0	4297
1678	1	1	97	0	2007	9753
1679	1	1	122	275	2008	17697
1680	2	1	0	257	2005	2900
1681	1	1	109	268	2007	25626
1682	1	1	119	259	2006	3739
1683	1	1	0	275	2006	9753
1684	1	1	116	252	2007	21410
1685	2	1	99	236	2005	50930
1686	1	1	119	0	2008	5211
1687	1	1	90	277	2009	8845
1688	1	1	97	268	2007	0
1689	1	1	94	241	2009	9581
1690	1	1	0	277	0	9618
1691	1	1	115	272	2006	25012
1692	1	1	103	255	2008	52831
1693	2	1	123	253	2005	7992
1694	1	1	105	241	2008	4413
1695	1	1	90	257	2006	3171
1696	1	0	121	279	2007	51907
1697	1	1	111	253	2007	9388
1698	1	1	95	254	2006	21146
1699	3	2	0	0	0	0
1700	1	1	120	250	2009	52701
1701	2	1	100	250	2004	0
1702	1	1	100	265	2006	51019
1703	1	1	111	241	2007	20812
1704	1	1	100	254	2008	0
1705	1	1	96	267	2009	2725
1706	3	0	0	279	0	10437
1707	1	1	91	257	2006	16208
1708	1	1	99	250	2008	2962
1709	1	1	121	272	2007	3756
1710	1	1	103	265	2008	20936
1711	1	1	97	277	2007	9618
1712	1	1	109	253	2009	11114
1713	1	1	117	277	2007	15244
1714	1	1	93	0	2008	17034
1715	1	1	108	0	2009	17268
1716	1	1	123	0	2007	9623
1717	1	1	123	253	2007	9831
1718	1	1	99	250	2008	0
1719	1	1	119	257	2008	4378
1720	1	0	0	0	0	0
1721	1	1	0	0	2008	4134
1722	1	0	100	257	2007	51450
1723	1	0	116	277	2006	16010
1724	1	1	93	253	2009	9319
1725	1	1	96	281	2007	50100
1726	2	1	90	252	2005	26562
1727	1	1	0	0	2009	9422
1728	1	1	117	249	2006	842
1729	1	0	0	254	2007	17858
1730	1	1	117	240	2007	23335
1731	2	0	0	257	2005	50182
1732	1	1	111	279	2007	50459
1733	1	1	114	257	2008	9505
1734	2	1	0	278	2005	6393
1735	1	1	112	251	2007	8961
1736	1	1	111	259	2007	59261
1737	1	1	97	244	2009	53966
1738	1	1	122	0	2008	17327
1739	1	1	113	257	2007	51894
1740	1	1	94	242	2008	21083
1741	1	1	123	250	2008	54922
1742	1	1	88	251	2009	9104
1743	1	0	104	0	2007	0
1744	1	1	97	0	2009	16693
1745	1	1	99	250	2009	50712
1746	1	1	97	273	2007	819
1747	1	1	87	0	2008	9782
1748	1	1	90	252	2006	17917
1749	2	1	98	237	2005	0
1750	1	0	0	0	0	52234
1751	1	1	0	0	2007	0
1752	2	1	115	272	2005	9618
1753	1	1	99	257	2005	828
1754	1	1	109	237	2006	3591
1755	1	1	108	278	2007	12169
1756	1	1	123	0	2009	3737
1757	2	1	92	249	2005	9318
1758	1	1	113	254	2008	15989
1759	2	1	0	276	2005	52958
1760	2	1	0	241	2005	17352
1761	1	1	107	257	2006	5040
1762	1	1	109	240	2007	4677
1763	1	0	115	272	2008	50161
1764	1	1	119	246	2006	9076
1765	1	1	122	238	2007	2748
1766	1	1	89	281	2006	15954
1767	1	0	108	275	2008	5852
1768	2	1	112	257	2003	9753
1769	1	1	112	237	2006	19464
1770	1	1	90	268	2006	3204
1771	1	1	111	0	2008	50173
1772	1	1	93	0	2009	16243
1773	1	0	0	0	2008	9159
1774	2	1	94	275	2005	50737
1775	1	1	104	277	2005	0
1776	1	1	93	272	2007	9793
1777	1	1	0	257	2006	26544
1778	1	0	122	236	2007	3853
1779	4	0	0	0	0	0
1780	1	1	111	268	2006	19861
1781	1	1	109	272	2008	9372
1782	1	1	0	236	2006	15925
1783	1	1	105	255	2006	23331
1784	1	1	106	276	2009	17423
1785	1	1	111	241	2006	9472
1786	1	1	107	268	2009	9727
1787	1	1	100	250	2007	4297
1788	1	0	0	0	0	0
1789	1	1	112	244	2006	16265
1790	1	0	0	253	0	0
1791	1	0	0	0	0	0
1792	1	1	115	250	2006	9787
1793	1	1	93	272	2007	50616
1794	1	1	111	272	2008	1389
1795	1	1	93	257	2009	51901
1796	1	1	93	278	2008	4655
1797	1	1	114	271	2007	21412
1798	1	1	123	252	2006	9544
1799	1	1	112	0	2008	571
1800	1	1	119	257	2005	6400
1801	2	1	106	251	2005	9780
1802	2	1	0	272	2004	15938
1803	2	1	87	277	2005	4597
1804	1	1	121	272	2006	6500
1805	1	1	117	0	2008	3655
1806	1	1	111	253	2007	19841
1807	1	1	99	255	2007	50906
1808	1	0	94	281	2008	0
1809	5	0	0	0	0	0
1810	1	0	113	0	2007	25762
1811	1	1	122	279	0	0
1812	2	1	119	272	2004	9567
1813	1	0	0	0	0	0
1814	1	1	88	260	2007	0
1815	2	1	115	257	2005	51090
1816	1	1	93	260	2006	0
1817	1	1	0	235	2007	50129
1818	1	1	93	236	2007	10492
1819	2	1	0	255	2005	15938
1820	1	1	117	241	2008	20811
1821	2	1	120	245	2004	9283
1822	1	1	94	0	2009	20840
1823	1	1	93	246	2007	9703
1824	1	1	0	277	0	3172
1825	1	1	121	250	2006	52104
1826	2	1	0	236	2005	25179
1827	1	1	100	272	2008	3080
1828	1	1	115	0	2009	25794
1829	2	1	105	261	2004	0
1830	1	1	89	274	2007	8893
1831	1	1	112	259	2006	23072
1832	1	1	92	0	2009	8840
1833	1	1	90	257	2006	21478
1834	1	1	119	253	2007	9826
1835	2	1	92	261	2004	5979
1836	1	1	122	0	2009	25093
1837	2	1	115	259	2005	25280
1838	1	1	89	253	2008	51210
1839	1	1	91	238	2006	9318
1840	1	1	113	272	2007	17211
1841	2	1	0	254	0	50240
1842	1	2	92	272	2007	16120
1843	1	1	113	0	2008	25044
1844	1	1	116	236	2005	50737
1845	1	0	0	0	0	0
1846	1	1	93	0	2009	9530
1847	1	1	92	259	2008	25180
1848	1	1	119	272	2008	16010
1849	1	1	87	253	2008	3591
1850	1	1	122	257	2008	50963
1851	1	1	119	257	2006	50173
1852	1	1	97	0	2009	50344
1853	1	1	88	265	2006	21781
1854	2	1	107	236	2005	25723
1855	2	1	115	259	2003	6766
1856	2	1	91	244	2005	52480
1857	1	1	89	0	2009	17717
1858	1	1	122	242	2008	5160
1859	1	1	0	272	0	17561
1860	2	1	93	264	2005	15368
1861	1	1	93	257	2008	16424
1862	1	1	111	251	2007	50582
1863	1	1	121	236	2006	50407
1864	2	1	97	255	2004	17431
1865	1	1	115	257	2006	9726
1866	1	1	97	0	2008	6399
1867	1	1	88	250	2006	17138
1868	1	1	105	0	0	17242
1869	1	1	108	272	2009	50963
1870	2	1	0	250	2004	3548
1871	1	1	90	237	2008	50630
1872	1	1	87	242	2007	0
1873	1	1	115	272	2009	17636
1874	1	1	108	277	2009	9489
1875	1	1	119	269	2006	16176
1876	1	1	0	246	2008	0
1877	3	1	0	0	0	0
1878	1	1	116	241	2009	20327
1879	1	1	93	243	2009	16794
1880	1	1	113	0	2008	8906
1881	2	1	0	237	2005	15903
1882	1	1	0	241	2008	0
1883	1	1	115	259	2007	16010
1884	1	1	111	277	2008	9624
1885	1	1	95	250	2008	9768
1886	1	1	109	250	2007	23942
1887	1	1	121	237	2007	6968
1888	1	1	99	268	2007	5040
1889	1	1	102	275	2008	23828
1890	1	1	119	257	2007	7714
1891	2	1	0	270	2005	9720
1892	1	1	105	253	2009	0
1893	1	1	92	240	2006	9492
1894	2	1	0	275	2005	50137
1895	1	1	94	252	2006	0
1896	1	1	87	272	2008	52111
1897	1	1	93	241	2006	25664
1898	1	1	99	257	2007	21566
1899	2	1	110	279	2005	3611
1900	1	1	97	255	0	3570
1901	1	1	88	272	2006	17115
1902	1	1	97	239	2008	6278
1903	1	1	91	257	2006	17658
1904	2	1	104	245	2005	16383
1905	1	1	122	255	2008	51367
1906	1	1	93	279	2009	51780
1907	1	1	0	260	2007	16889
1908	1	1	123	268	2008	2682
1909	1	1	111	0	2008	9382
1910	1	1	99	252	2009	4381
1911	2	2	0	278	0	0
1912	2	1	100	0	2004	0
1913	1	1	110	252	2007	260
1914	1	1	88	0	2009	3576
1915	1	1	102	257	2007	17661
1916	1	1	116	236	2007	0
1917	1	1	117	272	2008	51165
1918	1	1	88	268	2008	9415
1919	1	1	92	241	2009	9487
1920	1	1	121	246	2008	1525
1921	2	1	0	241	2005	6967
1922	1	0	0	0	0	0
1923	1	1	111	0	2008	2696
1924	1	1	121	276	2008	1333
1925	1	0	108	269	2007	19228
1926	1	1	120	0	2008	0
1927	1	1	108	250	2006	9503
1928	1	1	122	0	2009	18109
1929	2	1	105	272	2005	9603
1930	1	1	107	251	2006	50325
1931	1	1	123	244	2008	50303
1932	1	0	0	269	2005	0
1933	2	1	89	257	2003	0
1934	2	1	106	250	2004	55100
1935	2	0	123	265	2005	51509
1936	1	1	99	257	2007	51129
1937	1	1	108	0	2008	11321
1938	1	1	123	241	2009	0
1939	1	1	92	251	2007	17761
1940	1	1	0	257	2007	17329
1941	1	1	114	273	2007	16396
1942	2	1	0	250	2005	9503
1943	1	1	94	274	2008	9782
1944	2	0	0	269	2005	50152
1945	1	1	88	250	2008	9703
1946	1	1	108	246	2007	4134
1947	2	1	97	265	2005	8235
1948	1	1	106	259	2005	7168
1949	1	1	114	255	2007	11880
1950	1	1	90	241	2006	20891
1951	1	1	120	253	2005	3568
1952	1	1	93	236	2007	823
1953	1	1	122	257	2005	0
1954	2	1	106	272	2005	15903
1955	2	1	95	254	2005	50229
1956	2	0	0	0	0	0
1957	1	1	0	272	2008	51552
1958	2	1	0	265	2005	0
1959	1	1	99	272	2007	50492
1960	1	1	122	272	2008	51985
1961	2	1	121	252	2005	21817
1962	1	1	119	236	2006	26753
1963	4	0	0	0	0	0
1964	1	1	123	275	2007	50036
1965	1	1	92	257	2007	9498
1966	1	1	117	259	2007	9343
1967	1	1	94	275	2006	3519
1968	1	1	99	259	2006	25466
1969	1	0	119	265	2008	17115
1970	1	1	92	250	2006	25084
1971	1	1	92	0	2009	17862
1972	1	1	114	260	2007	16424
1973	1	1	89	0	2008	19975
1974	1	1	121	272	2006	17049
1975	1	1	0	236	2007	9592
1976	2	1	0	257	2004	19254
1977	1	1	92	267	2008	16068
1978	1	1	0	236	2007	16230
1979	2	0	106	259	2005	19608
1980	1	1	117	241	2008	9703
1981	1	1	112	240	2006	16805
1982	1	1	0	255	2006	25002
1983	1	1	114	0	2008	3602
1984	1	1	97	275	2008	2900
1985	1	1	95	259	2006	19971
1986	3	0	116	238	0	0
1987	1	1	112	277	2009	17763
1988	1	1	123	269	2006	6138
1989	1	1	99	278	2006	23605
1990	1	1	121	257	2007	2248
1991	1	1	117	241	2008	5477
1992	1	1	97	236	2007	50333
1993	2	1	88	276	2005	1938
1994	1	1	92	249	2008	8968
1995	1	1	105	253	2007	17786
1996	1	1	112	241	2008	19660
1997	2	1	91	240	2005	51053
1998	1	0	98	251	2005	51509
1999	1	1	90	268	2006	3701
2000	2	1	96	242	2005	3622
2001	1	1	93	279	2007	0
2002	1	1	100	268	2006	52103
2003	0	0	0	0	0	0
2004	1	1	0	250	2007	842
2005	2	1	0	237	2005	6121
2006	2	1	91	257	2005	50133
2007	1	1	93	272	2007	8960
2008	1	1	113	269	2007	50710
2009	1	1	123	253	2007	21140
2010	1	1	95	254	2007	0
2011	1	0	0	0	0	0
2012	1	1	122	268	2009	9496
2013	1	1	123	253	2006	50498
2014	1	0	0	0	0	0
2015	1	1	89	252	2006	16761
2016	1	1	123	272	2008	51467
2017	2	1	91	251	2005	52465
2018	1	0	112	0	2007	25278
2019	1	1	120	277	2007	9071
2020	1	1	122	279	2007	16761
2021	2	1	0	272	2005	9701
2022	1	0	0	0	0	0
2023	1	1	95	272	2008	7694
2024	1	1	87	253	2006	6453
2025	1	1	115	250	2007	9581
2026	1	1	108	251	2007	0
2027	1	1	105	255	2007	17083
2028	2	1	0	275	2005	3601
2029	1	1	0	240	2007	0
2030	1	1	116	272	2006	2397
2031	2	1	0	260	2005	51614
2032	1	1	119	246	2007	21214
2033	1	1	105	253	2006	25825
2034	1	1	88	236	2007	9698
2035	1	1	0	257	2008	16791
2036	1	1	99	235	2006	16455
2037	2	0	121	236	2005	51317
2038	1	1	115	268	2005	15989
2039	1	1	0	268	2008	50074
2040	2	1	0	268	2005	25393
2041	1	1	117	245	2006	8944
2042	1	1	116	277	2008	50629
2043	2	1	108	268	2005	17479
2044	1	0	0	0	0	0
2045	2	1	102	257	2003	10569
2046	1	1	93	272	2009	16383
2047	1	1	107	238	2009	50006
2048	1	1	117	244	2008	50929
2049	2	0	91	235	2005	0
2050	1	1	91	268	2006	0
2051	1	1	88	267	2008	25022
2052	1	1	97	0	2008	9046
2053	1	1	113	260	2008	23143
2054	2	0	108	252	2005	0
2055	1	1	97	275	2007	9077
2056	2	1	92	242	2003	0
2057	1	1	121	257	2008	21214
2058	1	1	121	0	2009	3599
2059	1	1	115	250	2006	0
2060	1	1	109	272	2009	51938
2061	1	1	121	272	2007	9704
2062	1	1	109	272	2009	0
2063	1	1	100	241	2008	50737
2064	1	1	109	259	2007	50911
2065	1	1	91	261	2006	2054
2066	1	1	122	272	2006	9321
2067	1	1	112	275	2006	819
2068	1	1	122	237	2009	9414
2069	1	0	0	0	0	0
2070	2	1	117	278	2005	9643
2071	1	1	117	241	2008	2701
2072	1	1	110	276	2007	758
2073	1	1	111	257	2009	17914
2074	1	1	88	283	2007	1384
2075	1	1	111	254	2007	5477
2076	1	1	111	252	2007	18230
2077	1	1	113	268	2006	50779
2078	1	1	0	260	2007	3570
2079	1	1	105	241	2008	6408
2080	1	1	115	278	0	50511
2081	2	1	99	253	2005	6942
2082	1	1	126	257	2006	15878
2083	1	1	0	0	2009	17658
2084	1	1	92	260	2006	51804
2085	1	1	99	268	2007	8960
2086	1	1	112	257	2007	17454
2087	1	1	99	250	2005	54886
2088	1	1	88	0	2009	50188
2089	1	1	122	279	2007	9690
2090	1	1	96	267	2008	50666
2091	0	1	113	0	2008	0
2092	1	1	94	244	2008	0
2093	2	1	115	257	2003	25927
2094	1	1	87	259	2006	3506
2095	1	0	114	253	0	9614
2096	1	0	116	237	0	0
2097	1	1	116	272	2007	55554
2098	1	1	107	268	2007	0
2099	1	1	89	250	2007	15959
2100	1	1	118	268	2006	842
2101	2	1	0	277	2004	17636
2102	1	1	110	267	2006	0
2103	1	1	107	0	2009	51780
2104	1	1	94	251	2008	52321
2105	1	1	90	265	2008	13247
2106	1	1	102	242	2008	50111
2107	1	0	0	259	2008	16104
2108	1	1	110	281	2009	50293
2109	2	1	115	252	2005	18113
2110	2	1	111	0	2008	3678
2111	1	0	0	279	2009	0
2112	1	1	97	272	2009	0
2113	1	1	97	244	2006	9530
2114	2	1	94	277	2003	17352
2115	1	1	106	0	2008	9324
2116	1	0	87	0	2006	530
2117	1	1	89	0	2009	9318
2118	1	1	0	267	2007	25011
2119	1	1	119	259	2008	9712
2120	1	0	0	0	2006	51199
2121	1	1	106	250	2006	52103
2122	1	1	105	236	2009	0
2123	1	1	106	250	2007	53132
2124	1	1	100	257	2008	16464
2125	1	1	105	278	2008	21730
2126	1	1	0	238	2006	9698
2127	1	0	111	265	2008	9780
2128	1	1	93	251	2007	4143
2129	1	1	99	257	2007	0
2130	1	1	108	257	2009	9382
2131	1	1	100	257	2008	16157
2132	1	1	108	251	2006	9762
2133	1	1	92	241	2007	22258
2134	2	1	119	236	2005	25049
2135	1	1	112	253	2008	9753
2136	1	1	112	241	2007	17287
2137	1	1	108	0	2009	50813
2138	1	1	88	257	2007	9212
2139	1	0	0	0	0	0
2140	1	1	113	236	2007	0
2141	1	1	100	250	2007	2337
2142	1	1	116	237	2007	17786
2143	1	1	100	274	2007	50483
2144	1	0	112	0	0	50184
2145	1	1	110	253	2009	3607
2146	1	1	94	252	2008	0
2147	1	0	106	236	2008	10937
2148	1	1	105	244	2007	13240
2149	1	1	111	250	2008	51849
2150	1	1	0	236	0	0
2151	1	1	121	0	2008	16866
2152	1	1	89	242	2008	50415
2153	1	1	106	252	2009	17319
2154	1	1	88	240	2006	51596
2155	1	1	92	0	2009	50117
2156	1	1	110	253	2008	0
2157	1	1	92	257	2005	17573
2158	1	1	87	259	2007	50511
2159	1	0	0	246	2005	51635
2160	2	1	96	248	2005	50156
2161	1	1	115	242	2008	10985
2162	1	1	106	259	2006	52195
2163	1	1	111	260	2006	16727
2164	1	1	88	254	2006	5880
2165	1	0	104	236	2008	50022
2166	2	1	110	249	2005	16227
2167	1	1	104	253	2008	16068
2168	1	1	97	250	2006	9258
2169	1	1	88	257	2006	17908
2170	1	1	106	238	2008	18077
2171	1	1	97	253	2008	17203
2172	1	1	89	241	2008	0
2173	1	1	90	279	2006	9773
2174	1	1	114	257	2008	9563
2175	1	1	0	265	2008	26168
2176	2	1	102	250	2005	0
2177	1	1	100	272	2008	17789
2178	2	1	114	257	2005	50944
2179	2	1	107	260	2005	9640
2180	1	1	109	272	2006	25825
2181	1	1	118	248	2006	25008
2182	1	1	102	242	2008	21653
2183	1	1	106	0	2009	24930
2184	1	1	115	241	2007	9321
2185	1	1	107	259	2006	17908
2186	2	1	107	268	2005	17060
2187	2	1	97	276	2005	0
2188	1	1	107	257	2007	18173
2189	2	0	107	257	2005	18134
2190	1	1	99	268	2007	16274
2191	1	1	123	253	2007	0
2192	1	1	114	241	2007	25280
2193	2	1	109	272	2005	50438
2194	1	1	97	276	2006	24037
2195	2	1	105	246	2005	16758
2196	1	1	123	250	2006	9108
2197	1	1	0	272	0	19660
2198	1	1	112	268	2009	1031
2199	1	1	0	253	2006	3677
2200	1	1	0	260	2008	25121
2201	1	1	92	248	2007	17294
2202	2	1	0	259	2005	54927
2203	2	0	0	0	0	0
2204	1	1	94	253	2007	52823
2205	1	1	0	238	2006	25797
2206	2	1	99	250	2005	51007
2207	2	1	121	241	2005	53092
2208	1	1	100	250	2007	8617
2209	1	0	118	0	0	0
2210	1	1	91	270	2006	21849
2211	1	1	111	276	2009	9778
2212	1	0	105	279	2007	51450
2213	1	1	98	278	2006	9614
2214	1	1	107	280	2009	2900
2215	1	1	119	253	2008	3509
2216	1	1	112	250	2007	2599
2217	1	1	102	260	2009	9671
2218	1	1	87	237	0	0
2219	3	2	0	253	0	0
2220	1	1	122	275	2008	50595
2221	1	1	110	0	2009	2422
2222	1	1	111	241	0	19323
2223	1	1	114	257	2006	21155
2224	1	1	88	259	2008	50335
2225	1	1	119	254	2006	19744
2226	1	1	92	260	2009	17454
2227	1	0	0	0	0	0
2228	1	1	104	257	2006	17934
2229	1	1	92	250	2007	50178
2230	1	1	110	260	2008	25869
2231	2	0	0	0	0	0
2232	1	1	116	0	2008	22223
2233	2	1	110	244	2005	53336
2234	1	1	113	0	2008	17264
2235	1	0	116	275	2008	9313
2236	1	1	88	279	2007	17227
2237	2	1	88	251	2005	3681
2238	1	1	107	268	2007	11283
2239	1	1	107	268	2008	25073
2240	1	1	120	0	2008	6447
2241	1	1	117	252	2009	51478
2242	1	1	107	269	2007	0
2243	1	1	99	268	2006	3762
2244	1	1	97	257	2008	20838
2245	1	1	97	272	2008	50340
2246	1	1	105	272	2009	8824
2247	1	1	106	239	2009	9422
2248	2	1	106	272	2005	24984
2249	1	0	115	0	2006	25425
2250	2	1	91	241	2005	50547
2251	1	1	109	282	2008	18135
2252	3	0	0	246	0	0
2253	1	0	0	0	0	0
2254	1	1	121	0	2008	18073
2255	1	1	90	257	2009	3749
2256	1	1	0	254	2006	9434
2257	2	1	111	239	2005	25086
2258	2	1	105	280	2004	3041
2259	2	1	90	236	2004	16969
2260	2	1	123	279	2005	19674
2261	1	1	112	272	2006	9831
2262	1	1	111	0	2009	9495
2263	1	1	107	237	2006	50975
2264	1	1	111	0	0	9343
2265	3	0	115	241	0	0
2266	1	1	112	0	2008	50909
2267	1	1	109	257	2008	9094
2268	1	1	122	275	2007	50100
2269	1	1	106	244	2009	17863
2270	1	1	113	257	2005	53756
2271	1	1	99	0	2009	50099
2272	1	1	102	251	2006	9778
2273	1	1	102	257	2009	11321
2274	1	0	0	0	0	0
2275	1	1	117	250	2006	50111
2276	1	0	106	268	2006	17949
2277	1	1	123	247	2009	20935
2278	1	1	88	256	2006	52957
2279	1	0	112	269	2007	0
2280	1	1	102	253	2006	3681
2281	1	1	97	268	2008	9318
2282	1	1	110	261	2008	3751
2283	2	1	99	268	2005	9460
2284	1	1	111	0	2008	9587
2285	1	1	100	253	2008	0
2286	2	1	99	257	2005	5192
2287	1	1	117	272	2008	8828
2288	2	1	109	275	2005	25678
2289	1	1	102	254	2006	9540
2290	1	0	89	0	2009	55692
2291	1	0	0	270	0	55161
2292	1	1	122	257	2006	3058
2293	1	1	117	0	2009	22353
2294	1	1	93	257	2009	25180
2295	1	1	0	237	2006	17908
2296	1	1	106	252	2008	2477
2297	1	1	104	241	2006	51227
2298	1	1	109	0	2009	17980
2299	2	1	87	257	2005	50985
2300	1	1	108	248	2009	9308
2301	2	1	92	257	2005	50786
2302	1	1	108	252	2005	0
2303	1	1	94	281	2008	0
2304	4	2	0	237	0	0
2305	1	1	108	250	2009	9618
2306	1	1	108	255	2009	2177
2307	1	1	114	257	2006	50431
2308	1	1	105	257	2008	50722
2309	2	1	0	257	2005	53385
2310	1	1	112	241	2008	377
2311	1	0	99	257	2006	50300
2312	1	1	115	277	2007	5203
2313	1	1	117	252	2006	24534
2314	2	1	100	257	2003	18015
2315	2	0	0	272	2005	0
2316	1	1	106	276	2007	9798
2317	1	1	98	257	2006	20026
2318	1	1	90	0	2008	8898
2319	2	1	0	0	2005	9768
2320	1	1	111	278	2008	50233
2321	1	1	93	0	2008	50818
2322	1	1	100	257	2006	9610
2323	1	2	0	268	0	51081
2324	1	1	102	242	0	9792
2325	1	1	108	237	2009	6400
2326	1	1	0	0	2007	21219
2327	1	1	0	268	2008	0
2328	1	0	104	0	2007	17863
2329	1	1	0	273	2006	3171
2330	1	1	111	0	0	9318
2331	1	1	121	272	2007	50020
2332	2	1	102	275	2004	3651
2333	1	1	94	257	2007	17380
2334	2	1	89	272	2005	50133
2335	1	0	0	237	0	16268
2336	1	1	90	267	2008	3564
2337	1	1	92	247	2008	0
2338	1	1	107	241	2006	22234
2339	1	1	102	253	2006	9640
2340	1	1	116	257	2006	6791
2341	1	1	89	259	2006	9768
2342	1	1	103	253	2007	50315
2343	2	0	0	0	0	0
2344	1	1	106	257	2007	51406
2345	1	0	105	275	2006	0
2346	1	1	87	274	2006	16758
2347	1	1	119	270	2007	50588
2348	1	1	93	245	2007	17746
2349	1	1	97	240	2009	0
2350	1	1	115	257	2007	50241
2351	2	1	114	237	2004	50074
2352	1	1	110	268	2006	8187
2353	1	1	104	237	2007	0
2354	1	1	106	257	0	20616
2355	1	1	102	276	2007	9334
2356	1	1	93	272	2008	4568
2357	1	0	100	259	2006	9592
2358	2	1	98	236	2004	3749
2359	2	1	93	238	2005	50487
2360	5	1	108	272	2005	50138
2361	1	1	92	241	2009	18047
2362	1	1	108	253	2007	0
2363	1	2	107	246	2007	50173
2364	1	1	89	272	2008	16159
2365	1	1	93	272	2008	50164
2366	1	1	98	260	2006	53430
2367	2	1	111	277	2004	17264
2368	1	0	97	261	2007	9690
2369	1	0	0	0	0	0
2370	2	1	118	259	2005	9382
2371	1	1	0	0	2007	50612
2372	1	1	114	237	2009	52104
2373	1	1	109	0	2009	25022
2374	1	1	106	250	2006	4365
2375	2	1	91	250	2005	0
2376	1	1	99	253	2006	0
2377	1	1	122	253	2007	2152
2378	1	1	116	272	2006	50151
2379	1	1	117	238	2007	0
2380	1	1	0	261	2006	0
2381	1	0	0	0	0	0
2382	1	1	110	284	2008	17786
2383	1	1	99	236	2007	2505
2384	1	1	99	250	2008	3007
2385	1	1	102	260	2008	9887
2386	1	1	0	253	0	0
2387	2	1	97	240	2004	24634
2388	1	1	0	250	2005	0
2389	1	1	0	277	2006	0
2390	1	1	97	254	2008	50202
2391	1	1	122	251	2008	2900
2392	1	1	123	272	2009	22250
2393	1	1	99	257	2009	694
2394	1	0	120	260	2008	21621
2395	1	1	100	237	2009	3604
2396	1	1	0	251	2008	50325
2397	1	1	122	247	2008	24999
2398	1	1	89	241	2008	15943
2399	1	1	89	237	2009	21196
2400	1	1	122	259	2009	50909
2401	1	1	117	260	2008	50982
2402	2	1	116	273	2005	0
2403	1	1	121	257	2008	51399
2404	1	1	123	266	2009	15903
2405	1	1	122	0	2009	2817
2406	1	1	93	240	2006	8947
2407	1	1	92	0	2009	23341
2408	1	1	111	0	2009	9343
2409	1	1	121	240	2008	9434
2410	1	1	121	275	2008	9382
2411	1	1	107	246	2007	51399
2412	2	1	87	250	2005	21156
2413	2	1	91	241	2005	20478
2414	1	1	99	253	2007	4905
2415	1	1	108	262	2008	18230
2416	2	1	0	242	2005	9366
2417	1	1	0	237	2006	8759
2418	2	1	106	250	2004	17604
2419	1	1	94	264	2008	50333
2420	1	1	114	248	2008	52701
2421	1	1	88	260	2009	6942
2422	1	1	108	251	2006	15926
2423	1	1	117	0	2009	16503
2424	1	1	103	269	2007	18555
2425	1	1	123	0	2008	16396
2426	1	1	122	250	2008	50182
2427	2	1	108	257	2005	53001
2428	1	0	119	0	0	52125
2429	1	1	109	259	2006	3755
2430	4	0	0	0	0	0
2431	2	1	105	260	2005	25490
2432	1	1	0	251	2008	50161
2433	1	1	107	277	2009	17658
2434	1	0	0	0	0	0
2435	1	1	110	261	2006	9736
2436	1	0	116	270	2007	9382
2437	1	1	107	241	2008	2491
2438	1	1	110	274	2007	20763
2439	2	1	115	272	2005	17969
2440	2	1	98	257	2005	17836
2441	1	1	87	257	2008	16420
2442	1	1	91	276	2006	0
2443	1	1	87	251	2008	0
2444	2	1	107	252	2005	1380
2445	1	1	114	0	2009	17349
2446	1	1	94	0	2008	51125
2447	1	1	119	0	2009	9768
2448	1	1	89	236	2008	50737
2449	1	1	97	279	2007	0
2450	1	1	113	280	2006	25825
2451	1	1	108	257	2006	16473
2452	1	1	105	281	2009	57423
2453	1	1	117	251	2005	3751
2454	2	1	123	253	2005	3576
2455	2	1	88	259	2004	0
2456	1	1	112	246	2009	0
2457	2	1	97	257	2005	0
2458	1	1	0	236	2006	0
2459	1	1	117	257	2008	20351
2460	1	0	0	0	0	0
2461	1	1	115	0	2009	8112
2462	1	0	106	241	2006	9472
2463	1	1	89	262	2008	15876
2464	1	1	110	278	2007	26506
2465	1	1	89	280	2008	3680
2466	1	0	99	251	2006	50293
2467	1	1	112	250	2007	0
2468	1	1	90	242	2008	15945
2469	1	1	107	265	2006	3739
2470	1	1	111	261	2007	0
2471	1	1	94	237	2007	51509
2472	1	1	97	248	2009	0
2473	1	1	100	257	2006	3967
2474	2	1	110	237	2005	10119
2475	1	1	123	265	2008	3638
2476	2	0	0	0	0	0
2477	1	1	117	0	2009	17040
2478	1	1	121	0	2009	9688
2479	1	1	97	259	0	2792
2480	1	0	88	257	2006	20900
2481	1	1	87	241	2008	2561
2482	2	1	91	272	2005	51895
2483	1	1	93	0	2009	0
2484	1	1	90	0	2008	9312
2485	1	1	98	277	2006	9712
2486	1	1	94	0	2009	2903
2487	1	1	87	241	2009	50398
2488	1	1	97	0	2009	6674
2489	1	1	0	267	2007	16889
2490	1	1	109	250	2007	3840
2491	2	1	123	265	2005	50369
2492	1	1	122	272	2006	4212
2493	1	1	122	252	2008	50104
2494	1	0	97	0	0	16864
2495	1	1	102	241	2006	21462
2496	1	0	112	257	2005	16749
2497	1	1	110	252	2008	9443
2498	1	1	123	248	2006	22827
2499	1	1	90	257	2007	20763
2500	2	1	123	269	2005	18993
2501	1	1	107	236	2007	2881
2502	1	1	100	257	2006	1311
2503	1	0	122	272	2006	25008
2504	1	1	100	257	2008	3597
2505	1	1	0	259	0	0
2506	1	1	0	267	2006	0
2507	1	1	109	265	2006	17796
2508	1	1	106	241	2006	51058
2509	1	1	106	253	2008	51183
2510	2	1	91	270	2005	17324
2511	1	1	90	257	2007	52406
2512	1	1	112	242	2006	22256
2513	1	1	115	257	2007	0
2514	2	1	99	259	2005	16551
2515	1	1	89	240	2006	20907
2516	2	1	0	272	2005	16168
2517	1	1	92	257	2006	16327
2518	1	1	114	265	2009	52770
2519	1	1	87	0	2009	9720
2520	1	1	108	257	2007	0
2521	1	1	108	241	2008	50709
2522	1	1	97	252	2007	51235
2523	1	1	100	257	2005	9410
2524	1	1	92	0	2009	25723
2525	2	1	104	272	2005	16077
2526	1	2	101	236	2010	0
2527	1	1	87	244	2008	51090
2528	1	1	0	260	0	0
2529	1	0	0	235	2007	50210
2530	1	1	111	278	2007	4568
2531	2	1	100	242	2005	0
2532	1	0	101	236	0	0
2533	1	1	97	270	2007	9769
2534	1	1	92	261	2006	3593
2535	1	1	106	253	2006	57885
2536	3	1	108	252	0	50017
2537	1	1	110	259	2007	50823
2538	1	1	119	253	2009	21029
2539	1	1	106	250	2007	6893
2540	1	1	121	0	2009	4212
2541	1	1	119	270	2006	15934
2542	1	1	99	272	2008	9611
2543	1	1	104	272	2007	50024
2544	1	1	97	257	2009	51780
2545	2	1	109	250	2004	50020
2546	2	0	0	0	0	0
2547	1	1	97	0	2008	16356
2548	1	1	121	253	2009	9223
2549	1	1	115	0	2008	7693
2550	1	1	106	241	2009	11099
2551	1	0	0	0	0	0
2552	1	1	108	270	2008	21581
2553	1	1	94	0	2008	50042
2554	1	1	98	254	2006	18070
2555	2	1	119	255	2005	15244
2556	1	1	105	265	2006	1560
2557	1	1	120	281	2009	51942
2558	1	1	112	0	2008	51930
2559	1	1	116	259	2006	0
2560	1	1	90	238	2009	0
2561	1	0	101	253	2006	9614
2562	2	1	115	257	2005	16390
2563	1	1	117	257	2009	8133
2564	1	0	0	0	0	0
2565	2	1	0	277	2004	58346
2566	2	0	0	246	2004	0
2567	1	1	111	250	2006	0
2568	1	1	116	252	2007	50122
2569	1	1	93	257	2007	24934
2570	1	1	88	278	2007	0
2571	1	1	105	279	2006	8939
2572	1	1	96	259	2005	9324
2573	2	1	0	253	2005	0
2574	1	1	116	257	2008	1322
2575	1	1	94	250	2007	50191
2576	1	1	0	247	0	50944
2577	1	1	92	257	2006	389
2578	1	1	93	272	2006	4031
2579	1	1	92	257	2008	24038
2580	2	1	0	247	2005	9316
2581	1	1	116	268	2006	25672
2582	2	1	93	236	2005	50534
2583	1	1	96	274	2006	666
2584	1	0	0	0	0	0
2585	1	1	97	0	0	9530
2586	1	1	89	239	2006	4680
2587	1	1	108	257	2008	9872
2588	2	1	111	257	2005	17645
2589	2	1	99	250	2004	51836
2590	1	1	107	253	2009	23994
2591	1	1	100	257	2006	4954
2592	1	1	112	257	2004	0
2593	1	1	115	257	2005	1912
2594	1	1	91	268	2005	17454
2595	1	1	122	0	2008	15953
2596	1	1	120	253	2007	50321
2597	1	1	119	259	2006	16451
2598	1	1	93	240	2007	8986
2599	1	0	0	257	2007	0
2600	2	1	119	241	2005	25014
2601	1	0	88	245	0	51071
2602	1	1	92	261	2009	7130
2603	2	1	119	242	2003	9313
2604	1	1	111	252	2008	9570
2605	1	1	113	269	2006	23341
2606	1	1	89	270	2006	1694
2607	1	1	120	269	2007	17018
2608	1	1	117	259	2007	3707
2609	2	1	92	277	2005	52783
2610	1	1	90	253	2009	50792
2611	2	1	0	251	0	26237
2612	1	1	100	273	2006	21580
2613	1	1	123	260	2008	17115
2614	1	1	112	260	2006	1272
2615	1	1	106	259	2006	50383
2616	1	1	87	260	2008	50737
2617	1	1	97	0	2009	50052
2618	1	1	123	278	2009	17383
2619	1	1	93	241	2008	16338
2620	2	1	0	259	2005	12283
2621	1	1	107	250	2006	51236
2622	2	1	108	257	2004	26488
2623	1	1	114	259	2007	17099
2624	2	1	110	257	2005	50221
2625	1	1	90	252	2008	3550
2626	1	1	108	257	2008	18366
2627	1	1	113	0	2008	2452
2628	1	1	89	0	2009	2322
2629	2	1	116	236	2005	9704
2630	1	1	110	255	2007	9443
2631	1	1	121	259	2007	3556
2632	1	1	0	236	2007	52105
2633	2	0	88	253	2005	0
2634	2	1	0	272	2005	9655
2635	1	1	108	240	2006	3684
2636	1	1	99	277	2006	9610
2637	2	1	102	0	2004	4365
2638	1	1	100	245	2006	0
2639	1	1	117	244	2006	23308
2640	1	1	108	277	2008	50091
2641	1	1	100	0	2007	23105
2642	2	1	0	0	2004	9614
2643	1	1	109	267	2008	4365
2644	1	1	97	257	2006	0
2645	1	1	115	268	2006	22223
2646	1	1	119	257	2007	0
2647	1	1	100	268	2009	3762
2648	1	0	0	0	0	0
2649	2	1	109	241	2003	22237
2650	1	1	0	251	2008	3670
2651	1	1	120	0	2008	3576
2652	1	1	107	277	2006	3546
2653	2	1	90	241	2005	25258
2654	1	1	109	246	2008	9570
2655	1	0	114	245	2008	1725
2656	1	1	107	250	2007	0
2657	1	0	102	240	2008	9831
2658	1	1	113	277	2008	9581
2659	1	1	113	272	2006	0
2660	1	1	111	253	2007	1274
2661	1	1	92	250	2007	19776
2662	1	1	121	252	0	50111
2663	1	1	87	257	2008	21398
2664	1	1	91	257	2006	21606
2665	1	1	112	241	2008	51449
2666	1	0	104	252	2008	0
2667	1	1	115	236	2006	6154
2668	1	1	114	253	2006	0
2669	1	1	99	278	2007	51125
2670	2	1	100	252	2005	601
2671	1	1	98	279	2006	8114
2672	1	1	87	255	2007	19885
2673	1	1	92	251	2007	0
2674	2	1	115	257	2005	8375
2675	1	1	117	0	2008	16368
2676	1	1	121	268	2009	2951
2677	1	1	0	276	2006	20731
2678	1	1	0	272	2008	17548
2679	1	1	0	257	0	0
2680	1	1	87	277	2008	2228
2681	1	0	0	0	0	0
2682	2	1	109	272	2005	9736
2683	3	1	0	267	0	0
2684	1	1	117	245	2008	50143
2685	1	1	116	257	2006	50225
2686	2	1	121	265	2005	8820
2687	1	1	88	257	2008	50511
2688	2	1	106	250	2003	0
2689	1	1	123	257	2007	9498
2690	1	1	97	251	2009	51780
2691	2	1	91	265	2005	51008
2692	1	1	107	257	2006	0
2693	1	1	109	0	2009	50509
2694	2	1	95	267	2004	10124
2695	1	1	94	0	2009	9516
2696	2	1	0	272	2005	6139
2697	1	1	110	269	2007	17649
2698	1	0	0	0	0	0
2699	1	1	94	272	2007	50963
2700	1	1	117	237	2009	9319
2701	1	1	100	248	2007	3568
2702	1	1	92	257	2008	55262
2703	1	1	121	257	2006	25550
2704	2	1	93	253	2005	0
2705	1	1	120	252	2007	50230
2706	1	1	105	259	2006	9477
2707	1	1	111	272	2006	9671
2708	1	1	0	257	2007	0
2709	1	1	89	0	2009	56741
2710	1	1	0	271	2006	16261
2711	5	1	0	273	0	0
2712	1	1	113	253	2008	9614
2713	1	1	120	279	2008	50610
2714	1	0	90	269	2006	15903
2715	1	1	113	251	2009	57199
2716	1	1	108	257	2009	9753
2717	1	1	0	272	2007	9769
2718	1	1	97	251	2006	9492
2719	1	0	97	250	0	0
2720	5	1	0	240	0	2805
2721	1	1	94	250	2006	53982
2722	1	1	0	250	2007	0
2723	2	1	0	264	2005	0
2724	2	1	97	236	2005	50152
2725	1	0	118	255	2007	22260
2726	2	1	0	272	2005	50763
2727	1	1	115	240	2009	54518
2728	1	0	0	0	0	0
2729	1	1	97	257	2007	0
2730	1	1	108	246	2008	9427
2731	1	1	92	253	2009	19443
2732	1	0	96	0	2008	0
2733	1	1	112	0	2008	3749
2734	2	0	0	0	0	0
2735	1	1	0	246	2007	0
2736	1	1	94	259	2008	5221
2737	1	1	114	241	2006	25825
2738	2	1	90	275	2005	9603
2739	1	1	87	0	2008	50025
2740	1	1	96	250	2009	17681
2741	1	1	87	257	2009	52111
2742	1	1	112	241	2009	9776
2743	1	1	113	249	2006	9513
2744	1	1	122	271	2007	20364
2745	1	1	109	272	2008	9415
2746	2	1	87	277	2005	9748
2747	2	1	105	245	2004	3548
2748	2	1	119	243	2005	6399
2749	1	1	116	241	2006	3159
2750	2	1	123	277	2005	50975
2751	1	1	108	273	2009	9385
2752	2	1	93	250	2005	51427
2753	1	1	110	241	2008	6139
2754	1	1	93	0	2009	9634
2755	1	1	115	241	0	50375
2756	2	0	0	236	2005	21606
2757	1	1	107	236	2006	17407
2758	1	1	108	272	2006	9351
2759	2	1	108	253	2005	9757
2760	1	1	114	249	2008	51465
2761	1	1	113	0	2008	3416
2762	2	1	88	242	2005	2701
2763	1	1	111	245	2008	50089
2764	1	1	98	272	2006	52783
2765	1	0	0	0	2006	0
2766	2	1	102	250	0	23994
2767	1	1	112	250	2008	3765
2768	1	1	119	253	2008	16445
2769	1	1	0	251	2007	50005
2770	1	1	87	253	2007	0
2771	1	1	99	279	2009	1277
2772	1	1	106	0	2008	7863
2773	3	1	97	255	2007	12334
2774	1	0	0	0	0	0
2775	1	1	93	241	2008	2900
2776	1	2	0	247	0	0
2777	1	1	122	0	2008	8947
2778	1	1	0	250	2007	50708
2779	1	1	91	238	2006	50249
2780	1	1	115	277	2009	9565
2781	2	1	97	278	2005	5644
2782	1	1	0	250	0	0
2783	1	0	116	0	0	0
2784	1	1	115	257	2006	1466
2785	1	0	122	275	2006	0
2786	1	1	111	269	2007	50595
2787	1	1	0	250	2006	4281
2788	1	1	105	257	2008	2849
2789	2	1	108	272	2005	9614
2790	2	1	98	260	2005	50315
2791	1	1	97	268	2006	50864
2792	4	1	0	0	1982	0
2793	1	1	89	257	2008	19939
2794	2	1	0	252	2005	54927
2795	1	1	121	253	2008	3544
2796	1	1	0	0	2008	4134
2797	1	2	99	247	2007	0
2798	1	1	93	269	2007	0
2799	2	1	99	0	2002	0
2800	1	1	109	235	2006	6660
2801	2	1	121	259	2005	2609
2802	1	1	90	260	2006	4233
2803	1	1	0	269	2007	50060
2804	2	0	122	0	2004	3735
2805	2	1	99	279	2005	833
2806	1	0	90	268	2007	17764
2807	1	1	106	257	2006	8670
2808	1	1	120	279	2007	52984
2809	2	1	88	264	2005	11285
2810	1	1	110	250	0	17081
2811	2	1	110	250	2005	52154
2812	1	1	98	257	2006	5003
2813	1	1	110	236	2007	21730
2814	1	1	121	0	2008	0
2815	1	1	105	268	2009	25038
2816	1	0	95	269	2007	3172
2817	1	1	105	277	2008	15958
2818	1	1	95	267	2006	50598
2819	2	1	123	257	2004	16512
2820	2	1	87	259	2005	9755
2821	1	1	119	252	2009	51177
2822	1	1	111	241	2009	9648
2823	1	1	105	255	2008	26355
2824	2	1	0	245	2004	50001
2825	1	1	115	268	2008	50052
2826	1	1	119	253	2007	23828
2827	1	1	119	272	2009	51210
2828	4	0	0	0	0	0
2829	1	1	107	252	2007	9632
2830	1	1	0	268	2008	4462
2831	1	1	0	253	2006	0
2832	2	1	90	244	2005	9327
2833	1	1	119	0	2009	9388
2834	1	0	0	241	2006	0
2835	1	0	88	240	2006	6347
2836	1	1	103	275	2007	16396
2837	1	1	89	0	2009	15912
2838	1	1	117	0	2008	3701
2839	2	1	102	257	2005	51187
2840	1	1	113	0	2009	50344
2841	1	1	92	250	2007	224
2842	1	0	106	247	2009	0
2843	1	1	107	262	2007	0
2844	1	1	90	237	2008	20763
2845	1	1	105	241	2007	52964
2846	1	1	123	251	2007	9384
2847	2	0	105	241	2004	9482
2848	2	1	122	242	2005	51853
2849	5	0	0	0	0	0
2850	1	1	105	244	2009	59498
2851	1	1	105	0	2009	50319
2852	1	0	118	236	2006	50203
2853	1	0	98	268	2006	8910
2854	1	1	88	268	2006	3588
2855	1	1	121	268	2007	15938
2856	1	1	106	260	2009	58818
2857	1	1	109	257	2008	3531
2858	1	1	93	252	2007	9324
2859	1	1	116	257	2007	50073
2860	1	1	106	252	2008	0
2861	1	2	98	267	2010	0
2862	1	1	100	265	2007	9400
2863	1	1	0	277	2006	18652
2864	2	1	111	237	2005	52424
2865	2	1	90	257	2005	0
2866	1	1	102	265	2006	3796
2867	1	1	122	272	2006	17094
2868	1	1	90	269	2008	8905
2869	1	1	94	253	2008	50365
2870	1	1	111	260	2009	9523
2871	1	1	105	236	2007	21514
2872	1	1	108	272	2008	20487
2873	2	1	93	257	2005	50529
2874	1	1	121	260	2007	51731
2875	1	1	105	241	2009	50832
2876	1	0	121	0	0	0
2877	2	1	88	250	2005	3721
2878	1	1	88	279	2006	51002
2879	1	1	89	253	2006	0
2880	1	1	114	0	2008	9318
2881	2	0	0	252	2005	3500
2882	2	1	0	0	0	0
2883	2	1	115	257	2005	9563
2884	1	1	0	272	2006	9762
2885	1	1	119	0	2009	20733
2886	2	1	110	257	2001	3658
2887	1	0	0	0	0	0
2888	1	1	97	0	2009	9592
2889	2	1	101	247	2005	51895
2890	1	1	102	241	2007	50494
2891	1	1	117	278	2006	9487
2892	1	1	117	272	2008	50055
2893	1	1	114	272	2006	16077
2894	2	1	0	237	2005	2381
2895	1	1	88	253	2009	253
2896	2	1	98	245	2005	2674
2897	2	1	102	257	2005	16256
2898	1	1	93	251	2009	51102
2899	1	1	121	257	2008	0
2900	1	1	110	259	2006	16156
2901	1	1	107	237	2009	50588
2902	1	0	0	0	0	51737
2903	1	1	113	257	2007	17908
2904	1	1	122	0	2008	50294
2905	2	1	95	254	2005	2233
2906	1	2	0	0	0	9614
2907	1	1	0	257	2009	19410
2908	2	1	121	250	2004	11206
2909	2	1	0	259	2005	0
2910	1	1	108	268	2007	13256
2911	2	1	110	251	2005	16313
2912	1	1	106	0	2008	3604
2913	1	1	100	252	2008	4738
2914	1	1	92	0	2008	3508
2915	1	1	94	250	2006	52121
2916	1	1	0	252	2008	2725
2917	1	1	114	0	2008	51129
2918	1	1	92	241	2006	15920
2919	1	1	107	252	2008	55924
2920	1	1	98	241	2006	21383
2921	1	1	112	253	2006	17400
2922	1	1	117	235	2008	53463
2923	1	1	119	281	2008	3540
2924	1	1	107	272	2006	8947
2925	1	1	111	272	2007	9690
2926	2	1	0	251	2005	6399
2927	2	1	0	241	2005	3683
2928	1	1	107	260	2005	0
2929	1	1	116	259	2006	50350
2930	1	1	112	271	2008	50104
2931	1	0	0	0	0	0
2932	1	1	87	0	2007	20900
2933	2	0	0	257	2005	0
2934	2	1	109	253	1955	9757
2935	2	1	111	250	2004	23648
2936	2	1	115	257	2004	50244
2937	1	1	100	0	2009	2900
2938	2	1	109	268	2005	16074
2939	1	1	113	272	2008	9339
2940	2	1	0	242	2005	23782
2941	1	1	113	253	2007	17018
2942	1	1	90	241	2008	2623
2943	2	1	106	0	2005	15903
2944	1	1	120	0	2009	1426
2945	2	1	115	259	2004	11062
2946	1	1	101	241	2006	9690
2947	1	1	88	279	2007	17949
2948	2	1	93	251	2004	50649
2949	1	1	97	0	2008	9530
2950	1	1	106	0	2009	50210
2951	1	1	89	252	2007	9516
2952	1	1	115	251	2008	16551
2953	1	1	90	259	2006	18044
2954	1	1	113	0	2008	11115
2955	1	1	102	253	2008	9407
2956	1	1	109	239	2007	9588
2957	2	1	98	276	2005	50099
2958	1	0	108	253	0	16482
2959	1	1	121	277	2008	9482
2960	1	0	116	275	2006	50419
2961	1	1	114	268	2006	4310
2962	1	1	97	236	2009	3682
2963	1	1	111	236	2007	2881
2964	2	1	94	257	0	0
2965	1	0	106	0	2008	2422
2966	1	1	99	261	2007	16300
2967	1	1	108	256	2008	694
2968	2	1	0	249	2005	783
2969	1	1	112	241	2006	50487
