node	student	gender	dorm	major	year	school
0	1	2	0	111	2005	50864
1	1	1	340	111	2009	25027
2	1	0	0	0	0	0
3	1	2	351	121	2008	5000
4	1	1	352	0	2009	21473
5	1	1	347	131	2007	15903
6	1	2	333	95	2007	8884
7	2	2	347	116	2005	51069
8	1	1	331	0	2006	16818
9	1	1	347	124	2007	50450
10	1	1	342	117	2007	0
11	1	2	353	124	2006	50025
12	1	0	352	0	2009	9073
13	1	1	359	102	2006	11099
14	1	2	0	102	2007	50436
15	1	2	340	95	2008	51190
16	1	1	340	111	2009	16942
17	1	1	0	103	2006	2228
18	1	1	331	121	2006	2135
19	1	1	340	93	2009	4508
20	1	1	340	92	2009	2323
21	2	1	0	93	2005	9078
22	1	2	333	122	2007	3716
23	1	2	334	94	2005	50112
24	1	2	351	115	2008	50698
25	1	2	338	100	2007	50197
26	2	1	0	112	2005	0
27	4	0	0	0	0	0
28	1	0	0	0	0	0
29	1	1	333	117	2004	24999
30	1	1	336	0	2008	50325
31	1	1	349	0	2009	3659
32	2	1	335	121	2004	8845
33	1	1	0	102	2007	10216
34	2	1	333	100	2005	50036
35	1	2	336	0	2008	3284
36	1	0	0	0	0	0
37	1	2	333	95	2007	15890
38	1	2	0	111	0	50595
39	5	0	0	0	0	0
40	1	2	336	0	2008	50124
41	1	1	345	95	2009	3273
42	1	1	339	130	2006	9530
43	1	2	335	111	2006	8971
44	1	2	328	111	2008	7458
45	1	2	334	111	2005	15965
46	1	1	349	0	2009	50010
47	1	1	339	131	2007	3583
48	1	2	331	120	0	50180
49	2	2	0	111	2005	3544
50	1	2	352	104	2009	20747
51	2	2	0	94	2002	8820
52	2	1	0	102	2003	50152
53	1	2	333	95	2008	8826
54	1	1	327	112	2008	51685
55	1	1	0	112	2007	9554
56	2	1	359	111	2004	9321
57	1	1	339	112	2006	50603
58	1	1	333	0	2008	17300
59	2	0	0	0	0	0
60	1	1	333	120	2007	8971
61	1	2	333	111	2007	8952
62	1	1	352	120	2007	8955
63	2	0	0	0	0	0
64	1	1	327	102	2008	23618
65	1	0	0	0	2009	50993
66	3	2	0	98	0	50060
67	1	1	333	130	2007	16439
68	1	1	351	0	2009	0
69	1	1	0	93	2007	20681
70	1	2	347	102	2006	0
71	2	2	334	96	2005	15894
72	2	2	331	99	2002	2056
73	1	1	0	104	2007	50095
74	1	2	339	120	2008	11559
75	2	2	0	102	2005	9484
76	1	1	331	92	2006	23613
77	1	2	341	112	2006	8905
78	2	1	361	131	2005	22237
79	2	1	0	120	1999	8977
80	1	2	331	95	2006	21781
81	1	1	339	95	2007	8872
82	1	1	341	95	2008	9382
83	1	1	331	128	2008	8910
84	1	1	345	95	2009	16913
85	1	0	0	0	0	0
86	1	1	341	111	2008	3246
87	1	2	0	100	2009	53999
88	2	0	0	0	2004	17640
89	2	2	0	112	2005	2233
90	2	0	0	0	0	0
91	1	1	352	0	2009	9366
92	1	2	0	100	2007	0
93	1	1	0	121	0	17092
94	1	1	352	0	2009	11099
95	2	2	352	112	2004	50444
96	2	1	347	112	2005	2824
97	1	2	333	100	2007	14625
98	1	2	350	95	2008	8921
99	2	0	0	100	2004	9692
100	1	1	0	0	2009	9580
101	1	1	333	112	2007	3618
102	1	1	339	0	2008	51535
103	1	1	345	100	2009	5852
104	2	1	0	115	2004	3739
105	1	1	348	0	2009	0
106	1	1	331	0	2006	16818
107	1	1	352	0	2009	17636
108	2	1	334	102	2004	7458
109	1	0	333	119	2006	3581
110	2	1	0	104	2005	530
111	1	1	351	0	2009	2381
112	1	2	350	0	2007	20895
113	1	1	333	104	2008	52263
114	1	2	348	111	2007	0
115	5	1	0	111	2005	23054
116	1	2	339	100	2006	8952
117	1	1	0	0	2009	16487
118	1	1	333	91	2006	8826
119	1	1	348	120	2006	6399
120	2	1	342	120	0	6400
121	1	1	345	102	2009	51060
122	1	1	339	0	2008	9618
123	1	1	0	98	2007	50012
124	1	2	340	0	2009	16506
125	1	0	344	0	0	50017
126	1	2	0	107	0	50081
127	1	2	0	0	2007	50045
128	1	2	327	103	2008	5979
129	2	2	0	118	2005	21022
130	1	2	0	102	2007	9787
131	2	1	0	120	2004	4811
132	1	2	331	100	2006	9428
133	1	0	336	0	0	4119
134	1	2	0	0	0	9745
135	1	1	351	0	2008	50009
136	1	2	0	104	2009	0
137	1	1	0	0	2009	9397
138	2	2	0	100	2005	50028
139	2	1	0	124	2003	21531
140	1	2	0	93	2006	50203
141	1	1	361	0	2008	16282
142	2	1	354	93	2005	9755
143	1	1	339	95	2007	51521
144	2	2	0	111	0	50173
145	1	1	352	120	2009	50611
146	1	1	339	100	2006	50378
147	2	2	0	111	0	0
148	1	1	331	100	2008	9381
149	1	2	344	0	2009	9223
150	1	2	333	95	2007	3858
151	1	2	340	115	2009	50036
152	2	1	333	125	2005	50189
153	1	1	0	0	2009	0
154	2	2	0	100	2005	50007
155	1	2	0	0	2008	50813
156	1	1	336	100	2006	50343
157	2	0	0	0	0	0
158	1	1	340	0	2009	3841
159	1	1	0	124	2006	8834
160	1	2	0	0	2009	50018
161	1	2	0	111	2006	50088
162	1	1	354	95	2006	3683
163	1	2	336	95	2006	51002
164	1	1	331	104	2007	0
165	1	1	0	91	2006	0
166	1	2	344	0	2008	3544
167	2	1	335	117	2005	11206
168	4	0	0	0	0	0
169	1	1	348	104	2009	3583
170	2	1	337	92	2005	8975
171	1	2	0	115	2006	8970
172	1	1	327	0	2008	50361
173	1	0	331	0	0	0
174	2	2	0	112	2004	9745
175	1	2	351	0	2008	8952
176	1	1	340	120	2009	9530
177	1	1	339	0	2007	17964
178	1	1	333	117	2006	9530
179	2	0	0	121	2005	9369
180	1	1	0	115	2009	2725
181	1	2	0	100	2009	9580
182	1	2	346	0	2008	15890
183	1	2	327	116	2007	0
184	2	1	0	112	2004	3243
185	1	2	0	107	2006	8891
186	2	1	331	100	0	19660
187	1	2	328	116	2008	50118
188	1	1	333	91	2005	50173
189	1	1	0	0	2008	9434
190	2	2	0	124	2001	25017
191	1	2	345	0	2009	23621
192	1	1	336	91	2007	0
193	2	1	333	110	2005	50872
194	1	1	344	120	2008	16311
195	1	2	340	102	2009	17789
196	1	1	359	102	2006	3240
197	1	1	338	0	2008	50173
198	3	2	360	116	1900	0
199	1	1	351	0	2009	16924
200	2	2	0	100	2004	8828
201	1	2	340	117	2008	9516
202	1	1	339	0	2008	9771
203	2	2	339	111	2005	51626
204	1	1	348	93	2009	22934
205	1	1	335	91	2006	3840
206	2	0	0	100	2005	15932
207	1	1	339	104	2007	15591
208	1	1	355	91	2004	16790
209	1	0	339	0	0	17129
210	2	2	0	103	2004	50863
211	1	0	342	120	2008	8966
212	1	1	344	110	2008	9594
213	2	1	337	104	2004	50813
214	1	0	351	0	2008	16447
215	2	1	0	102	2005	17041
216	1	2	333	111	2006	52610
217	1	2	345	0	2009	3755
218	1	2	334	100	2006	20927
219	1	1	341	0	2008	17908
220	2	2	334	112	2005	50892
221	2	0	0	0	2004	21629
222	1	1	333	111	2008	19444
223	1	1	340	91	2009	6399
224	1	1	333	91	2006	3739
225	2	1	0	96	2004	9319
226	1	0	0	0	0	51471
227	1	1	348	111	2009	9415
228	1	2	0	103	2007	50060
229	1	2	327	0	2008	9739
230	1	2	331	0	2008	59966
231	1	1	0	114	2006	10843
232	1	2	345	0	2009	15937
233	2	1	0	131	2005	50246
234	1	0	0	0	0	0
235	1	2	334	108	2005	3565
236	1	2	333	118	2006	9678
237	1	1	339	119	2007	25817
238	1	1	345	114	2009	50081
239	2	1	0	111	2004	0
240	1	2	350	111	2008	9802
241	1	1	340	0	2009	15964
242	2	2	0	100	2004	8906
243	1	2	349	0	2008	15895
244	2	1	354	102	2004	50059
245	1	2	331	0	2008	9586
246	1	2	348	0	2009	9580
247	2	2	339	100	2005	50197
248	1	1	343	125	2008	51210
249	1	1	0	102	2007	0
250	1	1	340	100	2008	1084
251	1	1	333	128	2007	50003
252	1	1	331	117	2006	3755
253	1	1	347	112	2008	9618
254	2	2	334	112	2004	9421
255	1	1	351	0	2009	61234
256	1	1	346	102	2008	17658
257	2	1	333	111	2005	0
258	1	2	337	111	2005	50229
259	1	2	344	0	2009	26482
260	1	1	331	107	2008	17770
261	1	2	336	98	2007	5852
262	1	0	0	0	0	0
263	1	2	352	0	2009	50034
264	1	2	339	0	2008	0
265	1	1	339	115	2006	0
266	1	2	341	0	2008	9556
267	1	2	352	0	2009	50033
268	2	2	0	0	2005	50197
269	2	2	0	96	2004	20487
270	1	2	349	0	2009	9570
271	1	1	345	111	2009	2233
272	1	1	333	120	2006	50231
273	1	2	340	94	2009	16497
274	1	1	336	0	2008	52316
275	1	2	340	100	2008	17640
276	1	2	0	99	2004	0
277	1	2	347	124	2007	50007
278	1	2	347	116	2006	15987
279	1	0	0	0	2007	2046
280	1	1	0	111	2007	50034
281	1	0	365	111	2006	15945
282	1	1	340	120	2009	23058
283	1	2	333	111	2006	50354
284	1	1	351	93	2008	3716
285	1	1	333	130	2007	3638
286	1	1	339	111	2007	50002
287	1	1	337	111	2008	0
288	1	1	336	98	2007	25034
289	2	2	0	100	2000	3858
290	1	1	335	120	2005	51437
291	1	1	345	0	2009	50141
292	2	0	0	102	2004	15903
293	1	1	335	131	2006	8872
294	1	2	333	117	2007	50088
295	1	2	339	121	2006	21235
296	1	2	351	100	2008	22236
297	2	1	333	117	2005	9382
298	1	2	333	95	2007	9421
299	1	2	366	100	2005	50645
300	1	1	346	0	2008	3716
301	1	2	333	95	2006	3240
302	1	2	338	0	2009	9580
303	1	2	340	111	2009	9586
304	1	2	0	100	2006	17885
305	2	1	0	95	2004	9369
306	1	1	331	112	2008	8823
307	1	2	337	115	2008	9831
308	2	1	332	95	2005	9140
309	1	2	341	102	2008	50601
310	1	1	345	100	2009	9423
311	1	2	336	0	2008	16510
312	1	2	336	111	2007	50058
313	1	2	345	0	2008	50830
314	1	0	0	0	0	0
315	2	0	0	104	2005	3618
316	1	0	339	0	0	3683
317	1	2	327	91	2007	5242
318	1	1	0	123	2007	4416
319	2	2	0	117	2005	16267
320	2	1	340	102	1988	0
321	1	0	0	0	0	0
322	2	1	0	123	2005	1944
323	2	2	0	112	2005	5833
324	1	1	331	95	2007	16444
325	1	1	349	102	2008	16383
326	1	1	331	104	2006	50240
327	1	2	337	100	2007	9321
328	2	1	344	107	2004	9369
329	1	1	348	0	2009	8647
330	1	1	0	0	2008	17604
331	1	2	331	95	2006	50649
332	1	1	351	103	2008	4296
333	1	2	337	114	2006	50018
334	1	1	349	0	2009	21171
335	1	1	328	0	2008	9077
336	1	1	331	102	2007	50344
337	2	0	0	0	0	0
338	2	1	0	130	2005	50137
339	1	2	339	111	0	9319
340	4	2	0	0	0	16909
341	1	2	338	0	2007	9588
342	1	0	327	0	2008	9617
343	1	1	0	104	2007	9649
344	1	1	0	112	2006	3638
345	1	2	340	100	2009	17584
346	2	1	0	95	2003	51437
347	2	1	359	111	2004	51111
348	2	1	0	0	2003	50131
349	1	0	352	0	2008	50008
350	2	0	0	128	2005	52041
351	1	0	338	118	2007	50242
352	1	1	338	112	2008	11099
353	2	1	0	120	2004	9324
354	2	2	0	120	2004	0
355	1	2	333	100	2006	8940
356	2	1	354	91	2004	19157
357	1	1	342	92	2008	19095
358	1	1	349	0	2009	9580
359	1	1	0	100	2007	0
360	1	1	348	0	2009	3683
361	2	1	0	0	2004	0
362	1	1	345	0	2009	50696
363	1	1	351	111	2008	9344
364	1	1	349	0	2009	17009
365	1	2	352	0	2008	9581
366	2	1	0	120	2004	50415
367	1	2	333	92	0	8878
368	1	1	339	120	2006	17964
369	1	2	333	111	2006	3858
370	1	1	349	95	2009	51143
371	1	2	333	130	2008	50151
372	1	1	348	0	2009	15912
373	1	2	336	101	2008	8874
374	1	2	348	0	2009	9407
375	2	1	0	124	2004	0
376	1	0	0	124	2007	15897
377	1	1	343	100	2008	9554
378	1	2	339	99	2007	50136
379	1	1	345	0	0	50246
380	1	2	339	0	2008	3840
381	1	1	351	98	2009	2702
382	1	1	331	0	2008	50909
383	1	1	340	104	2007	17352
384	2	1	0	107	2003	8925
385	1	1	328	120	2006	51099
386	1	2	330	100	2009	9570
387	1	2	327	115	2008	9313
388	1	2	331	120	0	50143
389	1	2	345	111	2009	16215
390	1	1	341	124	2007	17326
391	2	2	340	120	2003	8842
392	1	2	349	95	2009	0
393	1	2	331	120	2006	17715
394	1	1	327	0	2008	6399
395	2	2	0	111	1998	50518
396	1	1	336	0	2008	8936
397	2	1	0	95	2004	9366
398	1	2	333	111	2006	5928
399	5	0	0	0	0	0
400	1	2	345	0	2009	50909
401	1	1	339	95	2007	50018
402	3	1	0	102	2005	0
403	1	2	0	100	2008	9789
404	2	1	335	131	2005	8828
405	1	2	327	112	2007	0
406	2	2	0	100	2005	819
407	1	2	339	0	2008	9421
408	3	2	0	0	0	0
409	1	2	0	120	2007	9530
410	1	1	349	0	2009	50012
411	1	1	351	111	2009	50008
412	1	1	361	120	2006	50220
413	1	2	0	0	0	9388
414	1	2	344	111	2006	16077
415	1	1	0	117	2007	3576
416	1	2	327	125	2008	21487
417	1	2	0	0	2007	19114
418	2	2	358	114	2005	2405
419	1	1	331	0	0	10289
420	1	2	339	0	2008	9588
421	2	2	0	94	2005	8947
422	1	1	345	0	2009	15890
423	1	1	0	0	0	50173
424	2	1	0	125	2005	7917
425	1	1	334	114	2006	6392
426	1	1	0	91	2006	24694
427	2	1	335	130	2005	50215
428	1	0	344	112	2007	0
429	1	0	0	102	2006	3638
430	1	1	0	102	2007	50065
431	1	1	337	102	2006	9313
432	1	1	0	111	2007	3714
433	2	0	0	100	2005	50595
434	1	2	345	0	2009	16990
435	4	0	0	0	0	0
436	2	2	0	0	2005	9397
437	1	2	355	112	2007	3675
438	1	1	342	111	2008	10786
439	2	2	0	0	2004	0
440	2	2	0	102	2005	8979
441	1	1	0	0	0	0
442	1	1	0	92	2005	17686
443	1	1	0	100	2007	20731
444	2	2	366	102	2003	3735
445	1	2	339	0	2008	9382
446	1	1	0	104	2007	9252
447	3	1	0	128	0	2644
448	1	2	0	111	2009	8845
449	1	1	348	95	2009	8861
450	1	1	352	111	2009	9557
451	2	1	333	0	2005	8826
452	1	1	349	0	2008	0
453	2	1	333	0	2005	0
454	1	2	342	95	2008	23330
455	1	1	341	0	2006	0
456	1	0	0	0	0	0
457	1	2	338	94	2009	0
458	5	1	0	0	2001	50210
459	2	2	0	120	2004	9594
460	1	1	328	0	2008	18233
461	1	2	342	100	2008	52234
462	1	0	327	120	2007	9313
463	1	1	352	0	2009	16693
464	1	1	338	0	2008	9369
465	1	1	0	0	2009	8910
466	1	1	352	0	2009	0
467	1	2	333	111	2007	51760
468	1	1	333	130	2007	1384
469	1	0	0	0	0	0
470	2	2	0	0	0	0
471	1	1	0	102	2007	11559
472	1	2	343	102	2008	9554
473	1	1	333	119	2007	9618
474	1	1	352	0	2009	8885
475	1	1	345	120	2008	50034
476	2	1	337	107	2005	50494
477	1	1	0	0	2007	50864
478	1	1	0	112	2007	25825
479	1	2	346	0	2008	17476
480	1	1	340	100	2007	8886
481	1	1	348	0	2009	51856
482	1	1	327	117	2007	9720
483	1	1	349	97	2009	50909
484	1	0	0	0	0	2674
485	1	1	352	95	2006	9508
486	1	1	359	102	2006	9773
487	1	2	333	104	2007	16990
488	1	1	0	94	2007	26502
489	2	1	348	124	2004	57918
490	1	1	342	0	2008	9429
491	1	2	345	111	2009	17062
492	1	1	0	112	2007	20621
493	2	2	333	114	2005	23969
494	1	2	348	0	2009	60878
495	1	0	0	0	0	20631
496	1	1	352	0	2009	50963
497	2	1	0	91	2004	25843
498	1	1	339	130	2006	50572
499	1	1	333	0	2007	2228
500	1	1	342	120	2008	51190
501	1	1	342	120	2007	0
502	1	1	348	95	2008	9070
503	1	0	0	130	0	9768
504	1	2	334	95	2006	15855
505	2	2	0	91	2004	50229
506	1	2	336	111	0	0
507	1	2	349	0	2009	17294
508	1	2	349	100	2009	16127
509	2	1	0	112	2004	15927
510	1	2	0	111	2006	6709
511	2	1	354	104	2005	8926
512	1	2	329	93	2006	0
513	1	2	333	111	2006	13318
514	2	2	334	102	2003	15903
515	1	2	333	111	2007	8852
516	1	1	333	91	2006	9581
517	1	1	337	111	2006	15228
518	1	2	352	0	2009	9565
519	1	2	352	0	2009	50377
520	2	1	359	131	2005	0
521	1	1	339	131	2007	50060
522	1	2	352	0	2009	51008
523	1	1	328	95	2008	0
524	1	0	0	95	0	17407
525	1	1	347	0	2007	51911
526	1	2	333	102	2007	25496
527	1	1	333	0	2007	50595
528	1	2	0	0	0	3739
529	2	1	0	120	2003	22248
530	1	2	336	111	2008	50024
531	1	1	337	95	2006	57952
532	1	2	349	100	2008	8958
533	1	2	0	0	2009	16849
534	1	2	342	95	2008	21219
535	1	2	0	0	2005	0
536	1	2	340	110	2007	50104
537	1	2	353	124	2006	50060
538	2	2	333	100	2005	8828
539	1	1	336	104	2006	3240
540	1	2	333	95	2008	8826
541	2	2	339	99	2005	2094
542	1	1	348	117	2008	50415
543	2	2	333	111	2003	9753
544	1	2	337	90	2006	8828
545	1	1	0	117	2007	50025
546	2	2	0	96	2005	50088
547	1	2	342	99	2008	55118
548	3	0	0	0	0	0
549	1	2	351	111	2009	0
550	1	1	345	0	2009	50229
551	1	2	333	111	2007	16383
552	1	2	352	0	2008	9580
553	1	2	0	0	2009	50610
554	2	2	0	109	1999	3858
555	1	1	338	0	2008	3284
556	1	1	0	95	2008	50080
557	1	2	340	0	2009	50344
558	1	2	339	118	2006	11002
559	2	1	0	111	2005	51896
560	1	2	327	0	2008	50024
561	1	1	345	0	2009	9565
562	1	2	0	100	2007	50060
563	2	1	347	96	2003	50000
564	1	1	339	117	2007	50074
565	1	1	349	0	2009	51841
566	1	2	333	100	2007	3739
567	1	2	333	131	2007	23090
568	1	2	338	0	2008	11123
569	1	1	349	0	2009	9343
570	1	2	345	94	2009	8919
571	1	0	0	0	0	0
572	2	1	0	111	2005	9415
573	1	1	348	0	2008	17441
574	1	1	333	130	2007	11076
575	1	2	341	0	2008	19776
576	1	1	327	111	2007	0
577	1	1	352	0	2008	8930
578	2	1	340	94	2004	0
579	1	1	333	0	2008	8944
580	1	2	339	100	2008	51535
581	1	1	333	124	2006	8971
582	1	1	348	0	2009	9480
583	2	1	342	111	2003	0
584	1	0	0	0	0	0
585	1	2	336	100	2007	8842
586	2	1	333	104	2005	9627
587	1	2	327	112	2007	17805
588	2	2	334	111	2005	9472
589	1	2	0	0	2006	4281
590	1	1	340	99	2007	17914
591	2	2	364	121	2004	50189
592	2	1	337	111	2005	11019
593	1	1	0	130	2007	3570
594	1	2	345	111	2009	0
595	1	1	349	0	0	0
596	1	1	0	0	0	25360
597	1	1	349	0	2009	17287
598	1	1	327	0	2008	50172
599	1	2	334	100	2005	50909
600	1	1	340	0	2009	52769
601	1	1	352	95	2009	17640
602	1	0	345	120	2007	51285
603	1	1	351	104	2009	571
604	2	0	0	0	0	0
605	2	1	0	115	2005	3749
606	1	1	341	130	2008	9292
607	1	2	339	111	2006	11134
608	1	2	336	92	2007	50104
609	1	1	351	120	2007	3716
610	1	2	0	0	2009	50070
611	1	1	328	95	2008	50116
612	1	2	0	121	2006	2673
613	3	1	0	125	0	0
614	1	1	333	111	2006	3502
615	1	2	333	95	2007	8954
616	1	1	331	111	0	15902
617	1	2	336	102	0	9060
618	1	2	0	0	2009	15875
619	1	1	351	0	2008	21598
620	1	2	351	0	2009	16849
621	1	1	345	122	2008	9755
622	1	2	348	0	2009	17885
623	1	1	0	102	2006	3827
624	1	1	345	0	2008	50141
625	1	1	339	124	2006	0
626	1	2	354	112	2006	50425
627	1	0	0	0	0	20731
628	5	2	0	94	2004	9530
629	2	2	0	98	2005	17060
630	1	1	339	0	2008	50074
631	1	1	0	111	2005	0
632	1	1	333	0	2007	50259
633	2	0	0	0	2004	15804
634	1	1	351	115	2007	25817
635	1	2	0	0	2009	15897
636	1	1	331	95	2006	25458
637	1	1	344	0	2009	9755
638	2	1	0	92	2004	8823
639	1	2	349	111	2009	9575
640	2	2	340	93	2004	16594
641	2	1	0	131	2005	50135
642	1	2	340	130	2008	9428
643	2	1	0	107	1998	8115
644	1	2	333	96	2007	9655
645	1	1	333	0	2008	0
646	1	1	333	120	2007	9603
647	1	1	0	102	2007	0
648	1	2	0	95	2006	50529
649	2	2	0	104	2004	21653
650	1	1	333	96	2006	15902
651	1	2	340	115	2009	16440
652	1	2	339	119	2008	14632
653	1	1	349	0	2009	23649
654	2	0	0	114	2004	17636
655	1	1	339	104	2007	50203
656	1	2	0	0	0	50242
657	1	1	348	102	2009	1912
658	2	2	0	99	2005	50261
659	1	0	0	0	2007	50315
660	1	1	0	102	2009	50310
661	1	1	333	131	2007	23969
662	1	2	364	96	2006	50863
663	1	2	352	0	0	21781
664	1	1	333	125	2008	3638
665	1	0	339	111	2006	3683
666	1	2	331	112	2006	10403
667	2	2	0	96	2005	8826
668	1	1	333	131	2006	3840
669	1	2	0	111	2006	9776
670	1	0	0	0	0	0
671	2	0	0	131	2005	53243
672	1	1	345	0	2009	9530
673	1	1	333	117	2006	15932
674	1	1	345	0	2009	20927
675	1	2	0	0	2009	52194
676	1	1	335	117	2006	25014
677	1	0	362	100	0	0
678	1	1	349	111	2008	50343
679	1	1	361	111	2007	50060
680	2	2	355	96	2005	8862
681	1	2	348	111	2008	6399
682	1	2	344	111	2009	17537
683	1	1	0	92	2007	19295
684	1	0	0	0	0	0
685	1	0	0	0	2007	9788
686	2	1	0	0	2004	9673
687	1	1	0	123	2005	9753
688	1	1	348	0	2008	50378
689	2	1	0	92	2004	50294
690	1	2	340	109	2009	2949
691	1	1	331	98	2006	21408
692	2	1	0	111	2004	3570
693	2	1	0	102	2004	3864
694	1	2	0	117	2004	0
695	1	2	339	102	2007	16045
696	1	2	0	126	2008	9381
697	1	1	333	115	2006	22187
698	1	2	335	95	2006	8820
699	1	1	333	94	2008	3571
700	1	2	339	100	2005	22253
701	2	2	0	98	2005	8911
702	2	2	0	0	2004	0
703	1	2	348	120	2009	50018
704	1	1	333	125	2008	9321
705	1	1	0	100	2005	0
706	2	1	0	95	2005	8828
707	1	2	339	100	2007	8992
708	3	1	0	107	2005	0
709	2	1	330	95	2005	8891
710	1	1	339	111	2006	8970
711	1	2	347	95	2008	7831
712	1	2	339	111	2007	9492
713	1	1	352	111	2009	16783
714	1	1	352	0	2009	9423
715	1	2	339	111	2008	9451
716	3	0	0	113	0	0
717	1	2	0	100	2006	17907
718	2	2	0	94	2004	55419
719	1	2	0	112	2007	50944
720	1	1	349	103	2009	2094
721	2	2	0	130	2001	8936
722	1	2	329	111	2006	3748
723	1	1	0	95	2006	1384
724	2	2	353	0	2004	50143
725	1	0	0	120	0	0
726	2	1	0	130	2005	15938
727	1	2	348	0	2009	9423
728	1	1	346	117	2006	50066
729	2	2	0	120	2004	50294
730	2	1	335	120	2005	9530
731	2	1	0	112	2005	9618
732	2	1	342	0	2004	3755
733	1	2	334	0	2006	50141
734	1	1	352	104	2009	15878
735	1	1	339	120	2007	9513
736	1	2	351	111	2008	19445
737	1	2	351	115	2007	16816
738	1	0	0	0	0	0
739	2	1	0	0	2005	9603
740	1	1	0	92	2006	0
741	1	1	352	0	2009	8820
742	1	1	352	100	2008	52234
743	1	2	339	92	2007	9472
744	2	1	354	102	2004	51700
745	2	1	0	117	2005	11067
746	2	1	0	112	2004	0
747	2	2	367	119	2004	0
748	2	1	0	128	2004	9076
749	1	2	345	0	2009	0
750	1	2	345	96	2009	20631
751	1	0	0	0	0	0
752	1	1	352	0	2009	17115
753	2	2	0	111	2003	17238
754	1	2	339	0	2007	9437
755	1	0	331	94	2006	3299
756	1	2	339	124	2006	2094
757	2	2	332	111	2005	22258
758	1	2	351	0	2009	0
759	2	2	0	112	2005	9224
760	2	2	0	0	2003	0
761	1	1	0	0	2008	50016
762	1	1	335	111	2006	50193
763	1	1	337	120	2006	9681
764	1	1	354	112	2006	50074
765	1	1	0	111	2009	52002
766	1	1	333	0	2007	4004
767	2	2	0	99	2004	8930
768	1	2	339	111	2007	3683
769	2	1	363	124	2003	9321
770	1	2	344	121	2007	21139
771	2	1	329	107	2004	9324
772	1	1	358	120	2006	9319
773	1	1	352	0	2009	3735
774	1	2	349	130	2009	50024
775	1	2	339	112	2007	50410
776	1	2	347	100	2007	17598
777	1	1	333	130	2007	15964
778	1	2	351	100	2009	9722
779	1	1	339	0	2008	50203
780	2	2	366	0	2003	9422
781	1	0	0	0	0	0
782	1	2	334	118	2006	9419
783	1	1	0	95	2006	20694
784	1	2	339	94	2007	11285
785	1	1	336	95	2006	11010
786	1	0	0	102	0	0
787	1	2	343	115	2008	18135
788	1	2	338	0	2009	0
789	5	2	0	110	0	9344
790	2	1	0	115	2005	3570
791	1	2	348	119	2009	55211
792	1	1	352	96	2009	3716
793	1	2	331	111	2007	3638
794	1	1	333	91	2007	50065
795	1	2	0	118	0	0
796	1	2	0	115	2006	8899
797	1	2	335	111	2006	50173
798	1	1	333	117	2007	9753
799	1	1	334	111	2006	6392
800	1	2	338	100	2007	3638
801	1	1	330	107	2006	24210
802	1	1	333	0	2006	9632
803	1	1	0	95	2009	17681
804	1	2	343	100	2008	50046
805	1	1	0	114	2008	15788
806	1	0	0	0	0	0
807	1	2	352	0	2008	55543
808	1	2	351	100	2008	9760
809	1	2	331	112	2006	9783
810	1	1	358	95	2006	50013
811	1	2	345	0	2008	50010
812	1	1	0	131	2006	18123
813	1	2	340	100	2009	50528
814	1	2	348	0	2009	24029
815	2	1	0	102	2004	6399
816	1	1	351	0	2009	8647
817	1	2	337	112	2008	15897
818	1	2	348	0	2008	9343
819	2	2	0	118	2004	25621
820	1	2	0	0	2009	0
821	1	2	345	0	2009	24679
822	1	2	0	111	2005	0
823	1	2	333	96	2006	50190
824	1	2	344	0	2008	3858
825	1	1	332	115	2006	25551
826	1	0	0	0	0	0
827	1	1	334	128	2006	8973
828	2	0	0	100	2004	8845
829	1	2	0	0	0	0
830	1	1	340	95	2008	51504
831	1	1	339	120	2008	1756
832	1	2	339	112	2006	9373
833	2	1	0	111	2004	9076
834	1	2	331	117	2006	3627
835	2	1	334	112	2004	0
836	1	1	0	0	2009	50065
837	2	2	0	100	2004	19445
838	1	1	338	102	2007	9423
839	1	2	351	0	2009	9423
840	1	1	327	112	2007	8872
841	1	2	331	104	2005	0
842	1	0	0	100	0	0
843	1	1	351	0	0	9382
844	1	1	339	125	2005	50527
845	1	2	331	121	2007	9787
846	1	2	351	112	2008	50300
847	1	1	338	0	2008	3638
848	1	2	352	0	2009	9023
849	1	2	343	112	2007	50060
850	2	2	362	104	2005	0
851	1	2	352	95	2008	3683
852	1	2	352	111	2009	2247
853	1	1	345	0	2009	3220
854	2	2	0	119	2004	1790
855	1	1	348	0	2009	0
856	1	2	343	93	2005	0
857	1	2	331	100	2006	8823
858	1	1	0	102	0	50025
859	1	0	0	0	0	0
860	1	2	333	95	2008	50814
861	1	2	328	94	2008	17092
862	1	1	351	0	2009	8970
863	1	2	0	95	2007	50136
864	1	1	338	0	2008	15890
865	1	2	339	0	2008	0
866	1	2	335	111	2006	9419
867	1	2	339	103	2008	17336
868	1	1	333	120	2006	9324
869	1	2	351	0	2009	17636
870	1	1	328	0	2008	20853
871	1	1	331	93	2006	5211
872	1	2	333	115	2007	22219
873	1	1	333	95	2008	52234
874	1	1	349	0	2009	50410
875	4	0	0	0	0	0
876	1	2	334	111	2005	50124
877	2	1	365	131	2004	8873
878	1	2	343	0	2007	0
879	1	2	336	111	2007	50045
880	1	2	350	111	2008	8864
881	1	1	365	94	2006	0
882	1	1	339	120	2006	54176
883	1	1	0	0	2009	17907
884	2	2	0	94	1999	9718
885	1	1	340	102	2008	21487
886	2	2	0	102	2004	5221
887	1	1	339	98	2006	2868
888	1	2	339	112	2008	1912
889	1	2	327	117	2008	3561
890	4	2	0	0	0	0
891	2	2	334	111	2005	51849
892	1	1	338	104	2008	3735
893	1	1	333	130	2007	50410
894	1	2	0	103	2007	50270
895	0	0	0	0	0	0
896	2	2	0	94	2005	3755
897	2	2	341	96	2004	9774
898	1	1	328	115	2008	17901
899	1	2	341	119	2007	9434
900	1	0	0	0	0	0
901	1	0	327	0	2008	539
902	1	1	0	100	2006	3735
903	2	2	0	92	0	25043
904	1	2	355	112	2007	50025
905	1	2	346	111	2008	0
906	2	2	0	111	2005	8960
907	1	1	345	114	2009	2253
908	2	1	328	109	0	0
909	1	2	336	0	2007	21500
910	1	1	331	124	2004	50194
911	1	2	345	0	2009	50074
912	1	1	351	0	2007	21629
913	1	1	340	111	2009	0
914	1	1	327	94	2007	23645
915	2	1	339	107	2004	9674
916	2	1	339	115	2005	0
917	1	1	333	120	2007	0
918	1	2	344	99	2008	17646
919	1	2	327	120	2007	19249
920	1	0	0	0	0	0
921	1	1	351	120	2008	50259
922	2	2	361	114	2005	3826
923	1	1	333	91	2007	1964
924	1	1	342	111	2008	2093
925	1	1	0	0	2009	20631
926	2	1	0	131	2003	8834
927	1	2	351	0	2009	50074
928	1	0	0	0	0	0
929	1	2	362	100	2005	16396
930	1	1	352	117	2009	4004
931	1	1	0	124	2005	0
932	2	0	0	0	0	0
933	1	2	327	96	2008	53909
934	1	1	0	111	2007	50459
935	2	0	362	100	0	0
936	1	2	327	115	2008	50588
937	1	2	0	128	2007	9554
938	1	2	339	95	2007	9399
939	1	2	339	123	2010	11076
940	2	2	331	95	2005	9618
941	1	1	337	93	2006	53727
942	1	2	0	111	2009	50018
943	1	2	364	115	2005	3683
944	2	1	359	95	2004	50124
945	1	0	0	0	0	0
946	2	1	0	117	2005	9495
947	2	1	0	120	2005	9313
948	1	1	342	0	2008	2230
949	1	1	349	0	2009	50223
950	1	2	351	0	2008	50025
951	2	0	0	0	0	0
952	1	1	335	95	2006	50913
953	1	0	0	104	2006	5616
954	2	2	364	92	2005	50377
955	1	1	351	102	2009	9441
956	1	1	0	0	2007	0
957	1	2	351	122	2009	51535
958	1	1	352	0	2009	9588
959	2	0	0	111	2005	15894
960	1	1	0	102	2006	9703
961	1	0	0	0	0	0
962	1	1	338	0	2008	50012
963	2	0	0	0	0	0
964	1	1	348	95	2009	9415
965	1	2	335	100	2005	8989
966	2	1	359	131	2005	0
967	1	0	0	0	0	0
968	1	0	0	128	2008	50892
969	1	2	351	100	2008	50173
970	2	1	333	91	2005	50444
971	1	2	0	117	2009	24029
972	2	2	0	0	2005	50258
973	1	2	348	115	2009	50410
974	1	1	340	0	2009	9415
975	1	2	340	124	2006	50104
976	1	1	0	95	2007	0
977	1	2	348	0	2009	16388
978	1	1	339	124	2007	9757
979	2	1	0	130	2004	5868
980	2	1	0	0	0	17442
981	1	2	336	124	2007	53028
982	1	2	349	119	2008	50143
983	1	1	337	112	2006	16871
984	2	2	0	111	2004	50754
985	1	1	349	95	2009	50459
986	1	1	332	117	2005	9618
987	2	1	0	95	2004	9493
988	2	2	344	100	2004	9484
989	2	2	332	130	2005	14387
990	1	2	348	0	2009	6399
991	1	2	333	102	2007	50436
992	1	1	351	0	2009	8961
993	2	1	341	94	2004	8873
994	1	2	0	0	0	17997
995	2	1	0	120	2004	26722
996	2	2	0	112	1992	0
997	2	1	339	107	2004	0
998	1	0	0	0	0	0
999	1	1	330	95	2006	0
1000	2	1	354	94	2001	4818
1001	1	1	331	112	2005	0
1002	1	0	0	0	0	0
1003	2	2	0	96	2004	21175
1004	2	0	0	91	2005	0
1005	1	2	333	91	2006	2075
1006	1	1	348	0	2009	50105
1007	1	2	331	99	2008	17253
1008	1	2	337	100	2007	51780
1009	2	1	0	102	2005	9423
1010	1	2	343	94	2008	21168
1011	1	2	349	0	2009	58332
1012	1	2	0	111	2007	8925
1013	1	2	345	0	2009	9321
1014	2	2	0	112	2005	17845
1015	1	2	339	111	2007	9789
1016	1	2	351	115	2008	0
1017	1	2	327	0	2008	11872
1018	1	1	339	102	2006	16849
1019	1	1	331	95	0	9787
1020	1	1	333	95	2008	15912
1021	1	2	0	100	2004	16328
1022	1	1	0	111	2009	50261
1023	1	1	339	120	2006	8895
1024	1	2	349	0	2009	9802
1025	1	1	328	119	2008	50116
1026	1	2	340	117	2009	3827
1027	1	2	0	95	2005	23092
1028	1	2	331	122	2008	8881
1029	1	2	347	0	2008	11172
1030	1	1	352	0	2009	17763
1031	1	2	340	104	2009	0
1032	1	2	331	117	2006	15888
1033	1	2	349	0	2009	21653
1034	1	1	339	0	0	5223
1035	2	2	0	100	2004	9492
1036	2	1	345	111	2003	9307
1037	1	1	352	120	2008	11172
1038	1	0	0	0	0	0
1039	1	1	327	102	2008	8832
1040	1	2	0	0	2009	55516
1041	2	1	0	92	2005	0
1042	1	2	343	95	2007	3678
1043	1	1	337	125	2006	9438
1044	1	1	352	117	2009	21326
1045	1	2	343	111	2006	8933
1046	2	1	0	130	2004	8872
1047	1	2	331	111	2006	16805
1048	1	1	0	125	2008	0
1049	1	2	348	0	2009	8851
1050	1	1	361	102	2004	9430
1051	1	2	352	0	2008	9829
1052	2	2	0	95	2005	22246
1053	1	1	336	0	2008	9223
1054	1	2	343	112	2008	11872
1055	1	1	331	102	2006	17647
1056	1	2	340	93	2008	8891
1057	1	1	333	0	2007	8948
1058	1	2	339	91	2008	17890
1059	1	2	349	95	2009	9540
1060	1	2	333	100	2006	3755
1061	1	2	333	95	2008	25843
1062	2	1	341	95	2005	9533
1063	1	2	346	109	2008	9480
1064	2	2	0	95	0	15894
1065	1	2	338	120	2008	9570
1066	2	1	332	120	2005	9580
1067	1	2	338	112	2008	3632
1068	1	2	327	93	2007	0
1069	1	1	0	92	2006	3716
1070	1	2	335	111	2006	9603
1071	1	2	0	100	2009	3576
1072	1	2	331	111	2008	3264
1073	1	1	352	0	2009	50173
1074	2	2	333	100	2005	16267
1075	4	1	0	0	0	21626
1076	1	2	362	130	2006	3755
1077	1	2	333	119	2006	25025
1078	1	1	0	102	2008	50188
1079	2	1	0	102	2004	52104
1080	2	1	0	111	2005	5252
1081	1	1	351	0	2009	0
1082	2	1	0	111	0	20625
1083	1	2	337	99	2008	50250
1084	2	0	0	0	0	0
1085	1	1	333	120	2006	8930
1086	1	0	0	0	0	0
1087	1	2	339	100	2006	50118
1088	1	2	352	0	2008	17568
1089	1	1	339	112	2007	9220
1090	1	1	348	96	2009	3716
1091	2	2	0	112	2005	10554
1092	1	2	348	111	2009	0
1093	1	1	333	0	2008	0
1094	1	2	352	112	2009	9673
1095	2	2	337	100	2005	10364
1096	1	0	338	111	0	50029
1097	1	2	0	94	2006	50909
1098	2	2	362	120	2004	3748
1099	2	1	0	130	2005	9374
1100	1	2	351	0	2009	50088
1101	2	1	0	95	2004	17880
1102	1	2	354	118	2006	3735
1103	1	1	0	0	2008	9654
1104	1	1	349	0	2009	8826
1105	2	1	0	100	2005	8852
1106	1	1	327	100	2008	9773
1107	1	1	0	111	0	8971
1108	1	2	343	101	2008	19445
1109	1	1	351	0	2009	3737
1110	1	1	331	117	2008	3284
1111	1	1	339	102	2007	51642
1112	1	2	0	98	2007	0
1113	2	1	354	103	2003	0
1114	2	1	358	107	2004	9423
1115	2	1	335	123	2005	17211
1116	1	1	333	120	2007	50012
1117	1	0	333	92	2007	9414
1118	1	0	331	0	2008	9388
1119	2	1	0	124	2004	17060
1120	1	2	0	112	2007	50359
1121	1	1	337	112	2005	50223
1122	1	1	345	94	2009	9533
1123	1	2	339	100	2007	50143
1124	1	1	336	91	2007	50074
1125	2	1	334	111	2004	50058
1126	1	0	0	0	0	0
1127	1	2	331	94	2008	9760
1128	1	1	333	111	2006	23613
1129	1	1	351	125	2007	50310
1130	2	1	0	110	2005	59793
1131	1	2	0	104	2006	5725
1132	1	2	364	120	2006	9541
1133	1	1	331	130	2007	9655
1134	1	1	0	125	2006	0
1135	2	1	329	94	2005	9575
1136	2	2	331	99	2005	9611
1137	2	1	0	0	2005	9618
1138	2	2	335	112	2005	8852
1139	1	0	0	0	0	16070
1140	1	2	331	94	2006	25272
1141	1	0	0	0	0	0
1142	2	1	0	128	2005	9496
1143	1	0	333	0	2006	9198
1144	1	1	351	0	2008	2093
1145	3	2	0	96	0	18998
1146	1	2	336	0	2007	8899
1147	1	2	351	0	2009	50074
1148	1	2	339	112	2006	15897
1149	2	2	0	111	2003	50060
1150	1	2	339	103	2007	3601
1151	2	2	0	100	2005	8948
1152	1	1	340	0	2009	2323
1153	2	2	339	120	2005	3840
1154	1	2	340	92	2008	8837
1155	2	1	0	111	2004	1756
1156	1	1	349	111	2009	50018
1157	1	1	345	92	2008	4494
1158	2	1	349	109	2004	0
1159	1	1	365	111	0	9344
1160	1	0	0	0	0	9773
1161	1	2	352	0	2009	3840
1162	1	1	0	111	2009	2041
1163	2	2	334	111	2005	50643
1164	1	1	337	130	2006	2868
1165	1	2	348	111	2009	50018
1166	2	0	0	0	0	0
1167	2	2	0	90	2004	23885
1168	1	2	339	111	2006	50242
1169	1	2	331	112	2007	9561
1170	2	1	366	91	2004	0
1171	1	2	0	0	2008	0
1172	1	2	336	95	2007	51293
1173	1	2	333	117	2007	17885
1174	1	2	348	0	2009	50343
1175	1	2	339	0	2008	51494
1176	1	2	348	111	2009	3716
1177	2	1	361	100	2005	16406
1178	2	1	0	103	2005	0
1179	1	1	333	112	2007	9415
1180	1	0	339	109	2005	9594
1181	1	2	347	100	2008	15891
1182	1	1	352	0	2009	50060
1183	1	2	0	99	2009	3678
1184	1	1	327	0	2007	0
1185	1	1	0	102	2006	8977
1186	1	2	334	130	2006	9657
1187	1	2	349	0	2009	50343
1188	3	1	0	0	0	17486
1189	1	2	349	0	2009	9560
1190	1	1	327	0	2008	51733
1191	1	2	339	117	2006	0
1192	2	1	0	128	2004	0
1193	1	2	340	0	2009	9618
1194	1	2	366	112	2006	8875
1195	1	2	0	0	2009	53756
1196	1	2	355	119	0	18171
1197	1	2	340	0	2009	50353
1198	1	0	0	0	0	0
1199	1	2	339	0	2008	9328
1200	1	1	349	111	2009	24994
1201	1	1	340	0	2009	1662
1202	1	2	348	104	2009	9421
1203	1	1	345	111	2007	51383
1204	2	2	0	111	2005	3678
1205	1	1	351	0	2009	16274
1206	1	2	330	100	2005	8984
1207	1	2	331	100	2006	3754
1208	5	1	0	0	0	9319
1209	1	0	0	0	0	0
1210	1	2	0	0	0	0
1211	1	1	0	111	2007	3650
1212	2	2	0	104	2004	0
1213	1	2	340	95	2009	9073
1214	2	0	0	0	0	0
1215	2	1	334	130	2005	11134
1216	2	1	0	117	2005	16117
1217	2	1	0	128	2005	50314
1218	2	2	0	100	2004	50173
1219	1	2	335	100	2006	50410
1220	2	1	0	104	2005	51354
1221	2	0	0	120	2005	11019
1222	1	2	338	111	2008	9313
1223	1	2	333	94	2006	50124
1224	1	2	331	100	0	50065
1225	2	2	331	102	2005	16267
1226	1	1	365	0	2006	22237
1227	2	2	0	107	2004	51167
1228	1	1	359	112	2006	50074
1229	1	1	333	111	2007	23105
1230	1	2	334	112	2005	50814
1231	1	2	333	120	2008	8948
1232	1	1	351	93	2007	8971
1233	1	2	345	95	2009	6399
1234	2	2	0	111	2005	9720
1235	1	2	0	102	2007	21532
1236	1	2	339	95	2006	0
1237	1	2	339	99	2007	50007
1238	2	1	0	96	2005	3601
1239	1	1	347	0	2008	50010
1240	1	0	0	0	0	50060
1241	1	2	340	94	2008	9421
1242	2	2	332	130	2005	50643
1243	1	0	345	0	2008	50270
1244	2	2	0	119	2005	9536
1245	1	1	339	111	2007	9076
1246	1	2	342	111	2007	17636
1247	2	2	355	118	2004	8981
1248	1	1	328	128	2007	50450
1249	1	2	351	0	2009	9343
1250	1	1	359	91	2006	3735
1251	1	2	352	100	2009	1298
1252	1	2	339	103	2008	50081
1253	1	2	352	0	2009	50692
1254	1	2	0	0	2008	16261
1255	1	2	353	100	2006	0
1256	1	0	348	117	2009	0
1257	3	2	0	102	0	0
1258	1	2	333	111	2007	8820
1259	2	0	0	0	0	0
1260	1	2	336	100	2008	50470
1261	1	2	336	112	2007	17430
1262	1	2	333	100	2007	50007
1263	1	1	340	0	2009	9414
1264	2	1	333	94	2005	8960
1265	2	2	0	102	2005	50173
1266	1	0	332	120	2006	26459
1267	1	1	349	95	2008	50400
1268	1	1	327	130	2008	17410
1269	1	2	336	114	2007	3284
1270	1	1	361	0	2006	3716
1271	1	2	346	100	2008	16010
1272	1	1	351	119	2008	51293
1273	1	1	351	102	2008	3735
1274	1	2	331	111	2006	14177
1275	1	1	348	110	2009	51221
1276	1	2	333	111	2007	51504
1277	1	1	339	103	2007	52316
1278	1	1	328	0	2008	25836
1279	1	2	352	100	2008	17454
1280	1	2	333	92	2006	24942
1281	1	2	337	112	2007	8973
1282	1	2	333	111	2007	50595
1283	2	1	0	103	2005	0
1284	1	1	0	100	2006	3754
1285	2	2	0	0	2005	51911
1286	1	2	333	112	2006	50004
1287	1	2	340	91	2009	4099
1288	1	0	339	0	0	0
1289	1	1	338	0	2008	2788
1290	1	2	339	94	2008	9351
1291	1	1	352	100	2009	50258
1292	1	2	333	111	2007	9315
1293	1	2	339	100	2007	9624
1294	2	2	337	111	2005	50344
1295	2	2	344	99	2002	8981
1296	1	1	339	119	2007	9423
1297	2	2	0	0	2003	17529
1298	1	1	341	0	2008	9423
1299	1	1	0	124	2006	54588
1300	2	2	0	112	2005	9771
1301	1	1	339	104	2007	50025
1302	1	2	349	0	2009	0
1303	2	2	339	122	1952	8842
1304	2	2	337	110	2002	15903
1305	1	2	341	94	2008	15244
1306	1	1	345	0	2009	17640
1307	1	1	349	110	2006	50496
1308	1	2	334	130	2006	8947
1309	2	1	0	112	2005	16440
1310	1	2	334	100	2006	50025
1311	1	1	341	0	2008	50232
1312	1	2	333	0	2007	1800
1313	1	2	327	111	2008	25794
1314	1	2	333	120	2007	0
1315	1	1	0	0	0	21846
1316	1	1	328	95	2008	51247
1317	1	2	339	102	2007	9530
1318	1	2	0	122	2007	9414
1319	1	1	345	120	2009	8938
1320	1	0	338	126	2004	0
1321	1	0	333	102	2007	9580
1322	1	2	331	94	2007	18763
1323	1	2	333	100	2006	50024
1324	1	1	348	0	2008	9324
1325	1	2	336	111	0	24936
1326	1	1	352	0	2009	50045
1327	2	2	350	93	2004	50864
1328	2	1	329	112	2004	9382
1329	2	2	335	100	2005	15903
1330	1	1	345	117	2009	52138
1331	2	2	342	125	2001	15903
1332	1	1	333	102	2007	4687
1333	1	0	0	100	2006	3699
1334	1	1	338	104	2008	21220
1335	2	1	0	102	2005	25028
1336	1	1	329	94	2005	11285
1337	1	2	336	111	2006	9506
1338	2	0	0	91	2004	50024
1339	1	1	336	100	2008	0
1340	1	2	333	100	2007	8862
1341	1	1	348	0	2009	9580
1342	1	1	347	115	2008	18366
1343	1	2	339	111	2005	9771
1344	1	1	332	117	2006	3564
1345	1	0	358	0	0	8885
1346	4	2	0	0	0	9344
1347	2	2	367	100	2004	17454
1348	1	0	0	0	0	0
1349	1	2	333	130	2006	2094
1350	1	1	351	112	2009	55789
1351	1	2	362	100	2005	50246
1352	1	1	0	98	2006	17640
1353	1	1	341	102	2008	8826
1354	1	0	339	102	2008	50124
1355	1	1	347	112	2008	50002
1356	1	2	331	98	2006	9542
1357	1	2	335	95	2006	3667
1358	1	2	333	100	2007	8960
1359	2	2	0	111	2004	17238
1360	1	1	335	99	2006	0
1361	2	0	0	98	2004	50294
1362	1	1	348	120	2009	20681
1363	2	2	0	100	2005	3649
1364	1	1	328	109	2007	3581
1365	1	1	333	100	2007	15875
1366	1	1	345	102	2009	9414
1367	2	2	362	111	1954	6399
1368	1	2	333	0	0	18700
1369	1	2	0	104	2007	25793
1370	1	2	339	0	2008	9530
1371	2	2	0	118	2005	9415
1372	2	2	335	96	2005	9495
1373	1	2	348	117	2009	9400
1374	1	2	348	0	2008	50527
1375	2	2	344	94	2005	6655
1376	1	1	343	0	2008	9496
1377	1	1	341	95	2007	9313
1378	2	2	0	94	2005	16883
1379	1	1	352	0	2009	50081
1380	1	1	339	95	2006	0
1381	1	1	345	120	2009	1965
1382	1	1	0	0	0	11019
1383	1	0	339	111	2007	0
1384	1	1	339	111	2008	8840
1385	1	1	350	111	2007	2056
1386	1	1	348	0	0	0
1387	1	2	339	123	2007	50234
1388	1	0	0	92	2008	8828
1389	2	1	0	122	2004	0
1390	2	1	0	0	2004	8937
1391	1	1	339	98	2007	8939
1392	1	1	331	101	2008	9498
1393	2	2	0	103	2005	9580
1394	1	2	366	102	2005	8964
1395	1	2	343	0	2007	9343
1396	1	1	331	102	2006	8979
1397	1	1	0	104	2007	50188
1398	2	2	331	112	2004	8986
1399	1	1	334	102	2006	3840
1400	2	2	0	0	2004	9413
1401	1	1	333	94	2007	20784
1402	2	2	367	111	2004	50046
1403	2	2	0	96	2004	21598
1404	1	2	364	119	2010	56016
1405	2	1	0	100	2004	8828
1406	1	1	331	112	2006	50172
1407	2	0	0	0	0	0
1408	1	1	331	102	2007	8857
1409	1	1	331	130	2007	9757
1410	1	0	349	98	2008	5932
1411	1	2	340	95	2009	9382
1412	1	2	349	0	2009	9533
1413	1	1	337	111	2006	50013
1414	2	2	0	104	2005	50522
1415	1	1	342	0	2008	0
1416	1	2	333	92	2007	3580
1417	1	1	359	108	2006	16010
1418	1	2	333	95	2007	53684
1419	1	2	0	93	2007	3858
1420	1	1	339	112	2007	50241
1421	1	0	0	0	0	16093
1422	2	0	0	0	0	0
1423	1	1	349	95	2009	20152
1424	1	1	333	117	2007	19333
1425	1	1	351	111	2008	9581
1426	1	2	329	102	2006	25008
1427	1	1	348	0	2009	9423
1428	2	1	332	0	2005	0
1429	1	1	351	92	2007	17278
1430	1	1	339	117	2008	1824
1431	1	2	333	0	2008	2322
1432	2	0	0	128	2005	5878
1433	2	2	343	111	2003	2422
1434	1	1	348	102	2007	9351
1435	2	2	347	102	2002	16129
1436	1	1	348	112	2008	50117
1437	1	1	333	122	2006	11002
1438	1	2	334	0	0	8875
1439	1	1	343	120	2007	25843
1440	1	1	0	120	2006	0
1441	1	2	0	100	2006	10266
1442	2	1	335	131	2005	9580
1443	1	1	0	125	2007	50436
1444	1	2	341	102	2008	3734
1445	1	2	0	0	2008	0
1446	1	1	0	111	2007	0
1447	1	2	344	95	2008	21235
1448	1	2	338	0	2008	9561
1449	2	2	0	92	2004	50242
1450	2	2	0	94	2005	9554
1451	1	2	0	115	2009	8988
1452	1	0	0	126	0	0
1453	2	1	330	119	2005	9397
1454	1	1	339	127	2005	8832
1455	1	1	0	0	2009	50737
1456	1	1	347	95	2008	0
1457	1	2	333	96	2005	20579
1458	1	1	345	102	2008	5221
1459	1	1	333	117	2007	50365
1460	1	1	333	0	2008	8905
1461	1	1	355	121	2009	2443
1462	1	2	0	0	0	0
1463	1	1	0	102	2007	6187
1464	1	1	340	95	2005	8948
1465	1	2	349	0	2009	50004
1466	1	2	337	111	2007	50194
1467	1	2	333	111	2006	3840
1468	1	1	331	95	2007	17129
1469	1	2	336	0	2007	9831
1470	1	2	333	100	2008	3749
1471	1	1	331	111	2008	9677
1472	2	2	0	131	2005	54927
1473	1	1	327	111	2008	0
1474	1	1	341	117	2007	8971
1475	1	0	0	118	2006	52104
1476	3	0	329	130	0	17430
1477	1	1	348	100	2009	8627
1478	1	2	340	103	2007	9343
1479	1	2	349	0	2009	9313
1480	1	1	342	95	2007	50192
1481	1	2	345	95	2009	9603
1482	1	2	339	109	2007	0
1483	1	1	333	120	2008	0
1484	1	0	0	0	0	0
1485	1	1	333	112	2007	3841
1486	1	1	0	112	2007	2223
1487	2	1	331	111	2005	9738
1488	1	1	333	116	2008	50018
1489	2	2	0	111	2005	8828
1490	1	0	0	0	0	0
1491	1	1	0	111	2009	11568
1492	1	2	0	111	2007	9530
1493	1	1	333	111	2006	9530
1494	1	2	352	0	2009	24981
1495	1	1	0	0	2009	9530
1496	1	1	0	102	2009	8885
1497	1	1	339	125	2007	3284
1498	1	1	0	124	2006	0
1499	1	2	339	112	2007	15897
1500	1	2	337	100	2006	50806
1501	1	2	361	95	2008	3079
1502	1	1	345	0	2009	50909
1503	1	2	339	111	2006	9674
1504	1	2	339	95	2008	51968
1505	1	2	0	100	2008	50133
1506	1	1	327	111	2008	8823
1507	1	1	333	117	2006	50333
1508	2	2	0	120	2003	17603
1509	1	1	348	102	2009	51364
1510	1	1	347	91	2006	9429
1511	1	1	331	95	2008	9763
1512	1	1	331	111	2008	9530
1513	1	2	0	114	2007	22246
1514	1	1	333	111	2006	51330
1515	1	2	344	111	2006	21326
1516	2	1	0	95	2004	8920
1517	1	1	0	92	2006	3638
1518	1	2	331	100	2007	16227
1519	1	1	349	0	2009	9415
1520	1	2	333	117	2007	50545
1521	1	0	0	111	2006	17901
1522	1	2	333	112	2006	9528
1523	1	0	0	0	0	0
1524	1	2	333	0	2008	0
1525	1	2	348	100	2009	50814
1526	1	1	365	111	2006	9533
1527	1	0	0	95	2006	50018
1528	1	2	348	0	2009	0
1529	1	1	349	120	2009	20853
1530	2	1	338	111	2004	17887
1531	1	2	351	0	2009	50241
1532	1	2	327	104	2007	52831
1533	1	2	331	102	2007	16909
1534	4	2	0	0	2002	25033
1535	1	1	348	95	2009	9720
1536	1	2	340	0	2009	0
1537	1	2	331	112	2006	50814
1538	1	1	331	116	2008	2381
1539	1	1	349	0	2009	8862
1540	1	2	339	91	2006	50343
1541	1	0	336	0	0	0
1542	1	1	0	0	2009	9557
1543	2	2	0	111	2005	3262
1544	1	2	0	95	2006	3683
1545	1	1	0	120	2007	9431
1546	1	2	351	115	2008	50001
1547	2	2	0	112	2003	9415
1548	1	1	340	117	2009	25832
1549	2	1	0	92	2005	50059
1550	2	1	348	100	2004	0
1551	1	1	351	0	2009	50269
1552	1	2	349	129	2009	9580
1553	1	1	351	0	2009	50074
1554	1	2	333	130	2007	3714
1555	1	0	0	0	0	0
1556	1	0	0	0	0	0
1557	1	1	0	131	2009	19776
1558	1	1	331	95	2008	9614
1559	2	1	0	0	2004	50074
1560	1	1	0	124	2006	51777
1561	1	2	0	0	2009	50018
1562	1	2	339	100	2006	9492
1563	1	1	351	0	2009	15813
1564	1	2	350	104	2008	50060
1565	1	1	0	124	2005	16685
1566	1	1	338	0	2008	53392
1567	5	2	352	121	2010	9603
1568	1	1	351	0	2009	9720
1569	2	2	0	98	2005	0
1570	1	1	350	91	2008	0
1571	2	2	334	99	2004	9720
1572	2	1	333	95	2005	9530
1573	1	2	349	0	2009	8841
1574	1	2	341	94	2008	16385
1575	1	1	337	117	2006	3755
1576	1	1	354	102	2006	9415
1577	1	1	0	111	2008	9530
1578	1	2	331	118	2006	9344
1579	1	1	339	111	2006	3675
1580	1	0	351	122	0	50173
1581	1	2	351	0	2006	9423
1582	1	1	348	91	2009	8992
1583	1	1	348	0	2009	3563
1584	1	2	334	111	2006	50197
1585	1	2	0	0	2009	50242
1586	1	2	0	102	2006	51822
1587	1	1	0	120	0	0
1588	1	2	0	95	2009	50025
1589	1	0	0	95	2006	0
1590	1	0	0	0	0	0
1591	1	1	333	102	2006	5979
1592	2	1	330	115	2005	25012
1593	1	1	348	112	2008	20853
1594	2	2	344	102	2004	23016
1595	1	2	345	0	2009	9421
1596	1	1	339	131	2007	9334
1597	4	2	0	0	0	51391
1598	2	2	328	102	2005	50909
1599	1	2	351	0	2009	9313
1600	1	2	337	99	2006	9351
1601	1	1	328	118	2006	51444
1602	1	1	352	0	2009	3755
1603	1	1	339	121	2006	1384
1604	2	2	339	112	2002	16353
1605	1	1	352	95	2008	0
1606	1	1	0	111	2009	20579
1607	1	1	337	130	2007	9753
1608	1	2	340	111	2009	21122
1609	2	2	362	102	2005	15903
1610	1	1	0	130	2007	21653
1611	1	2	333	120	2006	8974
1612	1	1	345	95	2008	51261
1613	1	1	337	119	2006	2094
1614	1	2	349	0	2009	58424
1615	2	1	0	0	0	50018
1616	1	2	339	111	2007	50696
1617	1	2	352	0	2009	50060
1618	1	1	0	122	2006	11382
1619	1	1	330	102	2006	8948
1620	1	1	351	0	2009	50410
1621	1	1	349	0	2009	25825
1622	1	2	352	0	2008	20853
1623	1	1	331	95	2008	54959
1624	1	1	333	104	2007	5616
1625	1	2	344	0	2008	50081
1626	2	2	335	100	2005	8826
1627	1	0	0	0	0	0
1628	2	1	0	91	2005	50378
1629	2	2	335	107	2005	3716
1630	1	1	0	95	2006	0
1631	2	2	0	124	2005	25096
1632	1	2	327	117	2007	50113
1633	2	1	0	130	2003	0
1634	1	2	339	0	2008	51856
1635	1	2	362	100	2005	50173
1636	1	2	348	0	2009	16445
1637	1	1	339	112	2006	50008
1638	1	1	354	111	2006	9588
1639	1	0	339	112	2007	50025
1640	1	2	339	116	2007	51816
1641	1	2	331	111	2007	17662
1642	1	2	336	0	2008	3739
1643	1	2	338	0	2008	50007
1644	1	2	351	0	2009	3840
1645	1	1	0	111	2008	9493
1646	3	2	0	97	0	4281
1647	1	1	339	112	2007	58523
1648	1	1	352	0	2009	17640
1649	2	2	0	109	2004	50268
1650	1	2	0	111	2009	0
1651	1	1	0	92	2005	50333
1652	1	1	351	0	2009	9328
1653	1	1	333	124	2006	9530
1654	1	1	341	0	2008	9415
1655	2	1	332	95	2002	57435
1656	1	2	337	102	2008	16739
1657	1	1	343	0	2008	16727
1658	1	1	0	130	2007	16440
1659	1	2	343	129	2008	9802
1660	1	1	0	111	2009	50267
1661	2	2	0	0	2003	50018
1662	1	2	339	111	2006	8946
1663	1	2	0	100	2006	2405
1664	1	2	339	111	2008	16504
1665	1	2	338	111	2008	50000
1666	1	2	349	0	2009	9729
1667	1	1	359	92	2006	5725
1668	1	2	349	0	2009	50007
1669	1	1	333	128	2006	16727
1670	1	2	335	96	2005	9023
1671	1	1	328	95	2008	9489
1672	1	1	340	100	2009	24988
1673	1	1	333	100	2008	3683
1674	1	2	335	99	2005	17636
1675	2	1	0	95	2004	3737
1676	1	1	340	0	2009	2152
1677	1	2	340	0	2009	59556
1678	1	1	0	112	2007	3284
1679	1	2	339	0	2008	50180
1680	1	2	339	100	0	24936
1681	1	1	327	104	2008	2747
1682	1	1	351	0	2009	15965
1683	1	2	348	0	2009	9729
1684	1	1	348	102	2009	50444
1685	1	1	345	0	2009	1384
1686	2	1	0	120	2004	3571
1687	1	2	340	95	2009	8950
1688	2	1	0	121	2004	51606
1689	1	2	340	104	2009	9384
1690	1	1	345	0	2008	16438
1691	1	1	351	102	2009	0
1692	1	2	0	99	2006	9105
1693	1	1	340	95	2009	50325
1694	1	1	331	120	2006	5211
1695	1	0	344	111	2007	0
1696	1	1	0	95	2009	0
1697	1	1	333	95	2006	8970
1698	1	2	340	0	2009	20927
1699	1	2	0	120	2005	9757
1700	1	2	335	100	2006	51858
1701	1	1	338	102	2008	50045
1702	1	1	344	0	2008	16849
1703	1	2	327	111	2008	9414
1704	1	1	333	91	2006	50094
1705	2	1	0	95	2005	50534
1706	1	0	331	94	2008	15982
1707	1	2	339	100	2007	3565
1708	1	2	0	119	2008	24902
1709	1	2	339	131	2007	9319
1710	2	2	0	109	2005	21425
1711	1	2	329	111	2006	2674
1712	1	1	351	0	2009	16383
1713	1	1	0	0	2007	9580
1714	1	1	340	131	2009	17316
1715	1	2	333	100	2007	8888
1716	1	2	353	94	2007	9529
1717	1	2	340	98	2009	8986
1718	1	2	327	94	2008	8880
1719	1	2	0	129	2010	9880
1720	1	0	0	0	0	2702
1721	1	2	333	100	2007	50180
1722	2	2	0	107	2005	50069
1723	1	2	336	100	2008	3858
1724	1	1	345	0	2009	50000
1725	1	1	348	117	2009	3157
1726	1	1	361	104	2006	8849
1727	2	1	0	95	2004	11326
1728	1	1	0	0	2006	15903
1729	1	1	340	95	2009	8994
1730	1	1	341	0	2008	16062
1731	2	0	0	0	0	0
1732	1	2	336	111	2007	51499
1733	1	2	348	0	2009	50060
1734	2	2	355	100	2004	5978
1735	2	2	0	0	2004	21629
1736	1	1	328	130	2007	9077
1737	1	2	351	0	2009	50074
1738	2	1	337	111	2005	9699
1739	2	1	0	92	2005	8970
1740	1	2	336	116	2007	9351
1741	1	2	333	120	2006	11285
1742	1	0	0	124	0	0
1743	1	2	342	94	2007	50033
1744	5	1	333	91	2005	9624
1745	2	2	0	119	2005	16510
1746	1	2	0	107	2007	9618
1747	1	1	348	111	2008	50929
1748	1	1	338	91	2007	0
1749	2	1	0	95	2005	9572
1750	1	0	335	120	2006	50354
1751	1	2	333	104	2008	16387
1752	1	1	328	120	2006	8884
1753	1	1	345	0	2008	8828
1754	1	2	333	111	2007	16265
1755	1	2	333	112	2008	50451
1756	1	1	346	0	2008	2448
1757	1	1	0	0	2009	17604
1758	1	2	342	0	2008	9530
1759	1	1	333	91	2006	2093
1760	4	0	0	0	0	0
1761	1	2	341	0	2008	50002
1762	2	2	339	111	2005	9739
1763	1	2	344	111	2008	3755
1764	1	1	345	122	2009	17083
1765	1	1	344	91	2008	1935
1766	1	2	342	119	2007	9343
1767	1	1	351	111	2009	17636
1768	1	1	348	102	2007	9739
1769	2	1	0	112	2005	16210
1770	2	1	0	95	2004	52104
1771	1	0	339	93	2007	3737
1772	1	1	331	0	2008	9369
1773	1	2	333	91	2006	50258
1774	2	0	0	95	2005	50963
1775	2	1	0	131	2004	50215
1776	1	2	0	0	2009	0
1777	1	1	345	95	2009	16353
1778	1	2	345	0	2009	8899
1779	2	2	366	121	0	0
1780	2	2	0	100	2005	22251
1781	1	0	0	0	0	0
1782	1	2	339	111	2006	7229
1783	2	2	344	99	2005	50088
1784	1	1	351	0	2009	50458
1785	1	0	349	117	2008	50005
1786	1	2	339	100	2007	50354
1787	1	2	0	115	2006	0
1788	2	1	0	117	2004	8978
1789	1	0	0	0	0	0
1790	2	1	329	98	2005	3683
1791	1	0	365	120	0	3716
1792	1	1	331	102	2006	8866
1793	1	2	0	111	0	0
1794	2	1	0	110	2005	50419
1795	1	1	338	102	2007	11134
1796	2	1	331	92	2005	3851
1797	1	2	336	112	2008	21326
1798	2	2	0	100	2003	0
1799	2	2	347	100	2005	50197
1800	1	2	0	99	2007	20886
1801	2	1	0	0	2005	9771
1802	1	2	362	111	2006	50024
1803	1	2	354	100	2006	4677
1804	1	2	339	0	2008	3683
1805	1	1	341	0	2008	25794
1806	1	2	334	0	2006	9556
1807	1	1	332	104	2006	16127
1808	1	1	348	0	2009	51856
1809	1	1	327	0	2008	50189
1810	1	2	339	112	2007	9023
1811	1	2	345	0	2009	50359
1812	1	2	333	0	2007	15903
1813	1	2	350	102	2008	16813
1814	1	2	351	115	2009	20853
1815	2	2	335	94	2004	51841
1816	1	1	333	104	2007	1608
1817	1	1	333	125	2006	50143
1818	1	2	336	111	2007	9093
1819	1	1	328	92	2006	9530
1820	1	2	345	102	2007	50527
1821	1	1	349	0	2009	8939
1822	5	2	334	115	2005	8914
1823	1	1	0	0	2009	50173
1824	1	1	328	95	2008	8988
1825	1	2	0	112	2006	11123
1826	2	2	0	117	2004	9142
1827	1	1	339	102	2007	50172
1828	1	1	333	94	2008	3571
1829	1	1	0	104	2006	8849
1830	2	0	0	91	2005	11099
1831	1	1	331	102	2005	0
1832	1	2	339	100	2006	17129
1833	1	2	352	129	2009	8856
1834	1	2	0	111	2009	16258
1835	2	2	331	98	2005	9350
1836	2	2	0	100	2005	50438
1837	1	1	349	92	2008	3638
1838	1	2	336	110	2007	9570
1839	1	1	340	103	2009	8032
1840	2	2	0	94	2005	0
1841	1	1	352	0	2009	8837
1842	2	1	0	121	2004	2701
1843	1	1	337	110	2006	9757
1844	2	1	361	103	2003	3683
1845	1	2	0	100	2006	9495
1846	1	1	328	0	2008	51195
1847	1	2	331	112	2008	50302
1848	1	2	352	118	2008	50151
1849	1	1	0	111	2006	9617
1850	2	1	329	98	2005	8845
1851	2	2	0	120	2003	9720
1852	1	2	333	115	2006	25044
1853	1	1	351	95	2007	50203
1854	1	0	0	0	0	0
1855	1	1	0	102	2005	50415
1856	1	1	348	131	2009	8868
1857	1	1	0	122	2008	0
1858	1	2	345	104	2007	21653
1859	1	1	339	120	2006	9484
1860	1	2	331	100	0	9586
1861	2	2	0	100	2003	0
1862	1	1	339	96	2007	53329
1863	1	1	328	95	2008	9704
1864	1	2	0	0	2008	0
1865	1	2	347	96	2008	50415
1866	1	2	0	129	2008	50368
1867	1	2	333	94	2006	50909
1868	1	1	0	111	2009	0
1869	1	1	348	0	2008	9757
1870	1	1	340	118	2007	0
1871	1	2	0	118	2007	8930
1872	2	2	332	95	2005	14716
1873	1	2	348	0	2009	50044
1874	2	1	0	95	2005	16693
1875	1	1	343	101	2008	51856
1876	5	1	0	94	2004	17537
1877	1	2	339	99	2008	50436
1878	1	1	339	91	2007	0
1879	1	1	345	100	2009	55179
1880	1	2	344	111	2007	0
1881	1	0	0	91	2007	2716
1882	2	0	0	0	0	0
1883	1	2	341	111	2008	50333
1884	1	2	340	0	2009	50007
1885	2	2	335	109	2005	16794
1886	1	2	349	99	2008	8888
1887	2	0	0	111	0	50143
1888	1	2	364	95	2006	0
1889	2	2	0	98	2005	9783
1890	1	2	333	111	2006	15931
1891	1	1	331	125	2006	23620
1892	1	1	333	92	2005	8976
1893	1	2	339	111	2007	8851
1894	1	2	327	96	2008	16261
1895	2	2	334	111	2005	9776
1896	1	1	328	104	2008	4296
1897	2	0	0	0	0	0
1898	1	1	333	0	2006	8891
1899	1	2	344	0	2008	50094
1900	1	2	0	102	2009	50648
1901	1	1	341	0	2008	51444
1902	1	1	351	130	2008	50141
1903	1	2	354	111	2006	15959
1904	1	2	331	0	0	0
1905	2	1	0	120	2004	50872
1906	1	1	354	0	2006	50060
1907	1	2	348	112	2009	50007
1908	1	2	348	95	2007	3598
1909	1	1	341	0	2008	52044
1910	2	1	353	102	2005	25548
1911	5	2	327	130	2007	8930
1912	1	1	335	91	2006	9319
1913	1	2	351	0	2009	20747
1914	2	1	0	0	2004	0
1915	1	2	349	0	2009	50074
1916	1	2	327	99	2008	2305
1917	1	1	328	115	2008	51227
1918	1	1	340	92	2007	0
1919	1	1	365	120	2005	8826
1920	1	2	0	121	2006	26658
1921	1	2	352	111	2009	9530
1922	1	0	0	95	2008	719
1923	1	1	338	111	2008	9423
1924	1	2	339	0	2007	9594
1925	1	2	361	0	2008	15932
1926	2	2	0	115	2005	18294
1927	1	2	332	120	2005	52798
1928	1	2	333	111	2007	50242
1929	1	2	345	0	0	0
1930	1	2	339	111	2006	1082
1931	1	2	331	94	2006	3716
1932	1	1	334	91	2005	50141
1933	1	1	352	0	2009	25723
1934	1	1	344	98	2007	17431
1935	2	1	0	0	2004	17734
1936	1	1	361	0	2008	8971
1937	1	0	0	111	2005	50173
1938	1	1	335	102	2006	21629
1939	1	1	0	117	2007	4004
1940	1	1	327	95	2008	8845
1941	4	2	0	0	0	8845
1942	1	2	342	94	2008	50024
1943	1	2	340	100	2009	15932
1944	1	2	340	111	2009	16768
1945	1	1	352	0	2009	20927
1946	1	1	352	0	2009	3739
1947	1	1	347	120	2008	20747
1948	1	2	339	111	2007	50173
1949	1	1	347	0	2008	50010
1950	1	1	0	125	2005	3638
1951	2	2	0	111	2005	8971
1952	1	2	336	124	2006	22237
1953	1	0	0	0	0	0
1954	2	1	0	120	0	9773
1955	1	2	345	111	2008	9414
1956	2	1	0	130	2005	8868
1957	1	2	0	0	0	0
1958	2	1	333	111	2005	52941
1959	1	0	336	0	2008	16267
1960	2	2	330	131	2005	8849
1961	2	2	362	111	2004	3858
1962	1	0	0	0	0	0
1963	1	2	339	111	2007	50045
1964	1	1	0	102	2006	50606
1965	1	0	0	111	0	0
1966	2	1	335	92	2005	5242
1967	1	1	338	0	2008	3749
1968	1	2	335	116	2006	50410
1969	1	2	353	102	2006	22265
1970	2	1	338	117	2003	9077
1971	1	2	340	0	2009	9415
1972	1	1	339	125	2005	50184
1973	1	1	348	107	2009	50258
1974	2	1	0	103	2005	0
1975	1	1	339	94	2007	17454
1976	2	2	367	94	2003	0
1977	1	2	352	111	2008	3735
1978	1	1	0	0	2009	9753
1979	1	0	0	0	0	0
1980	1	2	0	117	2007	50137
1981	1	2	0	0	0	50582
1982	1	1	333	111	2006	9554
1983	2	1	0	104	0	50192
1984	1	1	350	94	2008	0
1985	1	1	339	95	2007	8952
1986	1	2	351	125	2009	16530
1987	1	1	331	96	2007	50001
1988	1	1	0	92	2006	8828
1989	1	1	339	111	2007	17811
1990	2	2	0	102	2005	20592
1991	2	1	0	102	0	0
1992	1	1	327	0	2008	50203
1993	1	2	346	92	2008	5252
1994	2	2	0	111	2004	17211
1995	1	0	0	0	2008	0
1996	1	2	352	0	2009	22237
1997	1	0	0	0	0	0
1998	1	2	0	127	0	0
1999	1	1	351	114	2009	17584
2000	1	2	0	0	2009	53017
2001	1	2	348	0	2008	9757
2002	1	2	351	96	2009	17060
2003	1	0	0	112	2005	16990
2004	1	2	337	104	2006	50244
2005	1	1	348	122	2009	0
2006	1	1	333	120	2007	3583
2007	1	1	349	104	2009	9321
2008	1	1	351	0	2008	8845
2009	1	2	331	125	2007	9382
2010	1	1	328	0	2007	9437
2011	1	2	346	0	2008	21227
2012	1	2	331	111	2005	2725
2013	1	1	0	0	2009	60034
2014	1	1	352	112	2009	6399
2015	1	1	340	100	2007	50669
2016	2	1	0	119	2005	9366
2017	1	2	345	0	2009	9415
2018	1	1	339	111	2007	52164
2019	1	2	343	95	2007	0
2020	1	1	333	91	2007	50223
2021	1	2	331	94	2005	9564
2022	1	1	333	95	2007	25034
2023	1	2	343	123	2008	25279
2024	2	1	0	114	2003	0
2025	1	1	339	91	2006	50183
2026	1	2	339	95	2007	25825
2027	1	1	333	111	2006	3243
2028	1	0	0	0	0	0
2029	1	0	331	91	2005	9618
2030	2	1	0	102	2002	8823
2031	2	1	366	111	2004	9349
2032	2	2	0	112	2004	9344
2033	1	2	341	115	2006	21831
2034	1	1	0	111	2006	16439
2035	2	1	0	96	2005	20667
2036	1	1	352	0	2008	1333
2037	1	2	341	116	2008	0
2038	1	1	333	120	2006	50527
2039	1	2	0	0	2009	50241
2040	1	1	345	0	2008	9480
2041	2	2	0	100	2005	50097
2042	1	2	336	111	2008	50814
2043	1	1	0	109	2007	9528
2044	1	2	345	119	2009	17107
2045	1	1	349	0	2009	8903
2046	1	2	336	120	2007	8947
2047	2	2	334	94	2005	9678
2048	2	2	364	111	2004	9428
2049	2	1	0	102	2004	20853
2050	1	2	336	123	2007	50025
2051	1	1	328	102	2007	15908
2052	1	2	349	95	2008	15903
2053	1	2	0	100	2008	53684
2054	1	1	340	0	2009	2323
2055	1	0	0	0	0	0
2056	1	2	340	0	2008	50547
2057	1	1	352	0	2009	15912
2058	1	2	348	90	2009	10843
2059	1	2	349	0	2009	530
2060	1	1	345	0	2009	50173
2061	1	1	0	0	2009	22187
2062	1	2	334	112	2005	5221
2063	1	2	333	112	2007	50007
2064	1	1	352	0	2008	51856
2065	1	2	339	120	2008	16329
2066	1	2	337	111	2008	20934
2067	2	2	342	106	2002	9403
2068	1	1	0	128	2005	15903
2069	1	2	333	115	2008	50990
2070	1	2	339	112	2007	50074
2071	1	2	333	0	2008	0
2072	1	1	351	0	2008	9618
2073	1	2	0	118	2007	0
2074	1	1	333	131	2006	53756
2075	1	1	345	96	2009	15982
2076	1	2	333	111	2007	8820
2077	1	1	333	100	2006	9739
2078	1	1	345	118	2009	51568
2079	1	2	334	111	2005	8875
2080	1	2	333	107	2007	18243
2081	1	1	0	130	2007	17654
2082	1	1	345	117	2009	26857
2083	1	1	359	91	2006	17908
2084	2	2	0	100	1999	3755
2085	1	1	339	129	2006	22237
2086	2	2	334	91	2005	50007
2087	1	2	0	102	2008	17507
2088	1	1	333	111	2007	17430
2089	2	0	0	0	0	0
2090	1	1	335	125	2005	50333
2091	1	1	333	120	2008	17641
2092	1	0	0	102	2005	0
2093	1	0	0	0	0	21531
2094	1	0	0	0	0	0
2095	1	2	334	100	2005	0
2096	1	0	344	100	0	9423
2097	2	0	366	111	2005	26828
2098	2	1	0	129	2004	3739
2099	1	2	0	102	2006	8981
2100	1	2	353	111	2006	9423
2101	1	1	348	95	2008	10119
2102	2	2	339	102	2005	50112
2103	1	1	332	112	2007	4050
2104	1	1	0	121	2007	50224
2105	1	2	345	129	2007	24989
2106	1	2	349	0	2009	50292
2107	1	1	351	0	2009	50001
2108	1	1	0	0	2007	9572
2109	1	1	0	111	2007	51309
2110	1	2	337	111	2008	16849
2111	2	2	0	111	2005	8948
2112	1	2	355	119	2005	3683
2113	1	2	351	0	2009	15903
2114	1	1	351	0	2009	53084
2115	1	2	349	0	2009	50088
2116	2	2	335	120	2005	9586
2117	1	2	337	111	2005	9321
2118	1	0	0	0	0	0
2119	2	1	352	130	2005	15897
2120	1	1	333	112	2008	50425
2121	1	2	329	111	2006	9421
2122	1	1	352	130	2008	9430
2123	1	2	352	0	2009	8857
2124	1	1	333	93	2005	51293
2125	2	2	362	0	2005	50268
2126	1	2	334	124	2004	9351
2127	1	2	343	116	2007	8868
2128	1	2	333	100	2007	8992
2129	1	2	0	0	2009	51437
2130	1	1	333	95	2006	50415
2131	1	1	349	0	2009	9614
2132	1	2	0	96	2006	52084
2133	1	1	0	117	2005	15943
2134	1	2	351	0	2008	9554
2135	2	1	0	95	2005	5646
2136	1	2	349	0	2009	17636
2137	2	1	0	111	2005	8851
2138	1	1	336	0	2008	50193
2139	2	2	0	0	0	0
2140	1	1	333	111	2007	9093
2141	1	2	0	0	2010	0
2142	1	1	354	124	0	9077
2143	1	2	331	111	2006	50203
2144	1	2	0	95	2005	9678
2145	1	1	339	120	2007	50365
2146	1	2	339	112	2006	50197
2147	1	2	339	117	2008	13875
2148	1	2	339	92	2006	0
2149	1	1	333	125	2007	9757
2150	1	1	352	0	2009	17636
2151	1	2	340	99	2009	3569
2152	2	2	0	100	2004	50666
2153	1	2	351	0	2009	9077
2154	1	1	351	92	2007	11285
2155	4	2	0	0	0	8991
2156	1	2	0	0	2007	9464
2157	1	1	333	130	2006	8936
2158	1	1	0	131	2006	9489
2159	1	2	340	112	2006	50444
2160	1	2	351	102	2007	8960
2161	1	2	342	115	2008	3858
2162	1	1	0	100	2007	51576
2163	1	1	333	102	2008	50192
2164	1	0	0	0	0	0
2165	1	2	349	112	2009	2190
2166	1	2	331	102	2006	3638
2167	1	2	351	102	2008	15975
2168	1	1	331	128	2006	6399
2169	1	1	346	91	2008	260
2170	1	1	348	0	2008	50173
2171	2	1	0	112	2005	50012
2172	1	2	351	0	2008	50001
2173	1	1	340	94	2009	17609
2174	1	2	328	111	2008	9678
2175	1	2	327	94	2007	50033
2176	1	1	0	131	2007	2322
2177	1	1	333	120	2007	9366
2178	1	1	339	102	2007	9594
2179	1	1	348	111	2009	6993
2180	2	1	0	131	2005	17430
2181	1	1	352	95	2009	8828
2182	1	2	0	111	2007	50173
2183	2	1	0	130	2005	53748
2184	1	1	333	100	2007	9464
2185	1	1	352	0	2009	50258
2186	1	1	0	130	2008	6399
2187	1	1	331	129	2007	50152
2188	1	1	328	0	2008	16202
2189	2	1	0	95	2004	51624
2190	2	1	0	94	2005	18294
2191	1	2	347	112	2008	50421
2192	1	2	345	115	2007	9333
2193	2	1	0	111	2003	3716
2194	1	0	339	111	0	0
2195	1	1	333	111	2006	9382
2196	1	2	343	111	2005	20853
2197	1	1	351	103	2009	51285
2198	1	2	333	0	2008	50909
2199	1	2	0	102	2006	0
2200	2	2	333	120	2003	0
2201	1	1	333	104	2008	9618
2202	2	2	331	125	2005	50131
2203	1	1	328	112	2008	51438
2204	1	2	333	111	2006	15875
2205	1	2	347	111	2007	24248
2206	1	2	339	100	2006	50115
2207	1	2	327	0	2008	15897
2208	1	1	345	0	2009	16353
2209	1	1	331	120	2006	8940
2210	1	2	339	100	2007	8931
2211	1	2	349	115	2009	17430
2212	1	1	352	0	2009	53392
2213	4	0	0	0	0	0
2214	1	0	352	94	2008	0
2215	1	0	0	0	0	0
2216	1	2	349	111	2009	2917
2217	2	2	0	93	0	50034
2218	1	1	345	0	2009	17092
2219	2	2	0	100	2003	15903
2220	1	2	339	102	2008	8907
2221	2	0	0	0	0	0
2222	1	1	340	0	2009	10788
2223	2	2	331	99	2005	3523
2224	1	1	340	130	2009	2326
2225	1	1	345	0	2009	17263
2226	1	1	0	0	2006	50088
2227	1	1	351	0	2009	0
2228	1	2	348	0	2009	16353
2229	2	2	353	0	2003	22258
2230	1	2	360	123	2009	0
2231	1	1	354	102	2006	9423
2232	1	1	0	131	2007	12393
2233	1	2	345	119	2007	25825
2234	1	1	331	0	2008	2275
2235	1	1	334	115	2006	8977
2236	1	1	333	111	2007	9321
2237	1	1	343	91	2008	0
2238	1	1	352	95	2009	16233
2239	1	2	349	0	2009	9477
2240	1	1	348	103	2009	8828
2241	1	2	0	0	2009	17391
2242	2	1	0	102	2004	3029
2243	1	1	340	95	2009	8950
2244	1	2	355	112	2006	54085
2245	1	1	0	0	2009	11099
2246	1	2	339	92	2007	16267
2247	1	1	331	121	2007	50161
2248	1	2	349	0	2009	25723
2249	1	1	333	0	2008	9580
2250	1	0	342	92	2008	11019
2251	2	1	0	91	2003	9580
