node	student	gender	dorm	major	year	school
0	1	1	60	175	2008	50009
1	1	1	62	0	2008	17242
2	1	1	71	164	2006	0
3	1	1	67	146	2008	23748
4	1	1	59	0	2009	50382
5	1	1	0	137	0	50104
6	1	2	53	147	2008	22250
7	1	1	72	160	2009	50132
8	4	0	0	0	0	0
9	1	2	55	134	2007	17238
10	1	1	67	128	2006	3572
11	1	1	70	144	2006	0
12	1	1	66	147	2006	16761
13	1	0	0	0	0	0
14	1	2	66	170	2008	52678
15	1	1	55	170	2006	0
16	1	1	58	0	2008	9415
17	2	1	0	137	2005	50502
18	1	1	0	162	2006	18104
19	1	2	67	0	2009	50045
20	1	1	67	0	2009	9586
21	1	2	0	0	2009	50161
22	1	2	52	164	2008	9753
23	1	1	61	137	2007	50188
24	1	1	0	127	2008	3570
25	1	2	51	147	2008	2061
26	1	2	70	133	2005	50398
27	2	2	0	153	2004	9580
28	1	1	67	0	2009	17907
29	1	0	0	0	0	0
30	1	2	72	134	2009	50024
31	1	1	72	0	2009	3674
32	1	2	60	134	2007	9580
33	1	2	59	134	2009	9437
34	1	1	69	160	0	50336
35	1	1	71	125	2006	0
36	1	2	52	0	2009	3677
37	1	2	72	0	2009	50060
38	2	2	64	144	2004	17402
39	1	0	0	0	0	0
40	1	1	52	160	2007	51247
41	1	1	71	167	2007	21531
42	1	2	67	134	2009	9324
43	2	1	70	125	2005	9771
44	1	2	0	164	2009	3564
45	1	2	55	136	2009	9771
46	1	1	0	166	2006	16895
47	2	1	0	0	2008	9076
48	1	1	62	170	2007	3583
49	2	0	71	166	0	9611
50	1	2	54	158	2007	16849
51	1	2	65	137	2006	52215
52	1	0	0	0	0	0
53	1	1	0	0	2007	9372
54	1	2	75	134	2005	9580
55	1	1	67	0	2009	50378
56	1	1	62	168	2006	50006
57	1	2	62	134	2007	9428
58	1	1	67	147	2008	0
59	1	1	67	0	2009	50009
60	1	1	63	135	2006	3610
61	1	2	0	136	2007	9805
62	1	1	71	166	2006	3575
63	2	2	0	136	2005	51177
64	1	2	0	162	2006	5725
65	1	2	63	162	2008	17836
66	1	2	61	137	2008	3632
67	1	1	72	0	2008	2381
68	1	2	72	162	2009	0
69	1	0	0	128	2007	6237
70	1	1	75	128	2006	9318
71	1	2	60	134	2007	16383
72	2	1	0	166	2005	50494
73	1	2	51	123	2007	50595
74	1	1	63	134	2008	9771
75	1	2	67	127	2009	18056
76	1	1	67	0	2009	25279
77	1	1	59	0	2009	50533
78	1	2	72	137	2007	52089
79	1	2	57	134	2007	3716
80	1	1	58	166	2007	9441
81	1	1	61	137	2009	53323
82	2	2	0	134	2005	9580
83	1	2	54	127	2007	3528
84	1	2	0	0	2006	9324
85	1	1	62	125	2008	3572
86	2	0	0	0	0	3840
87	1	1	57	158	2008	17658
88	1	2	0	148	2006	2381
89	2	1	0	164	2005	50872
90	1	2	63	134	2006	20747
91	1	1	63	144	2008	8961
92	1	1	58	122	2008	3739
93	1	1	0	127	2009	9673
94	1	2	59	122	2008	3748
95	1	1	72	0	2009	9771
96	1	1	68	164	2006	3716
97	2	1	0	134	2004	9343
98	3	2	0	0	0	9647
99	2	2	0	137	0	17640
100	1	2	57	164	2008	3599
101	1	0	0	0	0	0
102	1	1	55	137	2009	9584
103	1	1	61	0	2009	50425
104	2	2	0	164	2005	3571
105	2	1	0	164	2005	8977
106	1	1	63	127	2006	51367
107	1	2	56	134	2007	3610
108	2	1	0	134	2005	9349
109	1	0	0	134	2006	0
110	1	1	71	134	2006	50143
111	1	1	54	160	2008	3572
112	1	1	0	0	2008	52243
113	1	1	72	0	2008	8948
114	1	2	62	164	2006	3683
115	2	2	0	136	2004	56525
116	1	1	63	125	2008	3284
117	1	1	0	158	2007	17658
118	1	0	59	137	0	0
119	1	2	62	136	2007	50007
120	1	1	0	164	2007	9674
121	1	2	0	164	2007	21781
122	1	2	0	0	2009	50460
123	2	2	0	127	2002	6392
124	1	1	64	0	2008	51700
125	1	2	51	168	2007	3243
126	1	2	72	0	2009	0
127	1	2	60	147	2007	25278
128	2	2	0	0	0	50045
129	1	1	69	164	2008	3588
130	1	1	58	136	2007	50614
131	1	1	59	164	2008	9628
132	1	1	60	137	2007	5978
133	1	2	0	0	0	15903
134	1	1	67	0	2009	9780
135	1	2	0	0	2009	16849
136	1	2	67	0	2009	50141
137	4	1	0	0	0	0
138	2	2	0	173	2005	17620
139	1	1	55	0	2009	19444
140	1	2	63	134	2006	3667
141	1	2	59	134	2009	16387
142	1	1	61	0	2009	50045
143	1	1	51	122	2008	16062
144	1	1	0	134	2007	0
145	1	2	63	0	2008	50814
146	2	2	0	164	2005	50197
147	1	1	0	137	2007	50018
148	1	1	64	153	2007	9580
149	1	1	65	129	2006	8885
150	1	2	63	168	2006	50258
151	2	1	0	173	2005	51038
152	2	2	0	147	2001	50007
153	1	1	71	147	2006	0
154	1	1	67	0	2009	50184
155	1	0	0	128	0	3629
156	1	1	60	0	2007	0
157	1	2	71	144	2006	9557
158	1	0	0	0	2007	3755
159	1	2	61	0	2009	9415
160	1	2	55	0	2008	3574
161	1	2	67	0	2009	9586
162	1	1	63	164	2007	9073
163	1	1	61	0	2009	51285
164	1	2	65	128	2008	9313
165	1	1	58	162	2008	8966
166	1	2	52	0	2009	9492
167	1	1	71	166	2005	9077
168	1	1	71	164	2006	50185
169	1	1	0	166	0	3506
170	1	1	53	127	2006	3725
171	1	2	73	167	2007	50184
172	1	1	72	0	2009	3762
173	1	0	0	0	0	50375
174	1	2	64	178	2008	7109
175	1	0	63	125	2008	17540
176	1	2	60	0	2008	21621
177	1	2	60	137	2007	50002
178	1	1	54	127	2006	16438
179	1	1	61	127	2009	3716
180	1	2	60	136	2006	50197
181	1	1	60	167	2007	50521
182	1	1	72	0	2008	2622
183	2	2	0	175	2004	16091
184	1	2	68	164	2007	19153
185	1	2	0	128	2006	9339
186	1	2	71	0	2006	50595
187	1	2	67	144	2009	9618
188	1	2	73	134	2008	0
189	1	2	0	134	2005	50151
190	2	2	71	134	2005	52989
191	1	1	70	144	2007	1679
192	1	2	67	164	2009	50090
193	2	1	0	148	2005	16007
194	2	2	0	137	2003	3648
195	2	1	0	133	2004	0
196	1	2	0	135	2006	50367
197	1	2	70	127	2006	3528
198	1	2	60	0	2008	9678
199	1	2	52	0	2009	17486
200	1	1	61	0	2009	21473
201	1	2	0	0	2008	0
202	1	2	67	128	2009	3509
203	2	2	0	137	0	0
204	2	0	0	0	0	0
205	1	1	67	0	2009	50378
206	1	1	63	147	2006	0
207	1	1	61	0	2009	2181
208	1	2	0	134	2006	8961
209	1	1	61	0	2009	50229
210	1	1	70	147	2006	2135
211	1	1	58	0	2008	9580
212	1	1	58	134	2008	50754
213	1	2	0	0	2006	0
214	1	2	74	164	2007	9678
215	1	2	57	136	2007	50197
216	2	1	0	127	2005	3519
217	1	2	63	136	2008	9569
218	1	2	59	164	2008	9441
219	1	2	57	134	2006	50104
220	1	1	0	125	2007	4568
221	1	2	71	137	2005	3683
222	1	2	70	130	2007	50015
223	1	2	58	166	2007	16396
224	1	1	57	164	2008	9478
225	1	1	70	125	2006	24984
226	1	2	67	0	2008	50595
227	2	2	0	122	2005	3500
228	2	2	0	133	2004	9673
229	1	1	67	0	2008	0
230	1	1	0	158	2007	50398
231	1	2	57	0	2009	50002
232	1	1	65	170	2006	0
233	1	1	0	137	2007	50545
234	1	2	51	127	2007	3502
235	1	1	0	0	2007	52234
236	2	2	70	136	2005	0
237	1	0	0	0	0	0
238	2	2	0	144	2005	9530
239	1	1	63	178	2007	16852
240	2	1	0	122	2005	3750
241	1	2	68	134	2007	3735
242	1	2	60	162	2007	16423
243	2	1	71	167	2005	11099
244	1	2	66	134	2006	50131
245	1	2	53	163	2007	3555
246	2	1	71	164	2005	0
247	2	2	0	0	2004	0
248	2	1	0	164	2004	3551
249	1	1	60	166	2007	23620
250	1	1	64	134	2008	50059
251	1	2	0	128	0	50425
252	2	1	0	128	2005	51108
253	1	0	0	137	0	21196
254	1	1	58	0	2008	51060
255	1	1	57	158	2008	16530
256	1	1	61	0	2009	9324
257	1	1	0	123	2007	3683
258	1	1	57	127	2007	50001
259	1	2	0	166	2007	9023
260	1	1	58	160	2008	2802
261	2	1	0	162	2005	0
262	1	1	63	146	2008	4687
263	1	2	66	134	2006	4585
264	1	2	0	164	2006	15932
265	2	2	0	128	2005	3602
266	1	2	0	134	2007	9771
267	1	0	51	164	2007	3681
268	1	2	61	0	2009	3858
269	1	2	61	0	2009	51074
270	1	2	59	134	2008	0
271	1	1	67	0	2009	50459
272	1	0	67	134	0	5282
273	1	2	0	0	2009	53475
274	1	0	0	0	0	0
275	2	1	55	128	2004	9108
276	1	2	0	139	2006	50131
277	1	1	69	146	2006	0
278	1	1	0	164	2008	16804
279	1	1	67	0	2009	50020
280	1	1	67	128	2008	9618
281	1	2	64	0	2007	9654
282	2	1	0	160	2005	6164
283	2	2	0	164	2005	17726
284	1	1	0	144	2006	9757
285	1	2	0	0	0	0
286	2	2	0	170	2004	20555
287	1	1	0	164	2007	9773
288	1	2	0	0	2009	50060
289	1	1	52	0	2009	9757
290	1	0	0	0	0	0
291	1	1	0	0	2006	9755
292	1	0	0	134	2007	16693
293	2	2	0	147	2005	50460
294	1	1	60	175	2006	17079
295	1	2	55	134	2009	9580
296	1	1	57	0	2009	8948
297	1	0	64	144	2007	50354
298	2	2	0	166	2005	16204
299	2	1	0	127	2005	0
300	2	1	0	0	2005	17529
301	2	1	0	166	2005	17908
302	1	1	57	166	2009	4849
303	1	1	58	0	2008	50699
304	1	2	59	0	2009	3659
305	2	1	0	136	2005	50046
306	2	2	0	134	0	52798
307	2	1	0	135	2005	9603
308	1	1	72	122	2008	4687
309	1	1	61	144	2009	16215
310	1	1	55	173	2009	51946
311	1	2	72	134	2009	50010
312	1	1	72	0	2009	20839
313	1	1	52	167	2008	0
314	1	2	59	147	2009	50643
315	1	2	61	134	2009	0
316	1	2	70	144	2007	50094
317	1	1	52	0	2009	9741
318	1	2	70	134	2006	0
319	1	1	67	147	2009	50036
320	1	2	60	127	2007	50075
321	1	1	52	0	2008	9550
322	1	1	51	134	2005	3667
323	1	2	60	164	2007	9581
324	1	1	72	0	2006	20838
325	2	1	0	135	2005	16274
326	1	1	71	166	2006	20927
327	2	2	71	164	2005	50489
328	2	2	71	128	2005	21531
329	5	0	0	144	0	0
330	2	1	0	164	2005	0
331	1	1	67	128	2009	15921
332	1	0	0	0	0	0
333	1	2	0	0	2005	0
334	1	1	52	127	2006	50022
335	2	1	0	137	2005	50018
336	1	2	51	141	2008	9783
337	1	0	0	0	0	0
338	1	1	0	134	2007	9324
339	1	1	0	164	2005	50124
340	2	1	0	153	2004	6294
341	1	1	71	178	2006	51833
342	1	2	0	0	2009	50425
343	1	2	63	134	2008	9501
344	1	1	62	0	2008	17908
345	1	2	64	153	2007	50080
346	4	1	0	0	0	0
347	1	2	70	128	2006	50377
348	2	2	0	144	2005	9492
349	1	1	54	127	2007	9385
350	1	2	70	147	2007	25825
351	2	2	0	133	2004	51066
352	1	0	70	166	2006	16440
353	1	1	56	0	2008	10843
354	1	1	57	0	2009	3632
355	1	2	67	0	2009	9484
356	1	0	62	166	2007	15912
357	1	1	0	147	2007	4007
358	1	2	72	0	2009	21408
359	1	1	72	0	2009	9434
360	1	2	55	0	2008	9617
361	1	2	63	167	2008	16338
362	2	1	0	144	2003	0
363	1	1	67	0	2009	16104
364	1	2	52	0	2008	50161
365	1	1	0	0	2007	50020
366	1	1	0	146	2007	25723
367	1	2	51	136	2008	17997
368	1	2	51	134	2008	20829
369	2	1	0	166	2005	9773
370	1	1	52	0	2009	50419
371	1	1	67	0	2009	9533
372	1	1	0	133	2006	3750
373	1	1	58	137	2008	50161
374	2	1	0	166	2004	3667
375	1	1	71	170	2006	16761
376	1	2	67	136	2009	57423
377	1	2	70	168	2007	16256
378	1	1	72	0	2009	9673
379	1	1	59	128	2005	9701
380	5	2	0	160	2003	3719
381	1	2	69	134	2006	3675
382	1	0	0	0	0	0
383	1	2	67	144	2008	50117
384	1	2	52	136	2008	51161
385	2	2	0	162	2005	16104
386	1	2	0	134	2008	17662
387	2	1	0	0	2004	50124
388	1	1	64	162	2007	1427
389	2	0	0	134	2005	9423
390	1	2	57	134	2006	9423
391	4	0	0	0	0	0
392	2	1	0	123	2004	0
393	2	2	0	134	2005	50197
394	4	2	0	0	2006	9414
395	1	2	72	0	2009	50425
396	2	2	0	164	2005	50135
397	1	1	57	144	2006	50022
398	1	1	0	144	2007	50016
399	1	2	53	168	2006	17640
400	1	1	58	134	2007	9321
401	2	0	0	136	0	3569
402	1	2	75	164	2004	9533
403	1	1	67	166	2008	3509
404	1	1	0	134	2006	3284
405	1	1	62	125	2007	21514
406	2	2	0	166	2005	3858
407	2	1	0	164	2005	9489
408	1	2	51	134	2008	11280
409	2	1	0	175	2004	17885
410	1	1	0	166	2006	9444
411	1	2	61	175	2009	0
412	1	2	63	164	2008	3674
413	1	1	59	136	2008	50258
414	1	2	60	136	2008	3571
415	1	2	0	0	2009	3569
416	1	2	61	0	2009	3754
417	1	2	52	134	2009	17886
418	1	1	0	166	2006	9423
419	1	2	0	0	2009	51782
420	1	1	63	137	2008	50928
421	1	1	54	170	2007	10843
422	1	1	71	137	2006	9773
423	1	1	67	0	2009	3686
424	2	2	65	127	2005	3701
425	1	2	71	166	2006	15965
426	2	2	0	168	2002	17886
427	1	2	67	136	2009	0
428	1	2	0	164	2006	4312
429	1	2	55	0	2009	8851
430	1	2	59	128	2004	8647
431	1	0	0	144	2005	9021
432	1	1	63	153	2008	50963
433	1	1	60	125	2006	3570
434	1	1	72	166	2008	3636
435	2	1	0	164	2005	50481
436	2	1	0	167	2004	15953
437	1	2	59	164	2008	0
438	1	1	60	0	2007	0
439	1	2	60	134	2007	6157
440	2	1	0	137	2005	9719
441	1	1	0	0	2007	50246
442	1	2	0	166	2007	50250
443	1	2	0	134	2006	50036
444	1	2	72	147	2007	3750
445	1	1	72	0	2009	8851
446	1	2	0	0	2007	9316
447	1	2	58	144	2006	9346
448	1	2	64	164	2008	50180
449	1	2	65	162	2006	3502
450	1	1	60	0	2007	3684
451	1	2	0	163	2006	3564
452	1	1	67	0	2009	57595
453	1	1	72	0	2009	2381
454	1	2	57	139	2006	16941
455	1	1	61	166	2009	0
456	1	2	72	134	2009	8966
457	1	2	57	0	2009	25056
458	1	2	0	164	2007	50002
459	1	2	71	134	2006	0
460	1	2	67	164	2007	3686
461	1	1	72	0	2009	50026
462	1	1	52	164	2009	50378
463	1	2	63	135	2008	9720
464	2	1	0	137	2005	3682
465	1	1	67	147	2009	16408
466	1	1	61	166	2007	9575
467	1	2	57	134	2006	3565
468	1	2	65	134	2008	9023
469	1	2	0	0	2006	50074
470	2	1	65	166	2005	9720
471	2	2	69	134	2005	50460
472	1	1	67	0	2009	50173
473	1	2	73	134	2007	9349
474	1	2	59	179	2009	0
475	1	1	57	164	2009	50258
476	1	2	0	144	2008	3528
477	1	2	70	162	2007	2581
478	1	2	55	127	2008	16010
479	1	2	64	134	2008	52100
480	1	0	0	0	0	0
481	1	2	57	0	2009	17746
482	1	1	52	164	2009	3716
483	1	2	52	163	2009	9319
484	1	2	55	166	2009	3589
485	2	1	71	137	2003	3701
486	1	1	72	0	2009	51776
487	1	2	67	134	2008	21056
488	1	1	58	135	2007	9381
489	1	1	58	153	2008	15947
490	1	2	0	0	2009	9414
491	1	1	55	0	2008	22236
492	1	2	0	168	2006	17596
493	1	2	62	129	2008	9701
494	2	1	67	160	2004	5827
495	1	1	70	134	2006	50233
496	1	1	67	127	2007	17129
497	1	1	72	0	2009	16440
498	1	1	0	0	2007	3575
499	2	1	0	166	2005	0
500	1	1	69	157	2006	51285
501	1	0	62	172	2007	0
502	1	2	0	164	2006	22265
503	1	1	75	135	2006	51663
504	2	1	0	134	2004	50045
505	1	1	63	123	2007	21566
506	2	1	0	0	2005	20927
507	1	2	59	134	2009	9023
508	1	1	66	122	2006	16021
509	1	2	0	0	2006	16010
510	2	2	0	0	2004	3581
511	4	2	61	167	2004	3761
512	1	0	56	0	2008	50012
513	1	2	59	0	0	3858
514	1	2	0	137	2006	50368
515	1	1	0	144	2007	5005
516	1	2	0	134	2006	50070
517	1	2	55	137	2009	17583
518	1	2	63	0	2007	9673
519	2	1	0	125	2005	3755
520	2	1	0	175	2004	9343
521	1	2	70	139	2005	3604
522	2	1	71	134	2005	9440
523	2	2	62	122	2003	50314
524	1	2	67	0	2009	9382
525	1	2	67	134	2009	9720
526	1	2	63	128	2008	50001
527	2	2	0	133	2005	50094
528	1	2	72	0	2009	16256
529	1	0	0	0	2008	0
530	1	2	0	164	2006	50354
531	1	2	55	137	2008	10937
532	1	2	63	166	2008	5725
533	1	1	57	168	2006	50070
534	1	1	57	0	2007	3716
535	1	2	68	134	2008	50595
536	1	0	0	0	0	0
537	1	1	64	137	2007	3502
538	1	2	59	127	2006	50852
539	2	1	0	0	2004	0
540	1	2	60	136	2008	51161
541	1	0	0	0	0	0
542	1	2	60	144	2007	20681
543	1	2	71	144	2005	9588
544	1	2	52	146	2009	1518
545	1	2	61	137	2009	16499
546	1	2	58	127	2008	50814
547	2	2	0	134	2004	9423
548	1	1	57	137	2006	16755
549	1	2	59	0	2009	5221
550	2	1	0	135	2003	51700
551	1	2	0	0	2006	0
552	1	1	58	164	2007	9495
553	1	2	57	162	2008	9654
554	1	1	72	0	2009	9459
555	2	1	0	137	2005	3763
556	1	0	0	164	2006	0
557	5	0	0	0	0	0
558	2	1	0	147	2005	3737
559	1	2	60	160	2007	50347
560	1	0	0	164	2007	3678
561	2	2	71	0	2005	52899
562	1	2	51	178	2008	50583
563	1	2	0	167	2006	50161
564	1	0	0	0	0	0
565	1	2	59	144	2008	5789
566	1	2	70	136	2007	21155
567	1	1	0	173	2006	0
568	1	2	62	144	2006	9712
569	1	2	57	170	2006	0
570	1	1	62	166	2007	3675
571	2	2	0	134	0	2868
572	2	1	0	137	2005	21703
573	1	1	72	0	2009	16159
574	1	2	56	149	2007	16396
575	2	1	0	170	2004	9533
576	1	2	60	170	2007	50138
577	1	1	61	158	2008	3735
578	1	1	60	0	2007	17238
579	1	1	68	144	2007	50143
580	1	2	61	0	2008	5725
581	2	1	0	133	2005	3571
582	1	1	51	139	2008	9753
583	1	0	57	177	2006	3754
584	1	1	67	127	2009	50588
585	1	2	52	0	2009	0
586	1	2	51	0	2008	5932
587	1	1	67	0	2008	21094
588	1	1	63	166	2007	9343
589	2	2	0	136	2005	17349
590	2	2	0	0	2004	0
591	1	1	52	0	2009	17203
592	2	1	0	137	2005	51247
593	1	1	58	0	2008	9787
594	1	1	64	170	2007	22250
595	1	2	0	164	0	3548
596	1	2	70	147	2007	2702
597	1	1	57	0	2009	9313
598	1	0	60	164	2007	9533
599	2	1	0	137	2005	4294
600	1	0	70	167	2006	21531
601	2	2	0	133	2001	3588
602	1	2	66	134	2007	3571
603	2	1	0	0	0	9413
604	1	2	53	134	2006	3675
605	1	1	55	0	2009	0
606	1	1	72	0	2009	52805
607	1	1	75	125	2006	8857
608	1	1	0	123	2007	17930
609	2	2	0	136	2005	52453
610	1	1	67	160	2008	15947
611	1	2	61	0	2009	0
612	1	2	56	134	2007	0
613	1	2	63	143	2008	0
614	1	1	0	144	2006	11099
615	1	2	61	0	2009	50137
616	1	2	0	158	2007	3602
617	1	1	67	147	2009	17522
618	1	0	0	125	2007	50088
619	1	1	54	160	2007	0
620	1	2	67	0	2009	50118
621	1	2	61	137	2009	52286
622	2	2	0	136	2005	0
623	1	1	75	125	2006	50494
624	1	2	59	0	2008	9533
625	2	1	0	164	2004	9626
626	1	1	51	166	2008	25280
627	1	1	55	0	2009	3683
628	1	2	0	0	2008	50088
629	1	1	59	0	2008	21094
630	1	1	60	123	2008	9573
631	1	1	58	128	2008	11378
632	1	1	69	160	2006	50325
633	1	1	61	0	0	0
634	2	1	0	122	2005	0
635	1	1	61	137	2008	17836
636	2	2	0	166	2003	50094
637	1	2	0	128	2008	50000
638	1	2	71	144	2005	5008
639	1	2	55	0	0	0
640	2	0	0	0	0	0
641	1	1	52	137	2009	50000
642	1	2	0	144	2007	9312
643	1	2	73	144	2005	17640
644	1	1	61	164	2009	16849
645	1	2	0	160	2007	0
646	1	2	61	127	2008	9077
647	1	0	70	164	0	0
648	1	0	71	173	2005	3208
649	1	2	67	0	2008	50000
650	2	1	0	137	2005	51092
651	2	1	0	166	2004	9773
652	1	1	59	166	2008	3520
653	1	1	58	120	2008	9321
654	1	2	61	134	2009	50104
655	1	1	67	164	2009	0
656	1	2	61	0	2009	0
657	1	1	72	0	2009	50293
658	1	1	70	144	2006	9492
659	1	2	68	0	2008	3638
660	1	1	69	167	2007	50002
661	1	2	67	123	2009	50246
662	1	1	59	166	2006	50872
663	1	1	61	175	2009	2622
664	1	2	59	164	2008	52899
665	1	2	63	127	2005	17402
666	1	2	60	0	2008	16051
667	1	2	63	134	2008	50527
668	1	1	67	134	2007	52701
669	2	0	0	147	2005	0
670	1	2	51	144	2006	17640
671	1	1	70	137	2006	15891
672	1	2	63	170	2008	9650
673	1	1	51	0	2008	9787
674	1	2	64	0	0	50460
675	2	1	0	128	2003	21556
676	1	1	58	128	2007	8947
677	1	2	71	153	2006	9617
678	1	1	57	0	2008	25459
679	1	1	53	128	2007	3725
680	1	2	57	144	2006	0
681	1	2	52	0	2009	3840
682	1	2	72	134	2009	6138
683	1	1	67	0	2009	17908
684	2	2	0	134	2005	50173
685	2	1	0	125	2005	3735
686	2	1	70	166	2005	0
687	1	1	70	125	2006	0
688	1	2	61	144	2009	20838
689	1	1	0	125	2006	50253
690	1	1	67	127	2007	9378
691	1	1	0	164	2007	25049
692	1	2	62	134	2008	50197
693	1	1	71	166	2007	3504
694	1	0	0	0	0	0
695	1	2	63	153	2007	9378
696	1	2	67	0	2009	16803
697	1	2	0	144	2006	3755
698	1	0	60	167	2007	21408
699	1	2	71	134	2005	0
700	1	0	0	166	2007	50073
701	1	1	60	128	2007	3682
702	1	2	72	164	2009	17956
703	1	1	59	136	2008	9388
704	1	1	0	147	2007	0
705	2	2	0	134	2004	9023
706	1	1	57	144	2009	19114
707	1	1	61	127	2009	3589
708	1	2	57	136	2006	9373
709	1	2	67	160	2008	17620
710	1	2	51	166	2008	50000
711	1	2	57	164	2006	25070
712	1	1	72	0	2009	17107
713	1	1	0	147	2007	8840
714	1	2	53	120	2006	3858
715	3	0	0	0	0	0
716	1	1	0	123	2007	0
717	1	2	57	136	2006	3737
718	2	1	71	166	2005	5616
719	1	1	72	0	2009	3531
720	1	2	68	0	2008	50058
721	1	2	65	134	2008	3750
722	1	1	71	172	2006	9753
723	1	2	51	144	2008	17475
724	1	1	61	144	2008	20835
725	2	1	0	179	2003	9372
726	1	2	63	0	2008	16338
727	1	2	57	136	2009	9419
728	1	1	62	137	2006	50760
729	1	0	71	0	2006	50037
730	1	2	70	164	2006	50377
731	1	1	72	0	2009	5477
732	1	0	75	128	2006	6385
733	2	2	0	164	2004	3858
734	1	0	56	0	0	50460
735	1	1	67	127	2009	15996
736	1	1	64	0	2008	50074
737	2	1	0	166	2005	17934
738	1	2	62	136	2007	9318
739	2	1	71	166	2005	9423
740	1	1	63	127	2008	9581
741	1	2	52	147	2009	17060
742	2	1	0	0	2004	3683
743	2	1	0	164	2005	17909
744	2	1	0	170	2005	25326
745	1	2	57	134	2007	16406
746	1	2	70	167	2005	9492
747	1	1	0	164	2007	1943
748	1	2	51	134	0	15903
749	1	1	0	125	2006	50258
750	1	1	75	178	2006	50258
751	1	2	59	0	2008	0
752	2	1	0	135	2005	50491
753	1	1	58	0	2007	3682
754	1	1	75	164	2005	51700
755	1	1	0	137	2006	51700
756	2	0	71	164	2005	3681
757	1	2	75	0	2007	3565
758	1	0	71	164	2006	3576
759	1	2	67	0	2009	50173
760	1	2	63	143	2007	0
761	1	2	54	162	2008	50377
762	1	1	0	137	2007	50184
763	1	2	70	0	2008	50052
764	1	2	64	0	2008	3544
765	1	2	57	144	2007	25070
766	1	1	63	173	2007	8961
767	1	2	72	0	2009	3544
768	1	1	74	166	2008	22263
769	2	2	0	136	2002	5568
770	1	2	57	164	2007	3556
771	2	1	0	134	2005	3841
772	1	0	71	162	2006	0
773	2	2	0	144	2005	17164
774	1	2	55	133	2008	3527
775	2	1	71	166	2005	50459
776	2	1	0	166	2005	15886
777	1	1	67	146	2009	20898
778	1	0	74	0	2008	9580
779	2	2	0	166	2005	50459
780	1	0	72	0	2009	50185
781	1	1	51	137	2008	50319
782	1	2	0	137	2008	3698
783	1	1	61	0	2009	0
784	1	1	71	144	2006	16217
785	2	2	0	170	2005	0
786	1	2	0	0	2007	16159
787	1	1	52	147	2009	3667
788	1	2	61	0	2009	17135
789	1	2	67	0	2009	50173
790	1	1	58	167	2008	3735
791	1	2	63	136	2008	17450
792	1	1	55	0	2009	19757
793	1	2	51	128	2007	50527
794	1	2	69	165	2010	51210
795	2	1	0	167	2005	21326
796	1	1	72	166	2009	17907
797	1	1	72	0	2009	3594
798	2	2	0	0	2005	19445
799	1	2	51	144	2007	16794
800	2	1	70	125	2005	1943
801	1	0	0	0	0	0
802	1	2	75	147	2007	9421
803	1	2	55	127	2008	21094
804	1	2	57	0	2009	3556
805	1	0	0	0	0	0
806	1	1	72	0	0	50495
807	1	2	71	0	2007	9324
808	1	2	58	164	0	9421
809	1	1	58	0	2008	50175
810	1	1	72	0	2009	9581
811	2	0	0	0	0	0
812	1	1	0	0	2007	3749
813	1	2	67	0	2009	50857
814	1	1	0	134	2007	9021
815	2	2	61	175	2004	50314
816	1	2	67	166	0	3762
817	1	1	51	166	2008	9313
818	2	1	0	136	2004	1935
819	1	1	61	0	2004	50258
820	2	1	0	135	2003	51700
821	1	2	63	175	2008	9105
822	2	2	0	134	2004	0
823	2	1	0	125	2004	50521
824	1	1	0	166	2006	15996
825	1	2	67	128	2009	3754
826	1	2	70	135	2006	50161
827	1	1	58	0	2008	50060
828	1	1	61	166	2009	50162
829	1	1	70	129	2006	9765
830	1	1	57	164	2006	50502
831	1	1	70	137	2006	16510
832	1	1	59	0	2008	17885
833	2	1	0	0	2004	0
834	1	2	0	163	2006	9741
835	1	1	63	164	2008	16482
836	1	2	57	0	2006	9674
837	5	2	0	134	0	0
838	1	2	0	143	2006	0
839	1	2	59	0	2008	9618
840	1	2	60	175	2006	9618
841	1	1	61	173	2009	16805
842	1	2	54	0	2006	0
843	1	1	66	127	2006	4560
844	2	1	0	0	2004	50963
845	1	1	58	128	2008	3714
846	1	0	0	0	0	0
847	2	2	0	134	2005	3284
848	1	2	0	137	0	0
849	1	1	51	123	2008	3838
850	1	2	72	0	2009	3632
851	1	1	63	125	2007	17604
852	1	1	72	0	2009	10216
853	1	2	59	144	2008	50143
854	1	1	0	144	2008	3683
855	1	1	74	0	2008	1933
856	1	1	67	147	2008	0
857	1	1	72	0	2009	9771
858	2	2	0	136	2004	9060
859	1	2	72	162	2009	50303
860	1	2	72	0	2009	9423
861	1	2	70	164	2006	11099
862	2	2	0	134	2004	50118
863	1	2	67	136	2009	50094
864	1	1	71	163	2006	9477
865	1	1	70	0	2005	3638
866	2	1	75	144	2005	9760
867	1	1	58	127	2008	17608
868	1	2	57	136	2006	50016
869	1	1	0	147	2006	50184
870	1	1	72	0	2008	17885
871	1	2	74	133	2006	0
872	1	1	72	166	2009	16799
873	1	1	67	0	2009	17115
874	1	1	63	122	2008	9692
875	1	2	67	178	2008	0
876	2	1	0	0	0	9533
877	1	2	0	164	2006	16396
878	1	1	0	147	2007	17129
879	1	1	52	166	2009	9580
880	2	2	0	170	2004	50425
881	1	2	59	134	2008	50221
882	1	1	61	137	2009	15911
883	1	1	57	135	2007	51776
884	2	1	0	166	2005	51038
885	1	2	0	164	2007	9480
886	1	1	62	0	2008	17018
887	1	0	0	160	2010	3737
888	2	0	0	147	2004	50073
889	1	1	52	166	2008	17636
890	1	1	75	137	2007	9256
891	1	1	0	167	2006	50124
892	1	2	54	144	2008	20927
893	1	1	55	0	2009	9073
894	1	2	54	125	2007	50074
895	1	2	62	128	2007	0
896	1	1	70	166	2006	17908
897	2	2	0	164	2005	50863
898	1	1	0	170	2007	9076
899	2	2	0	144	2005	3755
900	2	1	71	135	2005	9748
901	1	1	0	164	2009	2674
902	1	1	67	166	2008	56313
903	2	2	70	164	2005	50696
904	2	2	0	134	2004	50709
905	1	1	57	166	2009	50016
906	1	2	61	0	2009	50310
907	1	2	75	166	2006	16068
908	1	1	0	149	2007	9771
909	2	2	73	125	2004	50377
910	1	2	55	134	2008	3716
911	1	2	67	0	2009	12304
912	2	2	0	144	2005	0
913	1	2	0	0	2007	52128
914	2	1	0	139	2004	5464
915	1	1	0	175	2007	0
916	1	2	73	134	2007	50046
917	1	2	71	142	2005	50258
918	1	1	59	0	2008	16068
919	1	2	70	134	2006	22602
920	1	1	61	0	2008	50304
921	1	2	64	134	2007	0
922	1	2	0	147	2006	2852
923	1	1	67	134	2008	1963
924	1	2	58	164	2006	15894
925	4	1	0	0	0	3761
926	1	1	63	127	2007	3762
927	2	1	0	136	0	50115
928	1	0	0	0	0	0
929	1	1	71	167	2006	50018
930	2	2	0	0	2004	9580
931	2	2	0	133	2005	51774
932	1	0	54	0	2008	50018
933	1	2	65	0	2008	3735
934	1	2	60	164	2007	3509
935	1	2	63	153	2006	9701
936	2	2	0	128	2005	50305
937	1	1	59	0	2009	0
938	1	2	0	166	2008	50074
939	1	1	67	170	2006	3676
940	1	1	64	167	2008	17826
941	1	2	63	162	2007	50052
942	1	2	57	170	2006	17725
943	1	2	61	144	2009	3750
944	1	2	70	137	2007	9701
945	1	0	0	130	0	22551
946	1	1	72	137	2006	15938
947	1	0	0	0	0	0
948	1	1	0	125	2006	50002
949	1	1	62	166	2007	3544
950	1	2	71	164	2005	9382
951	1	1	58	166	2006	9550
952	1	1	0	0	2006	3683
953	1	2	55	0	2009	25056
954	1	1	58	136	2008	50459
955	1	1	59	167	2009	50161
956	1	2	67	150	2009	21531
957	1	1	58	166	0	3520
958	1	2	57	134	2009	50425
959	1	1	59	130	2008	50060
960	1	1	67	0	2009	17789
961	2	0	0	0	0	0
962	1	1	51	160	2007	16492
963	2	2	0	130	2004	50094
964	1	1	70	164	2006	16749
965	1	2	0	143	2007	51396
966	1	1	61	144	2009	22205
967	2	2	75	164	2004	0
968	1	0	0	0	0	0
969	1	1	67	147	2006	18096
970	1	1	60	127	2007	18037
971	1	1	61	0	2008	17636
972	1	1	56	0	2008	50022
973	1	1	63	0	2008	20835
974	1	1	58	166	2008	3632
975	2	2	0	136	2005	9460
976	1	0	0	0	0	0
977	2	2	0	166	2004	50775
978	1	1	67	137	2006	3570
979	1	1	64	0	2008	0
980	1	1	67	0	2009	3602
981	1	1	72	0	2009	3683
982	1	1	58	137	2007	16661
983	1	2	75	144	2006	16333
984	1	0	56	137	2007	8875
985	1	2	64	169	2007	9515
986	2	1	0	137	2003	9580
987	1	2	57	127	2006	9324
988	1	2	0	168	2006	51444
989	1	2	72	0	2009	3632
990	1	1	0	170	2008	3570
991	2	2	0	167	2004	50239
992	1	2	67	0	2009	50173
993	1	2	51	0	2008	50001
994	2	2	0	135	2003	50701
995	2	1	0	175	2005	50436
996	2	1	0	133	2005	15903
997	1	1	57	147	2004	0
998	1	2	67	134	2009	16382
999	1	1	70	134	2006	9324
1000	1	0	0	0	0	17129
1001	1	2	55	136	2009	50614
1002	1	2	70	137	2007	4133
1003	1	2	0	173	2007	0
1004	1	1	0	125	2006	3727
1005	2	1	0	135	2004	3649
1006	1	0	0	0	0	0
1007	2	0	0	125	2005	50193
1008	1	2	63	166	2006	9388
1009	2	2	71	134	2005	17934
1010	1	1	75	144	2006	50118
1011	1	2	0	137	2007	3671
1012	1	2	64	134	2008	50643
1013	1	2	59	164	2009	0
1014	1	2	56	134	2007	15890
1015	1	2	70	127	2006	3762
1016	1	1	0	134	2007	9224
1017	1	1	58	146	2008	50507
1018	1	2	67	0	2009	8985
1019	2	2	0	153	2003	3685
1020	1	2	0	178	2007	52396
1021	1	1	72	147	2006	17658
1022	1	2	72	0	2009	3602
1023	1	0	0	0	0	3504
1024	1	2	66	137	2008	17662
1025	1	2	67	163	2009	17620
1026	1	1	61	0	2009	3632
1027	1	1	0	0	0	9624
1028	1	2	72	0	0	50197
1029	1	1	59	166	2007	16821
1030	1	1	57	128	2008	9665
1031	1	1	58	147	2007	50009
1032	1	2	65	153	2006	16423
1033	1	1	64	122	2007	50582
1034	1	1	72	127	2009	51942
1035	1	0	60	0	2007	15938
1036	1	2	63	170	2006	9423
1037	1	1	55	0	2009	50759
1038	1	0	75	160	2006	3681
1039	1	2	0	133	2006	0
1040	1	1	55	0	2009	22234
1041	2	2	71	164	2005	9757
1042	1	2	59	134	2008	50124
1043	1	2	60	0	0	3560
1044	1	2	57	137	2006	3725
1045	1	2	74	144	2008	16761
1046	1	1	64	125	2007	3611
1047	1	1	64	127	2007	51144
1048	1	1	64	134	2007	16440
1049	1	2	55	0	2009	21238
1050	1	1	0	134	2007	17287
1051	1	1	74	0	2008	9076
1052	1	1	0	122	2007	3682
1053	1	1	70	174	2006	0
1054	1	1	0	124	0	50018
1055	1	2	0	134	2007	50007
1056	1	1	51	128	2008	25280
1057	1	1	61	0	2009	61234
1058	1	2	73	164	2007	50258
1059	1	2	0	144	2006	58200
1060	1	2	60	134	2008	3733
1061	1	1	56	0	2008	50000
1062	1	2	65	125	2007	3589
1063	1	0	0	137	0	9321
1064	1	1	61	158	2009	16761
1065	1	1	63	166	2008	20678
1066	2	2	71	164	2005	17681
1067	1	2	0	173	2009	17009
1068	1	1	75	144	2006	21326
1069	1	1	61	0	2009	3755
1070	1	2	65	164	2007	11206
1071	1	2	75	178	2006	0
1072	1	1	59	0	2008	9603
1073	2	2	63	133	2005	9373
1074	1	1	0	147	2006	50161
1075	2	2	0	133	2005	3589
1076	1	1	52	167	2008	50118
1077	2	0	0	0	0	0
1078	1	2	0	144	2006	1935
1079	1	1	60	166	2006	50470
1080	1	1	0	137	2006	9765
1081	1	2	57	136	2007	15923
1082	1	2	0	162	2006	50293
1083	1	2	58	164	2008	50460
1084	1	0	0	137	2006	16445
1085	1	1	57	0	2009	9773
1086	2	2	75	123	2005	50909
1087	1	1	58	166	2007	3632
1088	1	2	75	130	0	51601
1089	1	2	71	144	2006	50375
1090	1	0	71	164	2005	0
1091	2	2	0	134	2004	3544
1092	1	1	57	0	2007	9557
1093	4	0	0	0	0	0
1094	1	1	72	0	2009	8952
1095	1	1	58	128	2007	16298
1096	1	1	66	164	2006	9565
1097	1	1	61	141	2009	50540
1098	2	1	0	170	2005	9366
1099	1	2	57	134	2007	52598
1100	2	1	51	125	2003	50008
1101	1	2	51	166	2008	17836
1102	1	1	55	0	2009	3290
1103	1	2	75	164	2007	0
1104	1	1	62	166	2007	9580
1105	1	1	63	137	2006	9223
1106	1	1	72	137	2008	17522
1107	2	1	0	149	2004	50221
1108	2	1	0	133	2004	9414
1109	1	2	60	153	2006	9421
1110	1	1	0	178	2006	3506
1111	1	0	59	0	2008	9603
1112	1	0	0	0	0	0
1113	1	1	63	0	2008	17263
1114	1	2	51	136	2008	50197
1115	1	1	0	153	2006	3629
1116	1	1	0	134	2007	9366
1117	1	2	66	164	2007	50909
1118	1	1	62	166	2007	9670
1119	1	1	63	153	2006	3750
1120	2	1	0	137	2004	3675
1121	2	1	0	164	2003	3741
1122	1	0	67	173	0	9472
1123	1	1	0	167	2006	50074
1124	1	1	63	164	2007	50046
1125	1	2	71	164	2006	50124
1126	2	1	0	127	2005	16356
1127	1	2	0	162	2007	50143
1128	1	0	0	0	0	0
1129	1	2	0	167	2005	3588
1130	1	0	0	0	2006	4296
1131	2	1	0	137	2004	50074
1132	1	2	57	122	2007	50258
1133	2	2	0	0	2004	0
1134	1	2	59	142	2008	57055
1135	1	2	51	166	0	9722
1136	1	2	57	127	2007	3725
1137	1	1	72	167	2007	17941
1138	1	1	69	149	2006	9060
1139	1	2	74	134	2007	17238
1140	1	2	71	137	2005	50173
1141	1	1	0	163	2008	53909
1142	1	2	60	136	2007	16159
1143	1	1	58	144	2007	56799
1144	1	0	0	164	0	9388
1145	1	2	67	164	2009	50755
1146	1	0	0	127	2006	9665
1147	1	1	67	0	2009	16439
1148	1	1	63	125	2007	8905
1149	1	2	0	134	2006	9498
1150	1	0	0	0	0	3576
1151	1	1	58	0	2008	3754
1152	1	2	63	144	2008	16328
1153	1	1	0	158	2006	9776
1154	1	1	63	175	2007	52402
1155	2	2	0	0	2005	50143
1156	2	1	0	125	2004	20927
1157	1	2	70	144	2006	50909
1158	1	2	54	128	2008	24458
1159	1	1	71	122	2006	9773
1160	1	1	55	136	2009	16757
1161	1	1	73	129	2006	16699
1162	2	1	0	126	2005	0
1163	1	1	68	164	2006	9692
1164	1	1	52	147	2009	9388
1165	1	0	0	153	2006	15892
1166	1	2	59	0	2009	21621
1167	1	2	75	137	2004	50094
1168	5	2	0	160	2005	3658
1169	1	2	59	144	2008	0
1170	1	1	75	166	2006	50052
1171	1	1	63	0	2007	0
1172	1	2	70	144	2006	51260
1173	1	0	57	0	2009	20927
1174	1	0	75	166	0	3575
1175	1	2	72	134	2008	0
1176	2	1	67	127	2004	3633
1177	2	1	0	0	2005	9588
1178	1	2	55	0	2009	50010
1179	1	2	61	158	2009	0
1180	2	1	0	173	2005	9536
1181	1	1	51	0	2007	9186
1182	2	1	0	142	2005	50025
1183	1	2	57	0	2009	50258
1184	2	1	0	123	2004	50052
1185	2	1	75	137	2005	9581
1186	1	2	59	136	2008	3519
1187	1	2	0	144	2007	3735
1188	1	2	57	0	2009	50094
1189	1	2	60	144	2007	3687
1190	2	2	0	127	2004	3687
1191	1	0	57	0	2008	50022
1192	1	2	51	0	2008	50058
1193	1	2	61	144	2009	17885
1194	1	1	0	147	2006	1454
1195	1	2	67	144	2009	19865
1196	2	2	0	173	0	3528
1197	1	1	62	135	2006	50203
1198	1	1	60	135	2007	9399
1199	1	2	0	134	2007	9647
1200	2	1	0	142	2005	3576
1201	1	1	61	134	2006	17211
1202	1	0	57	125	2008	50347
1203	1	2	71	137	2006	50118
1204	1	2	52	0	2009	50105
1205	2	1	75	134	2005	50018
1206	1	1	52	134	2009	17456
1207	1	2	62	134	2006	3747
1208	2	0	0	144	2005	50045
1209	1	0	0	0	0	0
1210	1	2	0	0	2009	9451
1211	1	2	63	167	2006	9331
1212	1	1	0	173	2006	6399
1213	1	1	61	0	2009	25280
1214	1	2	63	0	2008	3751
1215	1	2	60	153	2006	52253
1216	1	1	59	0	2009	50045
1217	1	1	61	160	2009	4094
1218	2	2	0	134	2004	9415
1219	1	2	55	128	2008	17826
1220	1	0	60	122	2007	50259
1221	1	1	61	147	2008	16815
1222	1	2	55	0	2009	50025
1223	1	2	67	0	2008	9382
1224	1	1	0	175	2007	17658
1225	1	2	0	162	2007	51151
1226	1	1	67	167	2009	50527
1227	1	1	58	166	2007	2248
1228	1	0	0	147	2006	16228
1229	1	2	0	167	2006	9414
1230	1	2	72	0	2009	17885
1231	1	1	58	0	2008	9580
1232	2	1	0	142	2005	3632
1233	1	2	0	166	2007	16849
1234	2	2	57	162	2005	50193
1235	2	2	0	147	2005	5252
1236	1	2	0	134	2007	17661
1237	1	2	73	162	2006	50241
1238	1	2	63	162	2008	9513
1239	1	2	59	136	2007	50025
1240	1	2	64	134	2008	3651
1241	1	1	75	135	2006	3714
1242	2	0	0	0	0	50045
1243	1	1	59	0	2009	3683
1244	1	2	59	136	2008	53475
1245	1	1	63	128	2008	9654
1246	2	1	0	125	2005	0
1247	2	2	70	136	2003	3730
1248	2	1	0	125	2004	16693
1249	2	2	67	162	2005	19033
1250	1	2	72	164	2009	25156
1251	1	2	55	144	2007	17934
1252	1	2	62	134	2007	50197
1253	1	0	71	140	2006	50001
1254	1	1	58	134	2006	9802
1255	1	2	63	164	2005	50156
1256	1	2	64	136	2007	0
1257	1	1	61	0	2009	21094
1258	1	1	61	164	2008	2422
1259	2	1	0	135	2004	17430
1260	2	2	0	136	2002	20731
1261	1	2	73	0	2007	50074
1262	1	2	72	137	2007	15874
1263	1	1	67	127	2009	50081
1264	2	2	0	0	2004	9829
1265	1	2	67	0	2009	50425
1266	1	1	0	0	2008	58352
1267	2	1	66	175	2005	50000
1268	1	2	0	167	2006	17746
1269	1	2	75	134	2006	0
1270	1	1	0	137	0	3602
1271	1	2	51	128	2008	50735
1272	1	1	51	147	2007	50025
1273	1	2	67	0	2009	9575
1274	1	2	74	134	2007	3571
1275	1	2	70	158	2007	3601
1276	2	1	70	128	2005	50104
1277	2	2	0	137	2005	50018
1278	1	1	72	147	2008	9755
1279	1	2	0	0	0	50143
1280	1	2	0	134	2007	16501
1281	1	1	71	167	2006	50118
1282	2	0	0	0	0	9618
1283	1	1	71	139	2006	9530
1284	1	1	57	147	2008	50179
1285	1	1	0	135	2005	3607
1286	1	2	0	0	2007	50173
1287	1	2	0	134	2007	50197
1288	1	0	57	160	2006	3564
1289	1	1	64	162	2007	3502
1290	1	2	60	134	2007	9321
1291	1	1	0	172	2006	3629
1292	1	2	60	0	2007	3741
1293	2	2	0	125	2005	9495
1294	1	2	75	168	2007	50197
1295	1	1	57	134	2009	17955
1296	1	2	0	144	2006	9757
1297	1	1	0	172	2006	8961
1298	1	1	54	128	2008	9787
1299	2	1	0	127	2005	16761
1300	1	2	52	0	2008	50754
1301	1	0	0	0	0	0
1302	1	1	67	0	2009	8966
1303	1	2	52	0	2009	9313
1304	1	1	60	128	2008	51774
1305	1	1	63	134	2007	3593
1306	1	1	60	137	2006	16117
1307	1	1	72	0	2009	3646
1308	1	1	51	164	2008	19446
1309	1	2	51	128	2007	20695
1310	3	2	0	149	0	11280
1311	1	2	61	0	2009	9722
1312	1	2	55	158	2009	16261
1313	1	2	0	134	2007	50045
1314	2	1	0	164	2004	9634
1315	1	1	72	166	2008	9554
1316	1	2	0	136	2007	0
1317	2	1	0	0	0	16438
1318	1	1	72	128	2009	9718
1319	1	2	0	155	2008	3604
1320	1	2	0	136	0	3737
1321	1	1	56	0	2008	50188
1322	1	0	60	144	2007	0
1323	2	1	0	127	2003	50161
1324	1	2	59	0	2009	50018
1325	1	0	0	134	2006	16803
1326	1	1	70	166	2006	51776
1327	1	1	0	160	0	3629
1328	1	1	66	137	2006	17238
1329	1	1	57	0	2009	50022
1330	1	2	67	136	2008	50491
1331	2	1	0	0	2005	3171
1332	1	2	70	127	2007	9698
1333	1	2	63	162	2008	50065
1334	1	1	0	164	2006	50864
1335	1	1	71	137	2005	3755
1336	2	1	72	147	2004	3681
1337	1	0	64	138	2008	50223
1338	1	1	58	0	2008	16269
1339	2	2	0	175	2005	15850
1340	2	2	0	0	2005	50000
1341	1	1	63	137	2007	9673
1342	2	1	0	125	2005	3716
1343	1	1	72	0	2008	17901
1344	1	2	0	0	2007	17348
1345	1	1	0	0	2008	9382
1346	1	1	70	133	2006	9484
1347	2	2	0	134	2004	50197
1348	1	2	52	164	2009	51460
1349	2	1	0	179	2004	9580
1350	1	2	58	0	2007	50088
1351	1	0	0	164	2006	3593
1352	1	2	55	0	2008	16138
1353	2	2	69	122	2005	9618
1354	2	2	70	134	2005	50813
1355	1	1	59	0	2009	3576
1356	2	2	0	149	2004	2694
1357	1	2	61	144	2006	2820
1358	1	1	60	166	2007	50595
1359	1	2	67	175	2008	2190
1360	1	1	51	166	2008	9415
1361	1	2	59	160	2008	50269
1362	1	1	54	127	2006	9413
1363	1	2	63	158	2008	3702
1364	1	2	59	134	2009	17725
1365	1	2	67	164	2009	50074
1366	1	2	73	164	2006	17853
1367	2	1	0	167	2005	1941
1368	2	1	0	137	2004	9670
1369	1	1	59	0	2009	16010
1370	1	1	0	134	2006	0
1371	1	1	57	0	2009	50094
1372	1	1	56	164	2007	50045
1373	2	1	0	134	2004	9580
1374	2	1	0	125	2005	50203
1375	2	1	0	147	2005	3570
1376	1	2	0	137	2006	50060
1377	2	1	0	137	2005	50203
1378	1	2	59	0	2009	20927
1379	2	0	0	0	0	0
1380	1	1	67	134	2008	50872
1381	2	2	0	147	2004	3602
1382	1	1	0	144	0	9802
1383	2	2	0	164	2005	24027
1384	1	1	0	162	2007	9530
1385	1	0	0	134	2008	0
1386	1	0	0	134	2006	15951
1387	1	2	57	134	2009	50180
1388	1	2	52	128	2007	9753
1389	1	1	58	136	2008	50185
1390	1	1	75	166	2006	50161
1391	1	2	52	127	2008	3842
1392	2	2	0	0	2004	9530
1393	1	2	72	134	2008	9624
1394	1	2	67	0	2009	3500
1395	1	1	75	167	2006	5005
1396	1	2	74	137	2008	50124
1397	1	2	65	134	2007	17640
1398	1	1	57	0	2009	9752
1399	1	1	72	125	2009	9076
1400	1	2	67	136	2008	9609
1401	1	2	57	175	2009	18875
1402	2	2	0	0	2003	50425
1403	2	2	70	133	2005	50052
1404	1	1	59	0	2009	50963
1405	1	2	52	136	2009	8947
1406	1	1	0	137	2007	50065
1407	1	0	0	0	0	0
1408	1	2	65	160	2006	50197
1409	4	2	0	0	0	3718
1410	1	1	75	164	2005	53352
1411	1	2	67	0	2009	9580
1412	1	1	63	0	2008	9076
1413	1	2	55	134	2008	51675
1414	1	0	0	137	2006	9632
1415	2	1	0	129	2005	50246
1416	1	1	62	164	2007	9550
1417	1	2	51	144	2008	25843
1418	1	2	65	133	2008	1518
1419	1	2	52	0	2009	50368
1420	1	1	57	144	2007	16510
1421	2	2	70	134	2005	51108
1422	1	1	56	175	2008	17636
1423	1	1	75	147	2005	16256
1424	2	1	73	164	2005	50223
1425	5	2	0	164	0	0
1426	2	0	0	170	2005	9492
1427	1	2	0	162	2006	15898
1428	1	2	74	0	2008	50814
1429	1	1	51	144	2008	3576
1430	1	2	57	134	2007	9492
1431	1	2	59	0	2008	9632
1432	1	1	0	134	2007	3581
1433	1	0	60	139	2008	50529
1434	2	1	71	164	2005	9423
1435	1	2	63	160	2005	0
1436	1	1	62	0	2008	9077
1437	1	1	0	157	2007	50105
1438	1	1	61	164	2008	9512
1439	1	2	67	128	2005	3638
1440	1	2	74	134	2008	9428
1441	2	1	0	164	2005	4690
1442	2	1	53	168	2005	17115
1443	2	1	0	125	2005	50118
1444	1	2	70	162	2006	0
1445	5	0	0	0	0	50161
1446	2	2	73	144	2005	0
1447	2	1	0	125	2005	50143
1448	1	1	57	127	2009	25996
1449	1	2	75	134	2006	16085
1450	1	1	57	0	2008	50006
1451	1	1	63	127	2008	9722
1452	1	1	72	0	2009	50223
1453	1	2	67	0	2009	50173
1454	1	0	0	0	0	0
1455	2	1	0	166	2004	0
1456	1	1	58	137	2008	3528
1457	1	1	69	135	2006	3733
1458	2	2	70	128	2005	17908
1459	1	1	52	0	2009	61100
1460	1	0	53	135	0	16423
1461	1	1	59	135	2009	11224
1462	1	1	0	140	2006	16268
1463	1	2	59	164	2008	50080
1464	2	1	0	153	2005	0
1465	1	0	58	0	2008	3739
1466	2	1	71	162	2005	0
1467	2	1	0	135	2004	3681
1468	1	2	70	139	2007	3734
1469	2	0	73	160	2003	9580
1470	1	2	67	0	2009	17885
1471	1	2	63	139	2006	17264
1472	1	2	63	133	2008	16104
1473	2	2	0	136	2005	15911
1474	1	1	63	125	2008	3667
1475	1	2	57	134	2009	3683
1476	2	2	0	127	2004	50173
1477	1	2	67	166	2009	3569
1478	1	1	51	134	2007	3574
1479	2	1	67	137	2004	766
1480	1	2	70	166	2007	50963
1481	1	2	71	134	2006	16396
1482	1	1	63	144	2007	50008
1483	2	2	0	134	2004	0
1484	1	1	57	0	2008	1371
1485	1	0	62	147	2007	50353
1486	2	2	0	134	2003	3704
1487	1	1	63	0	2008	9321
1488	2	1	65	166	2005	9677
1489	1	2	74	172	2008	0
1490	2	1	0	125	2004	21846
1491	1	2	67	137	2008	9606
1492	1	2	66	128	2007	0
1493	1	1	71	170	2006	0
1494	1	1	60	128	2007	0
1495	1	1	70	125	0	0
1496	1	2	72	134	2009	9423
1497	1	1	71	123	2006	0
1498	1	1	57	134	2009	9423
1499	1	1	56	160	2008	0
1500	1	2	0	0	2007	0
1501	1	1	55	0	2009	50018
1502	1	1	54	128	2006	16883
1503	1	2	63	128	2008	2702
1504	1	0	63	170	2006	18936
1505	1	2	71	134	2007	50425
1506	1	1	0	147	2009	21326
1507	1	1	58	122	2006	9073
1508	1	2	51	134	2006	9673
1509	1	1	57	147	0	3611
1510	1	1	72	0	2009	9492
1511	1	1	61	0	2008	21556
1512	1	2	68	0	2007	50583
1513	1	2	67	164	2009	3735
1514	1	1	0	137	2006	16269
1515	1	1	0	125	2007	3575
1516	1	2	58	164	2007	50131
1517	1	0	0	134	2007	16124
1518	2	2	0	128	2004	3528
1519	1	2	57	178	2009	50963
1520	1	1	72	0	2009	9381
1521	2	1	0	0	2003	9793
1522	1	1	69	162	2008	0
1523	1	0	56	173	2008	17129
1524	1	2	0	0	2008	3716
1525	1	1	63	122	2007	9681
1526	1	1	58	0	2007	2228
1527	1	2	51	0	2007	19445
1528	1	2	71	164	2006	50425
1529	1	2	65	128	2006	9423
1530	1	1	65	134	2007	9533
1531	2	1	0	128	2004	3588
1532	1	2	51	128	2007	3735
1533	2	1	0	127	2004	17291
1534	2	2	0	144	2004	3677
1535	1	2	67	0	2008	18233
1536	1	2	52	0	2008	9382
1537	2	1	0	157	2004	51108
1538	1	2	60	157	2008	15903
1539	1	2	63	168	2006	50094
1540	2	1	0	144	2004	17095
1541	1	1	72	175	2008	8998
1542	1	1	0	128	2006	16382
1543	2	1	0	125	2005	50241
1544	1	1	59	136	2009	50118
1545	1	1	65	164	2007	9382
1546	2	2	71	130	2005	50692
1547	1	2	0	0	0	3589
1548	1	1	63	164	2006	16758
1549	2	0	0	0	0	0
1550	2	1	0	166	0	2292
1551	1	2	58	133	2007	21621
1552	1	1	54	164	2008	9343
1553	2	2	0	133	2004	17294
1554	1	1	61	0	2009	50384
1555	1	2	64	0	2007	50425
1556	1	2	59	0	2008	50197
1557	1	1	54	0	2008	16692
1558	1	1	61	0	2009	16693
1559	2	1	0	137	2002	3683
1560	1	1	71	167	2006	50124
1561	1	2	0	0	2006	50046
1562	1	1	58	164	2007	16338
1563	2	1	0	153	2004	0
1564	2	0	0	134	0	17430
1565	2	1	0	134	2005	3548
1566	2	0	0	130	2005	17430
1567	2	2	0	136	2004	3528
1568	1	2	71	0	2008	0
1569	1	2	72	136	2009	6400
1570	2	0	0	127	2005	3683
1571	1	2	58	134	2006	6138
1572	1	1	59	166	2006	3581
1573	1	1	0	0	0	50615
1574	1	1	0	166	2006	50692
1575	2	2	53	134	2005	50074
1576	2	1	0	125	2005	50512
1577	1	2	65	135	2008	3561
1578	1	2	60	150	2008	50909
1579	1	2	55	147	2009	51125
1580	1	0	70	0	2007	9421
1581	2	2	0	164	2005	9421
1582	1	1	64	134	2008	50173
1583	1	2	0	0	2009	3632
1584	1	1	63	134	2007	3730
1585	1	1	59	147	2009	4262
1586	1	1	65	147	2008	16761
1587	1	2	72	0	2009	50460
1588	1	1	72	166	2009	50024
1589	1	1	75	164	2005	9076
1590	1	2	67	134	2009	20731
1591	1	1	0	138	2007	3527
1592	1	1	61	0	2009	5978
1593	2	0	0	0	2005	0
1594	2	1	0	164	0	9787
1595	1	1	72	0	2009	50143
1596	1	1	59	0	2008	16068
1597	1	2	51	139	2008	9584
1598	1	2	55	164	2009	15912
1599	1	2	63	122	2006	51652
1600	1	1	72	0	2009	16228
1601	1	1	58	144	2007	50184
1602	1	0	0	0	2007	19114
1603	2	1	61	162	2005	9722
1604	1	2	72	0	2009	0
1605	1	1	67	0	2009	50527
1606	1	2	0	134	0	0
1607	1	1	69	166	2007	16438
1608	1	1	60	136	2006	17692
1609	1	2	52	134	2008	50614
1610	1	2	57	0	2009	17238
1611	1	0	0	166	2006	9692
1612	1	2	74	168	2008	11067
1613	1	1	0	175	2007	3172
1614	2	1	0	127	2004	3523
1615	2	1	0	164	2004	3682
1616	1	1	0	134	2006	3681
1617	1	0	0	0	2009	3735
1618	1	1	63	0	0	51285
1619	1	2	0	164	2006	9421
1620	1	1	64	0	2008	50675
1621	2	1	0	164	2005	0
1622	2	0	0	0	0	0
1623	2	1	75	160	2005	3586
1624	1	1	59	127	2008	50709
1625	1	1	62	137	2007	25825
1626	1	1	0	134	2007	0
1627	1	2	55	0	2009	3572
1628	1	2	0	134	2006	9415
1629	1	1	60	134	2007	16849
1630	2	1	0	164	2004	16268
1631	1	1	53	172	2008	17343
1632	2	1	0	166	2004	50152
1633	2	1	0	175	2005	16445
1634	1	0	0	0	0	0
1635	1	2	0	133	0	5407
1636	1	1	60	158	2007	3570
1637	2	2	0	130	2005	19444
1638	1	0	0	0	0	0
1639	2	2	0	127	2005	52899
1640	1	0	70	162	2006	15890
1641	1	1	67	0	2009	50495
1642	1	2	61	0	2009	59476
1643	1	2	60	134	2006	51399
1644	1	2	59	0	2009	9580
1645	1	1	71	147	2006	51038
1646	1	1	75	155	2005	0
1647	1	1	55	127	2009	50022
1648	1	2	70	134	0	0
1649	1	1	67	144	2009	50094
1650	1	0	0	0	0	0
1651	1	2	61	122	2007	16274
1652	1	1	0	137	2007	1389
1653	1	1	72	164	2008	17566
1654	1	2	53	160	2007	3638
1655	1	1	72	134	2008	2849
1656	1	1	0	160	2007	9720
1657	2	2	63	127	2005	51210
1658	1	1	52	166	2009	9381
1659	2	2	0	134	2004	17140
1660	4	2	0	0	0	0
1661	1	2	71	0	0	9530
1662	2	0	0	137	2004	3737
1663	1	2	72	0	2009	17646
1664	1	1	65	166	2005	51774
1665	1	1	54	147	2006	0
1666	2	0	0	0	0	0
1667	2	2	0	152	2005	50595
1668	1	1	57	166	2007	0
1669	4	1	0	178	0	0
1670	1	1	0	134	2006	5550
1671	1	2	67	0	2008	50864
1672	1	2	0	128	0	3737
1673	1	2	51	136	2008	9343
1674	4	0	0	0	0	0
1675	2	1	0	134	2004	0
1676	1	1	67	166	2009	3750
1677	1	1	0	135	0	3570
1678	2	1	0	125	2005	50597
1679	1	2	72	158	2009	17908
1680	1	1	70	166	2006	9382
1681	1	1	58	144	2008	826
1682	1	0	0	0	0	0
1683	2	1	0	122	0	0
1684	1	1	70	137	2006	50024
1685	1	1	61	170	2009	9530
1686	1	2	61	168	2008	50131
1687	1	1	65	0	2008	9388
1688	1	1	66	127	2006	3612
1689	1	1	52	134	2009	17885
1690	1	2	71	147	2006	24027
1691	1	2	60	134	2006	9324
1692	2	1	0	164	2005	15936
1693	1	1	62	0	2008	16158
1694	1	1	67	127	2009	16957
1695	1	1	51	0	2008	2322
1696	1	2	0	0	2006	3659
1697	1	1	65	170	2008	1384
1698	1	1	58	0	2008	50649
1699	1	1	67	144	2009	50597
1700	1	1	70	122	2006	3754
1701	1	1	58	166	2008	2725
1702	1	2	66	128	2007	50354
1703	1	0	0	166	2006	9654
1704	1	1	58	170	2008	3716
1705	2	1	0	126	2005	0
1706	2	0	0	0	0	0
1707	1	1	55	0	2009	50022
1708	2	1	67	134	2004	2093
1709	1	2	0	127	2009	19198
1710	1	2	65	134	2006	0
1711	1	0	0	0	0	50124
1712	1	1	67	0	2009	16168
1713	1	1	55	0	2009	9473
1714	1	1	0	168	2006	3716
1715	1	1	0	164	2007	17885
1716	1	1	67	0	2009	50173
1717	1	1	67	0	2009	16386
1718	1	2	61	162	2008	17479
1719	2	2	0	144	2001	5616
1720	1	2	57	164	2006	3756
1721	1	1	0	164	2007	16243
1722	1	1	59	0	2009	16761
1723	1	2	59	0	2008	16849
1724	1	1	61	0	2009	3735
1725	1	2	67	136	2008	9071
1726	1	0	0	0	0	0
1727	1	2	55	0	2009	9434
1728	1	2	65	128	2006	9372
1729	2	1	0	137	2005	9618
1730	2	2	0	166	2005	50002
1731	1	1	72	0	2009	9319
1732	5	2	0	133	2005	16012
1733	1	1	75	134	2007	9324
1734	1	2	67	176	2009	21621
1735	2	1	66	166	2005	0
1736	1	1	56	0	2008	6097
1737	1	1	72	0	2009	21094
1738	2	2	0	124	2005	50425
1739	1	1	0	164	0	17885
1740	1	2	64	0	2008	3755
1741	1	1	57	0	2008	3576
1742	1	1	0	144	2007	50310
1743	3	1	72	146	1969	50060
1744	1	1	67	0	2009	17887
1745	2	1	0	137	2004	17598
1746	1	1	74	0	2008	9321
1747	1	1	62	137	2007	3737
1748	2	1	0	160	2004	0
1749	2	1	0	134	2005	0
1750	1	1	72	0	2009	0
1751	1	0	0	123	0	0
1752	1	1	0	164	2007	50872
1753	1	0	73	0	0	50814
1754	1	2	59	0	0	17934
1755	2	1	72	122	2003	3685
1756	3	0	0	0	1969	0
1757	1	0	0	0	2006	0
1758	1	1	0	166	2007	3504
1759	1	1	61	137	2009	15965
1760	1	2	72	134	2008	3656
1761	1	1	58	0	2008	9021
1762	1	2	68	0	2008	17908
1763	1	1	63	123	2006	0
1764	1	2	59	0	2009	9023
1765	1	1	63	123	2008	0
1766	1	2	64	0	2004	17140
1767	1	2	72	128	2009	50510
1768	2	1	0	0	2004	50001
1769	1	1	61	0	2009	50013
1770	1	2	74	0	2008	16246
1771	1	2	63	153	2007	17111
1772	1	2	0	166	2007	9580
1773	1	2	0	0	0	0
1774	2	1	0	175	2005	9763
1775	1	1	72	160	2009	3570
1776	2	2	0	134	2004	50643
1777	2	1	0	142	2005	50060
1778	2	1	0	166	2004	50104
1779	1	2	60	134	2007	3632
1780	1	1	59	0	2009	50060
1781	1	2	63	144	2006	50269
1782	1	2	0	170	2006	0
1783	1	2	61	128	2008	16906
1784	2	1	0	166	2005	0
1785	1	2	56	0	2007	3680
1786	1	1	51	164	2007	3509
1787	1	1	65	170	2007	3575
1788	1	1	58	0	2007	16384
1789	1	1	59	0	2009	59279
1790	1	2	67	155	2009	56425
1791	1	1	58	139	2008	50608
1792	1	2	53	170	2006	16803
1793	1	1	69	122	2008	16992
1794	1	1	61	0	2009	16849
1795	1	2	51	134	2008	9580
1796	1	1	63	166	2006	9760
1797	2	1	0	164	2004	0
1798	2	1	0	164	2004	50052
1799	2	2	75	134	2005	50527
1800	2	0	0	167	2005	9618
1801	1	1	58	137	2007	3666
1802	1	1	62	122	0	9536
1803	1	2	51	164	2008	21326
1804	1	2	63	128	2007	21531
1805	1	1	57	144	2008	16530
1806	1	1	58	0	2008	9319
1807	1	1	66	168	2006	5567
1808	1	2	51	126	2008	16210
1809	1	0	0	0	0	16321
1810	1	2	65	128	2005	53166
1811	1	1	58	0	2008	50052
1812	1	0	0	0	0	0
1813	1	2	64	164	2008	50007
1814	2	1	0	0	2005	9692
1815	1	2	66	137	2007	8946
1816	1	2	0	162	2007	50588
1817	1	2	57	134	2006	9023
1818	1	1	59	0	2008	9321
1819	1	2	72	0	2009	50242
1820	1	2	59	137	2008	3743
1821	1	1	61	136	2009	9650
1822	2	1	0	147	2005	9388
1823	1	1	59	134	2009	19150
1824	1	1	73	164	2006	20927
1825	1	2	57	137	2006	9480
1826	1	1	55	170	2007	6447
1827	1	0	0	0	2008	0
1828	1	1	0	147	2007	0
1829	1	1	55	0	2009	50314
1830	2	2	0	136	2002	0
1831	1	2	55	0	2009	9605
1832	1	2	63	137	2006	3840
1833	1	2	71	136	2006	17060
1834	1	2	70	160	2006	50630
1835	1	1	60	136	2007	9077
1836	1	2	75	134	2006	3581
1837	1	2	60	0	2007	9580
1838	1	1	65	0	2008	16124
1839	2	2	0	139	2005	3716
1840	1	2	70	160	2006	9673
1841	1	2	55	0	2009	9415
1842	1	2	58	0	2008	50118
1843	1	1	0	164	2006	9530
1844	1	1	59	0	2009	9351
1845	1	1	67	0	2009	0
1846	1	1	62	144	2007	9343
1847	2	1	63	170	2004	3840
1848	2	2	0	136	0	51675
1849	2	0	0	0	0	0
1850	1	0	0	168	2007	3594
1851	1	2	67	134	2007	50310
1852	3	2	0	0	0	9373
1853	1	2	68	128	2007	9496
1854	1	2	55	134	2009	16386
1855	2	2	0	134	2004	50258
1856	1	2	57	164	2006	0
1857	1	1	61	0	2009	51835
1858	1	1	74	166	2008	9771
1859	1	1	64	166	2007	9434
1860	2	2	0	136	2005	19249
1861	1	2	69	0	2007	21196
1862	1	2	64	0	2008	50643
1863	1	1	60	0	2008	50270
1864	1	1	58	135	2006	3683
1865	1	0	0	123	2007	2849
1866	1	2	60	134	2007	3716
1867	1	1	72	127	2009	16794
1868	2	2	70	134	2005	50527
1869	1	1	67	135	2006	50045
1870	1	2	59	144	2008	16274
1871	1	2	75	137	2007	50143
1872	1	1	64	0	2008	9720
1873	1	2	59	0	2009	50045
1874	1	2	67	0	2008	50130
1875	1	2	67	134	2009	50523
1876	1	0	0	0	0	50143
1877	1	2	53	164	2006	52234
1878	2	2	0	164	2005	50118
1879	1	1	57	137	2006	3678
1880	1	0	0	0	0	0
1881	2	1	0	123	2005	9642
1882	5	1	0	167	2010	0
1883	1	2	0	0	2008	3716
1884	1	2	61	144	2009	3750
1885	1	0	0	175	2005	0
1886	2	0	0	0	0	0
1887	1	2	60	122	2007	9077
1888	1	2	65	147	2005	0
1889	1	2	70	137	2006	50197
1890	1	1	65	163	2008	53662
1891	1	2	69	136	2007	50527
1892	1	1	56	166	2008	50088
1893	1	2	72	137	2009	9530
1894	2	2	0	164	2005	50002
1895	1	2	57	134	2009	3735
1896	2	2	0	137	2005	49
1897	1	1	57	122	2006	9802
1898	1	2	72	150	2009	0
1899	1	2	72	164	2008	3610
1900	1	2	55	0	2009	50007
1901	2	1	0	136	2005	3199
1902	1	1	0	120	2006	52734
1903	1	0	64	0	0	3858
1904	1	2	0	130	2007	50197
1905	1	1	64	0	2008	9415
1906	1	2	57	160	2007	15273
1907	1	2	61	147	2009	50004
1908	1	1	62	134	2007	17934
1909	1	2	52	0	2009	51361
1910	1	1	0	133	2007	3681
1911	1	2	59	134	2009	21531
1912	1	2	52	0	2009	0
1913	1	1	69	166	2008	3694
1914	4	2	66	133	2008	0
1915	1	2	0	134	2005	16159
1916	1	1	67	0	2009	5646
1917	1	2	63	0	0	50157
1918	1	0	63	162	2008	5646
1919	1	1	59	0	2008	3523
1920	1	1	57	153	2008	21070
1921	1	1	64	167	2007	52104
1922	1	2	55	134	2008	17885
1923	1	2	73	134	2006	0
1924	1	2	60	133	2008	51384
1925	1	1	58	0	2007	3570
1926	2	1	0	135	2005	9481
1927	2	0	0	134	2005	3815
1928	1	1	72	0	2009	3509
1929	1	0	70	170	2006	17407
1930	1	2	70	162	2006	50070
1931	2	2	0	134	2005	9692
1932	2	2	0	127	2005	9530
1933	1	2	67	0	2009	52104
1934	1	0	71	168	2006	9787
1935	1	0	65	152	2005	0
1936	1	0	0	173	2006	50963
1937	1	2	70	149	2007	50046
1938	1	2	64	144	2007	3677
1939	1	1	57	137	2009	50495
1940	1	0	0	0	0	0
1941	2	1	0	166	2005	9771
1942	1	1	72	137	2009	50775
1943	2	1	75	175	2005	9339
1944	1	1	63	147	2008	1912
1945	2	0	0	0	2004	3654
1946	1	2	0	134	2005	52234
1947	1	1	59	164	2009	9802
1948	1	2	0	133	2007	16862
1949	1	0	0	0	0	0
1950	1	1	61	0	2009	0
1951	1	1	0	166	2006	11099
1952	1	1	58	160	2008	17081
1953	1	1	62	134	2007	9466
1954	1	1	71	166	2006	11099
1955	1	1	75	166	2006	9773
1956	1	1	63	157	2008	50192
1957	1	0	63	139	2006	9701
1958	2	2	0	139	2005	50124
1959	2	1	0	164	2004	16159
1960	1	2	51	134	2008	19114
1961	1	1	51	128	2006	3629
1962	1	1	72	0	2009	50094
1963	2	2	60	127	2005	0
1964	1	1	62	166	2008	50118
1965	2	0	0	144	2005	50701
1966	2	0	0	0	2004	0
1967	1	1	67	0	2009	9423
1968	1	2	62	164	2006	50814
1969	1	0	0	0	0	0
1970	1	2	58	147	2008	3569
1971	4	2	70	122	2007	50643
1972	1	2	0	168	2007	2788
1973	1	2	61	166	2008	0
1974	1	1	62	0	2008	50002
1975	1	2	57	162	2007	3504
1976	1	1	69	166	2008	3588
1977	1	2	63	127	2006	3650
1978	1	1	74	0	2008	17568
1979	1	1	72	0	2009	0
1980	1	2	67	167	2009	21443
1981	1	2	52	134	2009	9580
1982	1	1	62	134	2007	3675
1983	2	1	0	153	2005	9752
1984	2	1	0	133	2004	9489
1985	1	0	0	166	2007	50081
1986	2	2	0	144	2002	3571
1987	1	2	75	144	2005	0
1988	1	2	51	173	2007	3591
1989	1	2	58	164	2006	16010
1990	1	2	52	127	2008	3616
1991	1	2	72	0	2008	3650
1992	2	2	0	144	2005	23618
1993	1	1	59	164	2008	3535
1994	1	1	63	0	2008	1912
1995	2	2	0	164	2005	3522
1996	1	2	0	0	0	50814
1997	1	1	51	137	2008	3576
1998	1	1	58	134	2007	0
1999	1	1	59	127	2009	55579
2000	1	2	60	170	2007	3737
2001	1	1	70	144	2006	17885
2002	1	0	0	0	0	0
2003	2	1	0	127	2005	3629
2004	1	1	0	137	2007	3502
2005	1	1	52	0	2009	50018
2006	1	0	0	0	0	50310
2007	1	1	0	167	2007	15895
2008	1	0	0	0	0	0
2009	1	1	64	128	2008	9768
2010	1	1	72	136	2009	16439
2011	1	2	63	133	2006	3613
2012	1	2	0	0	2008	0
2013	1	1	67	167	2006	3750
2014	2	2	0	0	2005	3842
2015	1	2	70	158	2007	17129
2016	2	2	70	137	2005	20853
2017	1	1	75	168	2006	50013
2018	1	2	0	0	2007	3754
2019	2	1	0	137	2005	50118
2020	1	2	63	134	2007	17352
2021	1	2	0	167	2006	5604
2022	2	1	0	170	2004	17009
2023	1	1	72	0	2009	50012
2024	1	0	0	0	0	0
2025	1	0	0	173	2007	3522
2026	1	2	62	157	2007	9643
2027	1	1	59	0	2008	21621
2028	1	2	0	178	2006	0
2029	1	0	63	144	2008	9650
2030	1	2	0	122	2007	17646
2031	1	2	0	168	0	0
2032	1	1	58	0	2008	50002
2033	1	1	67	164	2009	23613
2034	1	1	0	168	2006	0
2035	5	1	0	167	2005	3509
2036	1	2	71	137	2006	9618
2037	2	2	0	123	2004	3755
2038	1	2	61	164	2009	17348
2039	2	2	0	134	2005	17764
2040	2	2	0	134	2004	9757
2041	1	2	59	137	2008	9428
2042	1	2	53	133	2006	9423
2043	1	2	0	0	2006	16396
2044	1	2	57	0	2009	50143
2045	1	1	60	125	2007	50258
2046	1	0	0	125	2007	0
2047	2	1	66	166	2004	16805
2048	1	1	56	134	2008	9437
2049	1	2	51	134	2005	50308
2050	1	1	0	172	2006	3667
2051	1	1	58	130	2008	9603
2052	1	1	70	172	2006	3739
2053	1	2	69	167	2008	50582
2054	1	2	51	134	2007	50583
2055	1	2	57	0	2009	50377
2056	1	1	51	134	2008	52775
2057	1	2	63	144	2007	15239
2058	2	2	0	162	2005	17646
2059	1	0	0	0	0	0
2060	2	1	0	127	2004	50527
2061	1	2	75	144	0	3576
2062	1	1	72	0	2009	9434
2063	1	2	57	127	2007	3687
2064	2	1	71	125	2005	19776
2065	1	1	55	0	2009	50582
2066	1	2	62	167	2007	50545
2067	2	2	0	144	2003	8948
2068	1	2	67	128	2006	9698
2069	1	2	51	166	2008	52951
2070	1	1	63	0	2008	50854
2071	0	1	54	166	2006	50398
2072	1	1	58	147	2008	3769
2073	1	1	63	135	2005	9705
2074	2	0	0	173	2005	3580
2075	1	1	70	168	2006	6393
2076	1	2	55	0	2009	50075
2077	1	1	63	166	2006	16388
2078	1	1	0	175	2007	17831
2079	5	1	60	167	2007	3500
2080	2	1	0	123	2005	9773
2081	1	2	69	128	2007	3725
2082	2	1	0	166	2005	9417
2083	1	2	52	134	2008	52567
2084	1	2	70	158	0	0
2085	1	1	51	128	2007	9575
2086	1	1	0	167	2007	0
2087	1	1	61	135	2007	3506
2088	4	0	0	0	0	0
2089	1	2	0	134	2006	9580
2090	1	2	0	147	2007	51526
2091	1	2	57	0	2006	3571
2092	1	1	61	144	2009	1606
2093	1	2	68	164	2008	50875
2094	1	1	67	0	2008	20327
2095	1	2	59	164	2009	25072
2096	1	2	67	136	2005	16010
2097	1	2	65	129	2007	50113
2098	2	2	0	167	2005	3638
2099	2	1	0	164	2005	15968
2100	1	1	57	164	2006	17885
2101	1	2	55	0	2009	9618
2102	2	1	0	128	2004	9437
2103	1	1	60	164	2007	17454
2104	1	1	70	170	2006	20733
2105	1	1	0	125	2008	3755
2106	1	2	67	0	0	3739
2107	1	2	0	136	2007	5221
2108	1	0	0	0	0	0
2109	1	2	67	0	0	0
2110	1	2	0	164	2007	9722
2111	2	2	0	0	2004	50045
2112	1	1	0	135	2006	16742
2113	1	1	72	166	2006	3556
2114	1	2	59	0	2008	50377
2115	1	1	60	175	2008	17885
2116	2	1	0	166	2005	3576
2117	1	2	67	136	2009	3589
2118	1	1	0	164	2005	3682
2119	2	2	0	167	2005	50052
2120	1	2	53	136	2007	9021
2121	1	2	58	144	2007	25070
2122	1	0	65	137	2006	3713
2123	1	1	0	0	2008	9046
2124	2	2	0	164	2005	11279
2125	1	1	58	137	2007	17453
2126	2	2	0	172	2004	3551
2127	1	2	67	137	2008	50431
2128	1	2	61	0	2009	51247
2129	3	1	63	133	2008	3613
2130	2	2	0	162	2005	3758
2131	1	1	58	0	2008	9757
2132	1	1	66	137	2005	3704
2133	1	2	53	163	2007	9692
2134	1	2	63	0	2008	3681
2135	2	2	53	134	2005	19114
2136	2	2	0	134	2005	10937
2137	1	1	61	166	2009	50006
2138	2	0	0	0	0	50185
2139	1	2	0	0	0	50018
2140	1	2	0	136	2006	9580
2141	2	2	0	137	2004	17934
2142	1	2	59	128	2007	3812
2143	1	1	68	168	2007	0
2144	2	0	0	0	0	0
2145	2	1	0	128	2004	3544
2146	1	1	67	0	2009	3735
2147	1	2	0	144	2007	50060
2148	1	2	72	0	2009	3558
2149	1	0	0	0	0	0
2150	2	0	0	137	2005	50173
2151	1	2	64	164	2008	50643
2152	1	2	72	147	0	0
2153	1	2	60	130	2007	3840
2154	2	1	0	144	2004	51465
2155	1	2	0	0	2008	3755
2156	2	1	0	147	2004	1451
2157	1	1	51	137	2008	9580
2158	2	1	0	137	2004	3575
2159	1	0	60	147	2007	50909
2160	1	1	72	166	2009	16070
2161	1	0	0	0	0	0
2162	1	1	0	164	2006	9692
2163	1	1	70	0	2007	0
2164	2	1	0	153	2004	3658
2165	1	2	70	0	2010	0
2166	1	1	57	125	2007	61174
2167	1	2	64	133	2007	50814
2168	1	2	51	137	2007	4639
2169	1	0	71	137	2006	50060
2170	1	1	0	0	2009	16431
2171	1	2	60	134	2007	21514
2172	1	2	70	136	2008	50863
2173	1	2	71	164	2005	17430
2174	1	2	52	0	2009	5646
2175	1	2	72	136	2009	0
2176	1	1	57	167	2007	3735
2177	1	2	73	134	2006	50161
2178	1	1	65	160	2006	9484
2179	2	1	0	127	2005	11172
2180	1	2	56	133	2007	8910
2181	1	1	60	125	2007	50525
2182	1	0	0	136	2006	0
2183	1	1	63	160	2008	2365
2184	2	0	0	0	0	0
2185	1	1	63	146	2008	50534
2186	1	2	73	164	2006	50074
2187	1	2	72	166	0	50258
2188	1	2	52	0	2008	50198
2189	1	2	71	166	2006	17407
2190	1	1	0	173	2006	50325
2191	1	2	67	160	2008	3638
2192	1	2	72	0	2009	15938
2193	1	1	58	0	2008	17955
2194	1	1	58	127	2008	50141
2195	1	2	67	148	2006	3588
2196	1	1	55	0	2009	16510
2197	1	1	0	172	2007	3658
2198	1	2	51	134	2008	17454
2199	1	2	57	144	2006	21196
2200	2	1	0	0	2004	50525
2201	1	2	55	0	2008	21531
2202	1	2	72	0	2008	17888
2203	1	1	61	0	2009	9423
2204	1	1	68	164	2006	3570
2205	1	2	51	157	2007	25278
2206	1	2	70	137	2006	50786
2207	1	1	72	0	2009	17092
2208	1	1	0	147	2007	17573
2209	1	0	0	0	0	0
2210	1	1	72	0	2009	50018
2211	1	1	58	125	0	1943
2212	1	1	54	164	2006	10922
2213	2	1	0	137	2005	17529
2214	1	0	0	0	2006	9382
2215	1	1	58	134	2006	10788
2216	2	0	0	0	0	0
2217	2	2	0	164	2005	50045
2218	1	2	55	134	2008	50333
2219	1	1	63	0	2008	21621
2220	1	0	0	0	0	0
2221	1	2	65	168	2007	5852
2222	1	2	71	134	2005	6170
2223	1	2	60	144	2007	2701
2224	2	2	0	0	2005	3739
2225	2	2	0	122	2003	50595
2226	2	2	0	133	2002	50963
2227	1	2	64	147	2008	9421
2228	1	2	0	0	0	9321
2229	1	1	63	170	2008	2893
2230	3	0	0	0	0	0
2231	1	1	0	147	2009	50315
2232	2	2	63	127	2005	16924
2233	1	2	65	167	2008	50197
2234	1	1	59	0	2008	50595
2235	1	1	58	142	2007	3737
2236	1	0	53	0	2008	15903
2237	2	1	63	127	2005	25014
2238	1	2	72	0	2008	3762
2239	2	0	0	137	2004	3754
2240	1	2	63	140	2008	0
2241	1	1	51	134	2008	15923
2242	1	1	63	0	2007	9789
2243	2	1	67	144	2004	4007
2244	1	1	54	166	2008	2763
2245	1	2	62	134	0	9533
2246	1	2	72	134	2009	17454
2247	1	2	67	0	2008	50060
2248	1	2	70	134	2007	9437
2249	1	0	0	0	2009	0
2250	1	1	59	127	2009	3528
2251	1	1	57	153	2008	3592
2252	1	2	70	133	2005	0
2253	1	1	73	125	2006	50094
2254	1	2	58	137	2006	50113
2255	1	0	0	0	0	0
2256	2	1	0	164	2003	0
2257	1	1	0	0	2007	4296
2258	1	0	0	0	0	0
2259	2	2	0	127	2005	50124
2260	2	1	0	135	2005	3686
2261	1	1	52	166	2009	5978
2262	2	1	0	136	2003	0
2263	2	2	0	164	2005	17888
2264	1	2	72	127	2009	9569
2265	1	1	63	136	2006	9434
2266	2	1	0	164	2005	50384
2267	1	1	51	173	2008	20927
2268	1	1	55	0	2009	50502
2269	1	1	67	0	2009	50864
2270	1	1	58	128	2008	17419
2271	2	1	0	137	2005	50269
2272	1	1	58	136	2007	15911
2273	1	2	0	167	2007	9339
2274	1	1	71	0	2006	50410
2275	1	2	63	134	2007	3549
2276	2	1	0	147	2005	9722
2277	1	2	61	0	2009	50143
2278	1	1	61	0	2009	51079
2279	2	2	0	136	2005	9565
2280	1	2	61	175	2009	22956
2281	1	1	60	166	2008	5868
2282	1	0	0	134	2007	0
2283	1	1	63	125	2006	50013
2284	2	1	0	144	2005	25049
2285	1	0	0	167	2006	9324
2286	1	1	70	125	2006	50065
2287	1	2	75	134	2006	17287
2288	1	2	61	162	2009	3638
2289	2	2	70	137	2005	17348
2290	1	1	72	0	2009	3551
2291	1	0	64	0	2008	9557
2292	1	2	67	128	2009	9624
2293	1	1	60	164	2007	50259
2294	1	1	67	167	2009	9128
2295	2	2	0	144	2005	50094
2296	1	2	63	136	2008	0
2297	1	2	73	134	2005	50093
2298	2	1	70	137	2005	3702
2299	1	1	67	166	2009	17604
2300	1	1	0	164	2006	3681
2301	1	2	52	0	2009	50963
2302	1	1	0	147	2007	50097
2303	2	2	70	142	2005	0
2304	1	1	72	137	2009	50018
2305	1	1	52	0	2009	50074
2306	1	0	0	144	0	0
2307	1	1	72	160	2006	16510
2308	1	2	52	0	0	0
2309	1	1	0	150	2007	59033
2310	1	1	75	128	2006	9606
2311	1	2	53	133	2005	10245
2312	1	1	75	160	2006	9316
2313	1	1	52	0	2009	50384
2314	1	0	69	160	0	9369
2315	1	1	55	136	2008	3161
2316	1	1	63	170	2007	8948
2317	1	2	67	0	2008	3743
2318	1	1	0	139	2006	3841
2319	2	1	0	0	0	3841
2320	1	2	0	0	2008	16510
2321	1	1	61	158	2009	50223
2322	2	2	0	144	2004	50143
2323	2	1	61	164	2004	21326
2324	1	1	64	128	2008	16265
2325	2	2	0	134	2005	50094
2326	1	2	57	134	2008	3754
2327	1	1	63	137	2007	3754
2328	1	2	69	124	2008	5725
2329	1	2	55	147	2008	17568
2330	1	1	61	0	2009	50735
2331	1	2	67	0	2009	3681
2332	1	1	70	125	2006	8977
2333	2	2	0	0	2004	50010
2334	1	1	57	127	2009	51624
2335	1	1	57	0	2009	9223
2336	1	1	0	137	2006	17092
2337	1	1	0	172	2006	21326
2338	1	1	66	160	2006	9441
2339	1	1	58	134	2006	9366
2340	1	2	72	0	2009	50258
2341	1	2	57	144	2006	9415
2342	1	2	73	134	2006	3735
2343	1	1	59	130	2008	3547
2344	2	1	61	172	2004	9800
2345	2	1	0	147	0	9725
2346	1	2	60	128	2008	9701
2347	2	0	0	134	2005	3632
2348	1	2	0	0	2008	1964
2349	1	0	63	164	2005	3721
2350	1	2	70	164	2006	17536
2351	1	1	62	0	2007	9423
2352	1	1	69	166	2007	21514
2353	1	1	71	164	2006	15891
2354	1	1	59	0	2008	3733
2355	1	2	61	160	2004	9244
2356	1	1	64	0	2007	3531
2357	1	1	0	137	2007	17901
2358	2	0	0	164	2005	50597
2359	2	2	54	134	2005	50314
2360	1	2	57	134	2009	9654
2361	1	1	59	166	2007	0
2362	1	2	0	134	0	50010
2363	1	1	0	0	2008	21852
2364	2	2	0	157	0	0
2365	2	2	71	164	2005	3683
2366	2	1	0	134	2003	55937
2367	1	1	70	164	2005	9382
2368	1	2	0	134	2007	9533
2369	1	2	66	136	2007	15903
2370	1	2	72	160	2009	9674
2371	1	1	71	134	2006	0
2372	1	1	51	135	2008	50527
2373	1	2	59	144	2008	16333
2374	1	0	0	0	0	0
2375	1	2	59	0	2008	16226
2376	1	1	52	167	2009	9076
2377	1	2	0	164	0	16396
2378	1	1	61	134	2005	50425
2379	1	2	71	134	2006	9421
2380	1	2	68	144	2007	0
2381	2	1	0	170	0	3716
2382	1	2	0	144	2006	50173
2383	1	1	0	166	2006	3123
2384	1	1	0	0	2006	0
2385	1	1	61	123	2009	17645
2386	1	0	0	173	2007	23994
2387	2	2	71	135	2005	3823
2388	2	2	70	134	2005	9421
2389	1	2	70	134	2008	50325
2390	1	1	0	147	2006	51751
2391	2	1	55	162	2004	50012
2392	1	1	61	173	2009	16487
2393	2	2	61	164	2005	17983
2394	1	2	75	125	2006	50814
2395	1	1	62	166	2007	50188
2396	2	2	0	123	2005	9625
2397	1	1	56	175	2008	16911
2398	1	0	71	166	2005	9757
2399	1	2	51	127	0	9532
2400	1	2	72	166	2009	3571
2401	1	1	52	0	2008	50018
2402	1	2	55	166	2009	17287
2403	1	2	68	0	2008	50660
2404	1	2	0	144	2006	0
2405	1	1	61	0	2009	50378
2406	1	1	63	123	2007	16353
2407	2	1	0	168	2004	9381
2408	2	1	53	173	2005	50124
2409	1	1	72	0	2009	9351
2410	1	2	57	0	2009	0
2411	1	1	0	168	2007	25364
2412	1	1	71	144	2006	17340
2413	3	0	0	0	0	0
2414	1	2	52	127	2009	50814
2415	4	2	0	0	0	50425
2416	1	2	64	0	2008	9678
2417	1	2	61	130	2006	50060
2418	1	2	60	168	2007	3593
2419	1	2	67	0	2008	22211
2420	2	1	0	164	2005	50611
2421	2	1	0	164	2005	0
2422	1	2	65	128	2008	5932
2423	1	2	56	146	2007	50511
2424	1	1	0	173	2006	10216
2425	2	2	0	134	2004	9423
2426	1	2	0	144	2006	9586
2427	1	2	0	134	2008	9023
2428	1	1	55	146	2009	8911
2429	1	1	59	0	2009	20927
2430	1	1	53	160	2007	15903
2431	1	2	0	147	2007	50104
2432	4	0	0	0	0	53979
2433	1	1	56	162	2008	50073
2434	1	2	67	144	2009	50814
2435	1	2	59	128	2008	0
2436	1	2	67	0	2009	5979
2437	1	2	60	134	2006	3574
2438	1	1	63	0	2008	50046
2439	1	1	57	166	2005	50141
2440	1	2	63	164	2006	50258
2441	1	0	66	0	0	16159
2442	1	2	56	164	2007	3755
2443	1	1	63	153	2008	51599
2444	1	2	64	134	2008	3755
2445	2	1	0	137	2005	50036
2446	1	2	70	167	2007	14632
2447	1	0	0	137	0	9060
2448	1	1	71	166	2005	50293
2449	1	2	60	134	2006	9800
2450	1	2	71	162	2006	50241
2451	1	2	0	0	2006	3632
2452	1	2	64	0	2008	3571
2453	1	2	55	136	2009	3739
2454	2	2	70	133	2005	9617
2455	2	0	0	164	2003	0
2456	1	2	72	0	2009	9023
2457	1	2	61	144	2009	50221
2458	1	1	71	173	2006	9076
2459	1	2	59	0	2009	50132
2460	1	1	64	0	2008	50000
2461	1	2	67	160	2007	50754
2462	1	1	0	0	2009	50010
2463	1	2	0	157	2006	15964
2464	2	1	0	167	2004	17908
2465	1	1	58	0	2008	9753
2466	2	1	0	0	2004	50020
2467	1	2	55	147	2007	17573
2468	1	2	57	158	2009	3684
2469	1	2	0	134	2006	50814
2470	1	1	72	0	2009	3755
2471	1	1	63	170	2007	9800
2472	2	1	0	153	2003	11206
2473	1	1	52	163	2006	3739
2474	1	0	0	161	0	0
2475	2	2	0	134	2005	50643
2476	1	2	67	136	2005	5477
2477	1	1	58	128	2008	25036
2478	1	2	72	123	2009	9618
2479	1	1	63	0	2008	779
2480	1	1	61	0	2009	16693
2481	1	1	58	0	2008	9757
2482	2	2	0	175	2004	52903
2483	1	1	71	164	2006	16270
2484	1	1	70	162	2006	3527
2485	1	2	55	0	2009	3683
2486	1	1	69	0	2008	52564
2487	2	0	0	133	2005	50125
2488	1	1	64	137	2007	50504
2489	1	2	0	118	0	9673
2490	1	1	53	135	2008	17668
2491	1	2	51	137	2007	3739
2492	1	1	59	134	2009	15903
2493	1	2	59	140	2009	21621
2494	2	1	0	137	2004	0
2495	1	2	0	139	2007	50379
2496	1	1	57	164	2005	9077
2497	1	2	75	164	2006	15917
2498	1	1	63	167	2007	9241
2499	1	2	0	164	2006	8851
2500	1	2	59	164	2007	9556
2501	1	1	59	0	2009	9605
2502	1	1	59	0	2009	51388
2503	1	1	55	122	2009	5556
2504	1	1	63	0	2007	50527
2505	2	1	0	134	2005	0
2506	2	1	0	164	2005	16261
2507	1	2	55	0	2009	50419
2508	1	1	0	164	2006	0
2509	2	2	0	174	0	0
2510	1	1	51	0	2008	3601
2511	2	1	0	122	2005	16727
2512	1	1	55	164	2009	5221
2513	1	2	51	0	2007	50173
2514	2	2	0	147	2005	50000
2515	1	1	72	167	2007	3704
2516	4	2	0	0	0	3561
2517	1	2	72	0	2009	2355
2518	1	1	75	125	2005	17640
2519	2	1	0	137	2005	9489
2520	1	1	58	0	2008	3509
2521	1	1	61	0	2009	3762
2522	1	1	71	160	2007	17793
2523	1	2	64	0	2008	3544
2524	1	1	62	0	2008	50521
2525	1	1	57	0	2008	16010
2526	2	1	0	127	2004	0
2527	1	1	58	166	2008	10843
2528	2	2	0	164	2005	50258
2529	1	2	55	0	2009	9757
2530	1	1	0	125	2007	3575
2531	1	1	51	166	2008	3675
2532	2	2	0	164	2003	15987
2533	1	2	0	158	2006	3564
2534	1	2	63	128	2006	21260
2535	1	2	61	137	2009	3735
2536	1	2	57	136	2006	3721
2537	1	2	64	0	2008	3755
2538	1	2	53	164	2007	3583
2539	1	1	64	122	2008	17980
2540	2	1	0	128	2005	9441
2541	1	0	0	0	0	0
2542	1	1	51	0	2008	8971
2543	1	1	65	175	2006	3682
2544	1	1	58	0	2008	9580
2545	1	2	59	144	2008	17124
2546	1	2	58	134	2007	0
2547	1	1	0	160	2008	9748
2548	1	1	0	134	2007	2322
2549	1	1	59	144	2008	0
2550	1	2	61	0	2009	51083
2551	1	2	69	162	2007	50611
2552	2	1	0	166	2005	0
2553	1	0	70	164	2006	54143
2554	1	1	54	137	2006	50305
2555	2	2	0	137	2004	9771
2556	1	0	70	144	2005	0
2557	1	2	0	133	2006	9318
2558	1	2	74	134	2008	9624
2559	1	1	75	134	2005	9787
2560	1	1	59	147	2009	50046
2561	2	1	0	135	2004	0
2562	1	0	58	0	2008	50595
2563	1	2	63	144	2007	50173
2564	1	1	67	125	2009	16383
2565	1	1	55	147	2009	16158
2566	1	0	62	153	2007	3687
2567	1	2	55	0	2009	3638
2568	2	2	0	137	2005	50136
2569	1	1	64	0	2008	9771
2570	1	2	52	0	2009	50259
2571	1	2	64	0	2008	24210
2572	2	1	0	166	2001	0
2573	1	1	72	160	2006	9484
2574	1	2	63	167	2006	50096
2575	2	1	0	147	2005	51388
2576	1	1	74	147	2008	50459
2577	1	1	51	137	2008	9382
2578	1	2	55	126	2008	8948
2579	1	1	59	175	0	50165
2580	2	2	0	134	2004	2702
2581	1	0	60	134	2006	9480
2582	1	2	60	167	2007	9605
2583	1	1	0	144	2006	50045
2584	1	1	67	126	2009	3588
2585	1	1	64	0	2008	50022
2586	1	1	67	0	2009	5852
2587	1	2	73	134	2007	0
2588	1	2	51	134	2007	9722
2589	1	2	51	126	2007	9428
2590	1	2	57	0	2009	2420
2591	1	2	0	133	2008	52145
2592	1	2	55	126	2009	50377
2593	1	2	54	127	2007	3762
2594	5	1	0	135	2004	20853
2595	1	2	57	134	2009	50643
2596	1	1	59	0	2008	0
2597	1	0	67	160	2008	3569
2598	1	2	53	137	0	51663
2599	1	2	0	134	2006	50143
2600	1	1	61	0	2009	3713
2601	1	1	0	146	2007	9528
2602	1	1	65	172	2006	16389
2603	1	2	71	164	2006	0
2604	2	1	0	0	2003	3533
2605	1	1	53	144	2006	3519
2606	1	1	63	0	2008	50010
2607	2	1	0	0	2004	50178
2608	1	2	61	162	2006	3502
2609	1	2	58	136	2007	50595
2610	1	2	57	134	2009	17662
2611	2	2	0	134	2004	1963
2612	1	1	61	0	2009	16439
