node	student	gender	dorm	major	year	school
0	1	1	91	0	2009	3840
1	1	2	90	254	2009	50117
2	1	2	87	270	2009	17763
3	2	2	0	254	2005	16261
4	1	1	92	260	2009	9319
5	1	1	87	251	2008	17238
6	2	0	97	251	2005	9611
7	1	1	89	0	0	16661
8	2	1	90	251	2004	18074
9	1	1	88	261	2007	19518
10	1	1	95	249	2006	50304
11	1	2	87	0	2008	16739
12	2	1	0	281	2005	51060
13	1	1	93	274	2007	0
14	1	1	97	263	2006	8849
15	1	0	0	0	0	0
16	2	1	0	255	2005	8875
17	1	2	89	0	2009	17636
18	1	1	94	261	2008	9580
19	1	1	86	0	2008	17115
20	2	2	97	246	2005	17934
21	1	2	91	251	2009	51430
22	1	2	89	0	2009	9705
23	2	1	0	0	2005	0
24	2	1	0	235	2004	4694
25	1	1	90	253	2008	50181
26	1	2	91	268	2008	0
27	1	1	87	0	0	51443
28	1	1	94	0	2008	8647
29	1	0	0	0	0	0
30	1	1	92	238	2008	21781
31	1	1	97	248	2006	9381
32	1	1	97	276	2006	25014
33	1	1	88	276	2007	50137
34	1	2	86	0	2009	16130
35	1	2	97	246	2006	8825
36	1	1	86	242	2009	16924
37	2	1	0	283	2005	3246
38	1	2	87	275	2007	1372
39	1	1	97	275	2006	21134
40	1	2	87	0	0	3769
41	1	2	89	282	2007	16507
42	2	0	0	0	0	0
43	1	1	94	277	2007	8939
44	1	2	89	275	2007	4007
45	1	1	0	282	0	50649
46	2	2	0	254	2004	53430
47	1	1	95	275	2008	52044
48	1	1	96	238	0	25825
49	1	1	94	251	2007	3806
50	2	1	97	244	2005	0
51	1	1	88	0	2008	22234
52	2	2	96	248	2005	8953
53	1	1	92	238	2008	50223
54	2	1	0	0	2005	50529
55	1	1	86	274	2007	17908
56	1	1	89	271	2007	3632
57	1	1	87	248	2008	50024
58	1	1	89	248	2008	15903
59	1	0	0	0	0	0
60	1	1	87	250	2007	9753
61	2	2	97	257	2004	17419
62	1	1	96	237	2006	16327
63	1	1	87	0	2008	18123
64	1	1	89	251	2008	50830
65	1	0	0	0	0	0
66	1	1	0	251	2006	17949
67	1	1	87	0	2008	50963
68	1	2	86	275	2008	50178
69	1	1	0	240	2006	3373
70	1	1	92	240	2008	0
71	1	2	91	260	2009	16010
72	1	2	87	249	2008	16423
73	1	1	87	0	2009	9351
74	2	2	0	281	2005	16256
75	1	1	0	260	2007	25073
76	1	1	97	238	2006	16810
77	2	2	88	241	2004	21781
78	1	1	92	251	2008	9504
79	1	2	94	0	2008	16805
80	1	1	0	281	2007	50224
81	1	0	87	279	2008	17238
82	1	1	95	251	2009	3586
83	2	0	0	281	2004	7864
84	1	1	94	276	2008	4700
85	2	1	89	253	2004	50425
86	1	1	87	248	2007	9757
87	2	1	0	275	2005	50223
88	1	1	92	0	2009	51957
89	1	1	94	238	2007	4312
90	1	2	94	251	2008	25967
91	1	1	95	0	2009	50738
92	1	2	97	253	2006	9757
93	1	1	90	0	2008	2701
94	1	1	86	0	2009	55516
95	1	1	96	271	2006	17081
96	1	2	92	275	2009	16739
97	1	1	97	250	2006	0
98	1	2	97	257	2005	3656
99	1	0	91	257	0	0
100	1	0	0	0	0	0
101	1	1	87	275	2008	16849
102	2	1	0	251	2005	2725
103	2	1	86	277	2005	12129
104	1	1	0	238	2006	3570
105	1	1	94	0	2008	17273
106	2	1	0	282	2005	17206
107	1	2	0	260	2004	50522
108	1	1	87	276	2008	16256
109	2	2	0	248	2005	20731
110	1	1	87	281	2007	22359
111	1	1	94	275	2007	50525
112	1	2	94	274	2009	9318
113	1	1	90	0	2008	50291
114	1	2	97	251	2006	50145
115	1	1	88	240	2008	4354
116	1	1	0	238	2007	25278
117	2	2	98	277	2003	16727
118	1	1	94	276	2009	9115
119	1	2	90	0	2009	9580
120	1	1	88	256	2008	9649
121	1	2	94	275	2007	53909
122	1	2	88	251	2009	2149
123	2	0	92	254	2005	0
124	1	1	89	0	2008	17670
125	1	1	89	256	2007	21068
126	2	2	96	261	2005	50038
127	1	1	92	276	2006	17956
128	1	2	89	249	2008	17522
129	1	1	90	251	2009	50597
130	1	0	96	270	2006	16320
131	2	2	89	249	2005	0
132	2	2	96	251	2004	9829
133	1	2	94	260	2007	25084
134	2	0	0	0	0	0
135	1	1	97	276	2006	22205
136	1	2	86	270	2007	17537
137	1	2	86	0	2009	50192
138	1	0	0	0	0	0
139	2	1	94	251	2005	26644
140	1	1	89	0	2008	26446
141	1	2	94	282	2007	17792
142	2	1	0	255	2002	0
143	1	1	90	267	2007	3576
144	1	1	91	0	2009	50221
145	2	2	0	251	2005	50690
146	1	2	90	244	2007	17352
147	1	0	0	0	0	0
148	1	2	0	0	0	9831
149	1	2	91	0	2009	17789
150	1	1	89	237	2006	21621
151	1	2	94	261	2007	51465
152	1	1	97	276	2005	17658
153	1	0	0	0	2008	9886
154	1	1	95	240	2009	23742
155	1	2	89	260	2009	9077
156	1	1	88	241	2009	9076
157	1	1	89	277	2008	16739
158	1	1	95	251	2009	3564
159	1	1	86	0	2008	9618
160	1	2	86	0	2009	22236
161	2	1	97	248	2005	2655
162	1	1	92	281	2008	11657
163	1	2	90	260	2009	21417
164	1	1	97	281	2006	16805
165	2	0	0	0	2005	9382
166	2	2	96	249	2004	16219
167	4	2	0	0	0	0
168	1	1	86	271	2007	9648
169	1	1	92	276	2006	17722
170	1	2	0	249	2009	4004
171	1	2	91	276	2008	21605
172	1	1	91	238	2008	50010
173	1	0	90	260	2007	0
174	1	1	89	276	2008	9070
175	1	1	95	0	2008	18697
176	1	1	89	236	2006	0
177	1	1	90	253	2008	17081
178	2	2	97	238	2005	58346
179	1	0	0	0	0	0
180	2	2	0	240	2004	20934
181	1	1	89	260	2007	50010
182	1	1	98	279	2006	18064
183	1	1	91	237	2007	16117
184	2	2	97	249	2005	17636
185	1	2	90	282	2007	9321
186	1	2	89	0	2008	50141
187	1	1	91	263	2007	22187
188	1	2	94	0	2009	9023
189	1	2	0	0	2005	0
190	2	2	0	254	2005	17640
191	2	0	0	271	2005	17349
192	1	1	90	0	2009	8894
193	2	1	0	282	2005	17584
194	2	1	96	281	2003	52957
195	1	1	95	0	2009	23994
196	1	1	88	0	2009	15588
197	1	2	0	249	2005	26531
198	1	1	87	0	2009	6400
199	1	2	91	0	2009	16758
200	1	0	0	268	2008	3638
201	2	2	96	251	2005	5725
202	1	1	95	0	2009	51856
203	2	2	86	240	2005	18043
204	1	2	88	249	2007	50682
205	2	2	97	267	2003	16235
206	1	1	86	0	2008	15965
207	1	2	0	249	0	0
208	2	2	88	246	2003	0
209	2	2	0	238	2005	16104
210	1	2	86	260	2007	51714
211	1	2	97	249	0	8307
212	1	1	94	251	2009	3632
213	1	2	90	242	2009	0
214	1	1	92	0	2009	50240
215	2	1	0	240	2005	18099
216	2	1	0	275	2005	17994
217	1	1	90	248	2008	17268
218	1	1	91	243	2007	53392
219	2	2	86	276	2004	17309
220	1	1	90	254	2008	0
221	1	2	90	260	2009	18083
222	1	1	87	281	2007	50634
223	1	1	94	0	2008	5421
224	2	1	94	241	2005	24716
225	1	2	87	253	2007	26794
226	2	1	0	263	2005	17789
227	2	2	0	246	2005	17598
228	1	2	94	249	2007	0
229	1	1	91	251	2007	3701
230	1	1	94	261	2007	5868
231	2	1	89	248	2003	50148
232	1	1	90	0	2009	3240
233	2	1	97	251	2005	50250
234	1	1	86	270	2009	17396
235	1	2	91	0	2008	16245
236	2	2	0	276	2005	50909
237	1	1	87	0	2008	17268
238	1	1	86	238	2009	20340
239	2	1	0	251	2004	3682
240	2	1	0	275	2005	17089
241	1	1	0	260	2007	0
242	2	1	98	248	2005	11326
243	1	1	92	0	2006	22187
244	1	2	88	249	2007	11099
245	1	1	95	240	2009	0
246	1	1	94	238	2008	50223
247	1	1	86	240	2009	6088
248	1	1	94	254	2009	18781
249	1	1	91	259	2008	8946
250	2	1	0	244	2005	26203
251	2	1	0	235	2005	0
252	1	2	87	257	2007	3246
253	2	1	94	250	0	50481
254	1	2	87	270	2009	50305
255	1	1	87	0	2008	50495
256	2	1	0	249	2005	0
257	1	0	91	279	2007	17496
258	1	1	94	270	2009	50342
259	1	0	90	0	0	21334
260	1	1	92	251	2006	3240
261	1	2	87	276	2007	50130
262	1	1	86	276	2009	0
263	1	1	89	276	2009	5616
264	1	1	87	248	2008	1384
265	1	2	88	260	2007	0
266	1	1	0	284	2007	16924
267	1	1	90	260	2008	3564
268	1	0	87	260	2007	50588
269	1	1	90	251	2009	3504
270	2	1	0	276	2005	50699
271	1	1	95	0	2008	15943
272	1	1	0	241	2008	0
273	1	2	87	271	2008	2052
274	1	2	96	274	2006	17636
275	1	1	0	0	2009	2381
276	1	1	95	249	2006	34
277	2	1	97	237	2005	2716
278	1	1	88	0	2009	51071
279	1	2	86	267	2006	16245
280	2	1	96	260	2005	16530
281	1	2	87	282	2007	22187
282	1	2	90	248	2008	3594
283	1	1	87	0	2008	5282
284	2	2	0	246	2003	50612
285	1	2	97	275	2006	17309
286	1	1	96	251	2006	2701
287	1	1	92	0	2009	9752
288	1	2	97	260	2006	9318
289	1	0	86	237	2007	17135
290	1	1	90	264	2009	18108
291	1	1	96	263	2007	24474
292	1	2	94	275	2008	9720
293	1	1	95	250	2008	9480
294	1	2	92	249	2008	17454
295	1	2	94	251	2009	1935
296	1	1	88	0	2009	0
297	1	1	94	249	2006	0
298	1	1	0	251	2007	3505
299	1	1	95	251	2009	0
300	2	1	94	241	2004	0
301	1	0	94	254	2007	50827
302	1	1	96	270	2005	8851
303	1	2	96	257	2006	16805
304	1	2	96	241	2006	22203
305	1	2	92	244	2006	50010
306	1	2	94	243	2008	17115
307	1	1	89	241	2008	8831
308	1	1	0	258	2007	3755
309	1	1	94	238	2008	50191
310	1	1	90	241	2009	3840
311	1	0	0	0	0	0
312	1	1	88	251	2008	50170
313	2	1	96	237	2004	21473
314	1	1	94	0	2009	16445
315	1	1	86	238	2007	0
316	1	1	89	276	2007	17507
317	1	2	96	249	2006	51165
318	2	1	0	282	2005	17348
319	1	2	87	0	2009	50157
320	1	1	92	271	2008	16126
321	1	1	94	251	2007	3680
322	1	2	96	271	2006	17536
323	1	2	89	270	2009	19157
324	1	1	97	270	2006	17042
325	1	1	89	0	2008	17137
326	1	1	97	243	2006	0
327	2	2	92	239	2003	16503
328	1	1	96	249	2006	1885
329	1	1	89	249	2009	50152
330	1	2	97	241	2006	17568
331	1	1	87	271	2008	1935
332	1	2	87	0	2009	21781
333	1	1	95	237	2007	24689
334	1	2	87	246	2007	16261
335	1	1	86	268	2008	19556
336	1	2	88	0	2008	16127
337	1	1	91	251	2009	16256
338	1	1	94	0	2008	16889
339	1	1	86	0	2008	16661
340	1	1	94	251	2009	7758
341	1	1	89	237	2007	20747
342	1	1	97	241	2005	4312
343	2	2	0	276	2005	0
344	5	0	0	0	0	0
345	2	1	89	276	2004	50384
346	1	2	87	244	2008	17789
347	1	2	88	271	2009	17097
348	2	1	0	249	2005	17253
349	1	1	96	276	2006	2701
350	1	1	94	237	2007	19007
351	1	2	91	0	2009	50100
352	2	2	87	270	2004	17257
353	1	1	87	251	2007	50741
354	1	2	87	260	2008	1935
355	1	1	87	271	2008	9493
356	1	2	90	271	2007	9734
357	1	1	94	238	2007	50666
358	1	1	91	251	2007	8872
359	1	2	0	260	2006	50005
360	1	1	89	277	2009	20941
361	1	2	89	251	2007	18158
362	2	1	0	254	2005	22187
363	2	2	0	270	0	6512
364	1	0	91	249	2007	15903
365	1	2	92	259	2009	17636
366	1	1	87	268	2007	17528
367	1	2	92	238	2007	9492
368	1	2	86	283	2007	20572
369	1	2	89	272	2009	17110
370	1	0	0	0	0	0
371	2	0	0	0	0	0
372	1	1	89	238	2008	0
373	1	2	87	0	2009	4423
374	1	1	90	0	2009	9484
375	2	1	0	254	2005	3243
376	1	2	91	0	2009	17198
377	1	1	95	282	0	11872
378	1	2	97	270	2006	9292
379	1	1	94	249	2008	50325
380	1	2	0	282	2007	50830
381	2	0	0	0	2004	0
382	1	1	91	0	2008	50013
383	1	1	94	276	2007	50871
384	1	2	97	236	2006	1894
385	2	0	0	0	2005	17863
386	1	1	88	251	2007	0
387	2	1	96	240	2005	0
388	1	2	94	246	2007	3698
389	1	2	88	0	2008	6003
390	1	1	88	236	2007	17537
391	1	2	94	276	2008	50852
392	2	2	0	275	2005	3762
393	1	1	91	241	2008	16970
394	1	2	97	249	2005	0
395	1	2	90	277	2008	21841
396	1	2	94	253	2009	54680
397	1	1	87	0	2009	9565
398	1	2	96	254	2006	50201
399	1	1	97	260	2006	3570
400	1	1	95	249	2008	50165
401	1	0	0	0	0	0
402	1	1	96	276	2006	50738
403	1	1	94	255	2009	50786
404	1	1	0	272	2006	18243
405	1	1	90	238	2007	8905
406	2	1	0	238	2005	50419
407	1	1	90	256	2007	8905
408	1	1	92	251	2008	17275
409	2	1	87	281	2004	25793
410	1	1	87	0	2009	22230
411	1	2	89	260	2008	51465
412	1	1	90	251	2008	1935
413	1	1	97	275	2005	22205
414	2	1	0	237	2005	21629
415	1	1	97	272	2005	16145
416	1	2	91	240	2009	50308
417	2	2	0	248	2004	19095
418	1	2	96	243	2006	22203
419	2	2	88	236	2003	17786
420	1	1	0	261	2006	50522
421	1	1	91	248	2008	52245
422	1	0	0	0	0	0
423	1	0	90	0	0	50523
424	2	1	98	238	2005	17419
425	3	0	96	281	2007	1960
426	1	2	0	251	2007	1996
427	1	1	96	259	2006	9382
428	1	2	92	249	2007	0
429	1	2	92	0	2009	51901
430	2	1	0	0	0	16816
431	1	2	87	276	2008	25279
432	1	1	90	241	2009	17137
433	1	2	90	260	0	50088
434	1	1	96	276	2006	25825
435	1	1	90	0	2008	50975
436	4	1	97	272	2006	17658
437	1	1	88	271	2008	16400
438	2	1	86	265	2004	16383
439	1	1	0	0	2009	2701
440	2	2	94	0	2004	55516
441	2	1	0	254	2005	17836
442	1	2	86	0	2009	15938
443	1	1	94	238	2006	1874
444	1	2	91	254	2008	50005
445	1	1	86	249	2007	2753
446	1	2	96	255	2006	6624
447	1	2	91	0	2007	50117
448	1	2	94	244	2008	17022
449	2	1	0	254	2005	17674
450	1	1	91	251	2008	17379
451	1	2	86	0	2008	17636
452	1	2	94	249	2007	5215
453	2	0	0	0	2004	0
454	1	1	0	241	2008	50075
455	1	2	86	0	2008	17836
456	2	2	87	249	2005	8966
457	2	1	86	271	2005	26770
458	1	1	96	254	2006	20691
459	2	1	0	267	2004	16262
460	1	1	96	241	0	26673
461	1	2	88	240	2009	1965
462	2	2	0	281	2005	2725
463	1	2	90	271	2008	16437
464	1	1	96	276	2005	8832
465	1	1	92	276	2008	11872
466	1	1	95	260	2007	0
467	1	2	94	254	2007	9654
468	1	1	89	276	2009	16128
469	1	1	97	275	2006	9466
470	1	2	92	251	2007	50055
471	1	0	97	275	2006	53132
472	1	2	89	276	2008	50738
473	2	1	97	276	2005	17908
474	1	2	94	257	2009	0
475	1	1	89	263	2009	5208
476	2	2	0	248	2005	15968
477	1	1	88	254	2008	50830
478	1	2	89	276	2007	50747
479	1	2	87	0	2009	25044
480	1	1	94	0	2009	24996
481	1	1	0	270	2009	25925
482	1	1	97	276	2006	2041
483	1	1	86	244	2008	3502
484	1	2	94	276	2007	16090
485	2	1	0	255	2005	50022
486	1	1	94	0	2008	9077
487	1	1	86	0	2009	26395
488	2	1	94	248	2005	15316
489	1	1	89	254	2009	6566
490	1	0	88	275	2007	3674
491	1	0	0	0	0	0
492	1	1	92	276	2009	17608
493	2	2	88	246	2003	55651
494	1	2	0	272	2006	0
495	1	1	96	249	2006	0
496	1	1	96	237	2006	3581
497	1	1	88	0	2007	17537
498	1	2	96	249	2006	50806
499	1	1	96	260	2006	52964
500	1	1	94	274	2007	4295
501	2	1	0	276	2004	17060
502	2	2	0	277	2004	19674
503	1	0	0	260	2007	17739
504	1	1	86	0	2008	10811
505	1	1	94	251	2007	25022
506	1	2	88	277	2007	21118
507	1	1	89	241	2008	9536
508	1	1	95	249	2008	3754
509	1	2	94	279	2007	2849
510	2	1	0	270	2004	20975
511	2	2	0	276	2005	50610
512	1	2	96	242	2006	50738
513	1	2	94	254	2008	50314
514	5	2	0	250	2004	16044
515	1	1	95	0	2007	0
516	1	2	86	275	2009	2152
517	1	1	0	251	2007	16693
518	1	2	94	263	2009	0
519	2	2	87	246	2003	50963
520	2	0	96	254	2005	17584
521	1	1	96	251	2006	22311
522	2	0	0	0	0	16265
523	2	2	0	254	2005	9077
524	2	1	89	276	2004	16889
525	1	2	87	251	2007	52899
526	1	2	97	251	2006	1942
527	1	2	90	0	2008	10811
528	1	1	91	251	2007	9437
529	1	1	86	0	2008	17161
530	1	2	91	249	2007	4687
531	2	2	0	251	2005	50930
532	1	2	88	243	2009	51597
533	1	0	87	0	0	3564
534	1	2	88	257	2008	51982
535	1	2	94	274	2009	50699
536	1	0	91	251	2006	0
537	2	1	97	267	2004	0
538	1	2	92	0	2008	11274
539	1	1	0	284	2006	50088
540	1	2	91	276	2007	9528
541	1	1	89	251	2008	50525
542	1	1	0	237	2009	17568
543	1	1	97	276	2006	17584
544	2	2	92	250	2003	50738
545	1	1	87	0	2008	50810
546	2	1	97	275	2004	16805
547	1	1	86	276	2007	17658
548	1	1	88	249	2008	0
549	1	1	86	0	2008	21323
550	2	1	0	271	2005	16104
551	1	1	92	249	2008	3576
552	1	1	87	281	2007	11128
553	2	2	0	237	2005	17636
554	1	2	94	0	2008	51846
555	2	1	0	279	2004	0
556	2	1	97	281	2005	21356
557	1	2	89	254	2007	52234
558	1	2	91	284	2009	16539
559	2	1	0	251	2005	9070
560	1	0	90	256	2007	23341
561	1	1	0	251	2006	9722
562	2	1	97	255	2005	25793
563	1	1	88	0	2009	50020
564	1	2	91	251	2008	17247
565	1	1	87	0	2009	5421
566	1	1	88	0	2009	3581
567	2	0	0	0	0	0
568	1	2	95	0	0	17845
569	2	1	0	275	2004	50184
570	1	0	0	254	2006	5282
571	1	0	87	285	0	16805
572	1	1	87	260	2007	16077
573	1	2	94	242	2009	0
574	1	1	97	242	2006	1331
575	2	0	97	284	2005	17641
576	1	2	94	275	2008	50164
577	1	1	91	0	2008	16889
578	1	1	94	271	2007	16261
579	2	1	0	253	2005	3782
580	1	1	87	248	2009	55663
581	1	1	96	281	2006	50100
582	2	0	0	0	0	0
583	1	1	87	264	2006	26243
584	1	1	88	0	2008	50872
585	1	1	86	275	2008	51660
586	1	2	90	240	2009	18083
587	1	2	88	238	2009	3208
588	1	2	0	0	2009	16739
589	2	1	0	248	2005	21478
590	1	1	94	263	2007	16233
591	1	1	91	282	2008	50582
592	1	1	88	271	2008	50669
593	1	1	89	0	2009	58818
594	1	0	0	0	0	0
595	1	2	90	249	2008	52569
596	3	0	0	0	0	0
597	1	1	91	0	2009	3172
598	2	2	0	257	2005	9757
599	1	1	88	0	0	25082
600	1	1	86	270	2009	21576
601	2	1	96	251	2005	3840
602	1	2	86	275	2007	9753
603	2	2	87	249	2003	9244
604	1	1	86	260	2007	50059
605	1	2	97	249	2006	52941
606	1	2	87	0	2009	50258
607	1	1	87	263	2007	50146
608	2	2	0	0	2004	50038
609	1	1	88	237	2008	9262
610	1	0	86	251	2007	20631
611	1	1	89	238	2009	0
612	1	0	97	249	2006	0
613	2	2	0	0	0	0
614	1	1	96	251	2006	6762
615	1	2	0	244	2006	17636
616	2	1	97	276	2005	9484
617	2	1	0	274	2004	0
618	2	1	0	253	2005	3716
619	2	1	0	276	2005	1935
620	2	1	0	276	2005	5282
621	1	1	91	251	2008	50575
622	1	1	89	0	2008	25044
623	2	1	0	251	2005	17129
624	1	1	94	0	2008	5282
625	2	0	0	271	2005	15888
626	1	1	93	282	2007	24989
627	1	1	95	281	2005	58895
628	1	1	90	274	2007	9318
629	2	2	0	260	2005	20747
630	2	1	97	276	2005	3508
631	1	1	95	0	2009	16171
632	1	2	90	249	2007	0
633	1	1	86	268	2009	50911
634	1	1	92	0	2009	17636
635	1	1	92	0	2008	17083
636	1	1	94	0	2009	8875
637	1	2	0	237	0	8840
638	1	1	89	263	2009	1887
639	1	2	90	272	2007	17700
640	1	1	86	0	2008	16909
641	1	2	96	260	2006	6139
642	1	1	95	238	2008	17980
643	1	1	91	263	2009	50813
644	2	1	96	264	2005	3575
645	2	1	0	275	2005	9318
646	1	2	92	0	2009	17083
647	1	2	94	251	2006	52104
648	2	1	96	275	2005	17396
649	2	0	0	250	2005	9757
650	1	2	86	0	2009	16414
651	1	1	94	274	2008	10832
652	1	1	89	254	2009	51700
653	2	1	92	249	2004	0
654	1	2	87	274	2007	17792
655	1	2	0	242	2006	3840
656	1	2	97	248	2006	7053
657	1	2	88	281	2009	17396
658	1	1	94	0	2008	17608
659	1	2	89	244	2008	3310
660	1	0	0	0	0	0
661	4	1	0	0	0	16913
662	1	2	94	241	2007	19253
663	1	2	91	245	2008	11285
664	1	1	96	276	2006	20853
665	1	2	0	251	2006	0
666	2	2	0	254	2004	16212
667	2	0	0	0	0	0
668	1	1	95	254	2008	9414
669	1	1	0	251	2006	50804
670	1	2	88	0	2007	52951
671	1	1	92	263	2009	0
672	2	1	0	276	2005	14063
673	1	2	91	0	2009	17308
674	1	1	89	0	2008	20738
675	1	0	97	236	2006	3571
676	1	0	94	276	2006	8114
677	2	1	0	260	2005	9077
678	1	2	94	272	2006	17908
679	1	1	94	251	2009	6102
680	1	1	96	254	2006	9382
681	1	2	89	267	2007	50206
682	1	1	87	238	2009	9382
683	1	1	98	240	2006	9087
684	2	2	0	257	2005	0
685	1	0	0	0	0	0
686	2	2	92	260	2005	11099
687	2	1	0	248	2005	16256
688	2	2	0	251	2005	17351
689	1	1	91	0	2008	3655
690	1	2	89	0	2008	10169
691	1	1	90	251	2007	9880
692	2	2	94	267	2005	17294
693	1	1	92	286	2007	0
694	1	2	97	248	2006	17081
695	1	1	90	281	2007	50963
696	1	1	91	0	2009	17763
697	1	2	94	270	2009	17964
698	1	2	92	240	2008	0
699	2	1	0	276	2005	17717
700	1	2	88	0	2009	0
701	1	1	86	266	2007	15337
702	1	1	89	0	2008	17786
703	1	1	96	261	2006	17584
704	1	2	91	251	2008	17309
705	1	1	96	238	2006	17326
706	1	1	88	255	2008	50504
707	1	2	89	249	2008	0
708	1	1	86	281	2007	21514
709	1	1	90	241	2008	0
710	1	1	87	237	2007	26459
711	1	1	89	276	2008	16883
712	1	1	89	0	2008	18003
713	1	1	95	271	0	5211
714	2	1	0	251	2005	51063
715	2	1	0	281	2005	50383
716	1	2	90	241	2008	23751
717	2	2	0	254	2005	0
718	2	2	89	246	2004	12369
719	1	1	87	281	2007	3755
720	1	1	90	0	2008	21730
721	2	1	0	0	2003	50827
722	1	1	88	0	2008	50122
723	2	0	0	251	2005	16739
724	1	1	87	237	2008	3659
725	1	1	95	0	2008	9076
726	1	1	92	238	2009	50343
727	1	2	90	0	2009	2275
728	1	1	96	276	2005	0
729	1	1	95	275	2008	17010
730	1	2	89	0	2009	17505
731	1	1	94	251	2009	17908
732	1	1	87	264	2007	17430
733	1	1	94	276	2007	17598
734	2	2	0	275	2005	16444
735	1	1	88	251	2009	21022
736	2	2	0	242	2004	52234
737	1	1	87	0	2009	17211
738	2	1	0	260	2005	16889
739	1	1	94	0	2008	17522
740	2	2	0	249	2005	1941
741	1	1	87	260	2007	17263
742	1	1	87	251	2009	16243
743	1	1	94	251	2009	16090
744	1	1	94	249	2007	20853
745	1	1	86	0	2009	4432
746	1	1	95	275	2007	21021
747	1	2	89	0	2009	9244
748	1	2	96	239	2006	0
749	1	1	92	270	2008	0
750	1	2	91	251	2007	4800
751	1	2	86	0	2009	9618
752	1	1	87	237	2007	50738
753	1	1	92	237	2008	2824
754	1	1	87	276	2008	243
755	1	2	86	265	2009	17714
756	1	1	86	276	2007	9388
757	2	1	0	251	2004	3840
758	1	0	0	0	0	0
759	1	2	94	276	2009	21404
760	1	1	86	259	2008	6139
761	1	1	0	249	2007	16008
762	1	2	96	267	2005	0
763	2	2	96	238	2005	3419
764	1	1	95	249	2009	0
765	2	0	0	0	0	0
766	1	0	90	0	2009	1385
767	2	1	96	279	2005	18064
768	1	2	94	249	2007	50020
769	1	2	88	238	2008	50157
770	1	2	94	0	2009	50732
771	1	1	91	0	2009	17294
772	1	1	87	248	2007	50157
773	1	1	87	272	2009	3754
774	2	1	92	0	2003	50189
775	1	1	87	251	2009	3900
776	1	1	88	0	2009	50308
777	1	1	95	0	2008	50224
778	2	2	91	251	2004	50164
779	2	1	97	251	2005	50975
780	2	2	96	254	2005	0
781	1	1	86	276	2009	15337
782	1	2	96	242	2005	16450
783	1	1	97	255	2006	132
784	2	1	97	248	2005	50603
785	1	2	96	255	2006	17647
786	2	1	94	277	2004	23150
787	1	0	0	0	2007	17135
788	1	1	96	251	2006	23406
789	1	1	96	0	2005	0
790	1	1	91	258	2007	0
791	1	1	87	254	2008	766
792	1	1	95	237	2008	51870
793	2	0	0	0	0	0
794	2	1	96	272	2005	22757
795	2	1	0	275	2005	50151
796	1	1	92	239	2007	16396
797	1	1	92	0	2009	9073
798	1	1	97	263	2006	23728
799	4	2	0	276	0	0
800	2	2	94	275	2004	21473
801	2	1	96	275	2005	17887
802	1	2	92	274	2008	9244
803	1	2	94	268	2009	25843
804	2	2	97	275	2005	50025
805	1	2	97	246	2006	50901
806	1	1	90	0	2009	50410
807	2	0	0	275	2005	50410
808	1	1	87	272	2006	50151
809	1	1	91	249	2009	50131
810	1	1	95	277	2009	4690
811	1	2	87	0	2009	50658
812	1	2	97	238	2006	9776
813	1	2	94	251	2007	3594
814	1	2	89	254	2009	17714
815	2	1	0	275	2005	17142
816	1	1	88	263	2008	51621
817	1	2	96	267	2007	3581
818	2	1	97	276	2002	23848
819	2	1	96	249	2005	51558
820	1	2	89	251	2007	8905
821	1	1	97	238	2006	19860
822	2	2	88	0	2004	50899
823	1	1	89	0	2009	25829
824	2	1	97	276	2005	51247
825	1	2	97	254	2006	0
826	1	2	87	0	2009	4868
827	1	2	92	0	2008	3172
828	1	2	88	251	0	0
829	1	1	95	281	2006	17608
830	1	0	89	245	2008	9428
831	1	2	0	0	2006	0
832	1	1	90	0	2008	2784
833	1	2	89	271	2008	51250
834	1	1	95	0	2008	20838
835	1	1	0	275	2006	21841
836	1	1	86	261	2006	0
837	2	2	96	276	2004	3795
838	1	1	89	241	2008	3569
839	1	2	94	242	2008	21155
840	1	0	92	255	2007	3544
841	1	2	90	263	2007	2355
842	1	2	94	275	2008	0
843	1	2	86	248	2007	2823
844	1	2	92	251	2008	0
845	1	1	94	254	2007	17115
846	1	2	90	275	2008	26579
847	1	1	97	281	2006	26575
848	1	2	87	245	2008	17561
849	1	1	90	261	2009	16104
850	2	2	94	274	2004	51925
851	1	1	88	0	2008	21462
852	1	1	92	280	2008	9349
853	2	1	0	275	2005	0
854	1	1	94	275	2007	15238
855	1	2	86	238	2007	24908
856	2	1	96	249	2005	21462
857	1	2	86	260	2009	17211
858	2	2	89	275	2004	2327
859	1	2	97	275	2006	3626
860	1	2	94	260	2008	21829
861	1	1	92	240	2008	11123
862	2	1	97	276	2005	2701
863	1	1	93	282	2007	11114
864	1	2	88	279	2007	50367
865	2	1	0	275	2005	50717
866	1	0	93	0	2008	0
867	2	2	97	258	2005	3602
868	1	1	97	276	2006	17238
869	5	2	87	276	2004	17640
870	1	1	87	251	2009	50786
871	1	2	97	276	2006	24264
872	1	2	94	0	2007	9533
873	1	0	0	0	0	0
874	1	1	88	275	2008	54845
875	1	1	92	277	2009	50575
876	1	1	97	248	2006	7895
877	1	2	0	251	2007	15827
878	1	1	88	276	2008	54035
879	2	0	0	276	2005	16329
880	2	1	98	279	2005	16206
881	1	1	91	275	2009	3737
882	5	1	97	260	2004	23613
883	1	1	95	0	2009	17786
884	1	0	0	0	0	0
885	1	1	86	276	2007	17305
886	1	1	94	0	2008	50086
887	1	2	96	248	2006	19379
888	1	1	88	275	2009	17608
889	2	0	0	238	2005	16261
890	1	2	86	0	2008	15959
891	1	1	94	251	2007	0
892	2	2	0	254	2005	16029
893	1	1	94	0	2009	50899
894	1	1	94	271	2009	17641
895	1	1	88	257	2007	50077
896	2	1	86	238	2005	0
897	1	1	87	0	2008	2701
898	1	0	89	275	2008	9614
899	1	2	96	254	2007	49
900	2	1	0	244	2005	52104
901	1	1	86	0	2009	9480
902	2	1	0	237	2005	9077
903	1	1	90	249	2007	50317
904	2	2	0	275	0	0
905	1	1	95	0	2008	50090
906	1	2	90	0	2009	51465
907	2	1	97	260	2005	3654
908	1	1	0	251	2007	16447
909	1	2	86	241	2009	50786
910	1	2	88	249	0	0
911	1	1	89	281	2006	52016
912	1	1	0	0	2009	1943
913	2	1	0	236	2005	2700
914	1	1	92	275	2008	9618
915	1	0	0	0	0	0
916	1	2	92	0	2009	9073
917	1	1	0	251	2009	16742
918	1	2	94	0	2008	50005
919	2	1	0	263	2005	16810
920	1	1	95	242	2009	2701
921	1	1	94	0	2009	17184
922	1	1	94	241	2007	18003
923	1	1	94	0	2008	16400
924	1	1	87	274	2009	50315
925	2	0	0	275	2005	51063
926	1	1	95	0	2009	25200
927	1	2	90	0	2009	3681
928	1	2	89	270	2009	0
929	2	1	0	249	2005	16693
930	1	1	89	249	2008	50152
931	1	2	94	0	2009	52526
932	1	1	94	251	2007	17253
933	2	2	96	249	2002	50419
934	1	2	92	277	2007	2881
935	1	1	94	251	2008	50058
936	1	2	94	241	2007	3604
937	1	1	97	253	2006	18700
938	1	2	0	284	2007	50709
939	1	1	90	0	2007	2849
940	2	1	0	276	2005	50615
941	1	1	96	251	2006	17887
942	1	1	90	276	2009	58261
943	1	1	87	261	2006	16436
944	1	1	94	253	2009	5646
945	1	1	96	244	2006	50909
946	1	1	91	242	2009	9388
947	1	2	90	240	2007	25034
948	1	2	88	0	2008	9886
949	1	1	86	254	2006	50658
950	2	1	97	238	2005	17636
951	1	1	88	242	2007	0
952	1	2	87	0	2008	26673
953	1	1	91	251	2008	51846
954	1	2	94	260	2005	0
955	1	0	92	0	0	23146
956	2	1	0	276	2004	0
957	1	2	90	275	2009	25639
958	1	1	86	276	2007	16161
959	1	1	87	275	2008	2900
960	1	2	88	274	2008	50305
961	1	1	97	260	2006	9588
962	1	1	95	272	2006	51444
963	1	2	94	248	2006	24996
964	1	0	0	0	0	0
965	2	1	0	281	2005	51465
966	1	1	94	236	2007	3659
967	2	2	90	284	2004	6399
968	1	1	0	240	0	16810
969	1	2	86	260	2006	51241
970	1	1	94	0	2008	25023
971	1	2	92	0	2009	9321
972	1	2	96	260	2006	9533
973	1	0	0	275	2006	4868
974	1	1	91	0	2009	8138
975	1	2	96	260	2006	3091
976	2	0	0	237	2005	9530
977	1	2	88	0	2009	22246
978	1	1	95	254	2007	50649
979	1	1	94	277	2007	10854
980	1	0	95	261	2007	23330
981	1	0	0	0	0	0
982	1	2	97	249	2006	50238
983	1	1	86	275	2008	0
984	2	1	0	251	2005	0
985	1	1	0	0	2008	0
986	2	1	0	0	0	17770
987	2	1	91	282	0	0
988	1	2	86	244	2007	0
989	1	1	88	0	2009	16112
990	2	1	0	261	2005	15882
991	1	0	89	253	2007	15903
992	2	1	0	237	2003	19156
993	2	1	0	251	2005	17668
994	1	2	89	0	2009	16202
995	2	1	96	241	2005	8878
996	1	2	89	253	2009	52833
997	1	1	97	284	2006	21260
998	1	2	91	276	2007	17620
999	1	2	92	0	2009	17009
1000	1	2	86	249	2007	52899
1001	1	1	97	275	2006	2519
1002	1	1	0	0	2008	17700
1003	1	2	91	274	2009	17908
1004	1	2	87	267	2007	50193
1005	1	1	87	272	2009	2505
1006	1	1	94	0	2008	11002
1007	2	0	0	0	0	0
1008	2	2	0	261	2002	16110
1009	1	2	97	249	2006	21800
1010	1	1	0	253	2007	50466
1011	1	1	92	275	2008	22737
1012	1	1	95	0	2008	23620
1013	2	2	0	276	0	9495
1014	1	1	94	251	2007	51614
1015	1	2	89	263	2007	16151
1016	2	1	0	242	2005	25037
1017	1	1	89	254	2008	51451
1018	2	1	0	276	2005	0
1019	1	2	96	271	2006	0
1020	1	1	86	251	2007	17658
1021	1	1	0	254	2006	17311
1022	2	1	97	238	2005	49
1023	1	1	95	273	2009	54518
1024	1	1	88	275	2009	18762
1025	1	2	0	274	2007	0
1026	1	2	96	275	2005	21196
1027	1	0	0	238	0	0
1028	3	0	0	0	0	0
1029	1	2	87	0	2009	18051
1030	1	2	87	0	2009	0
1031	2	1	0	271	2005	16487
1032	1	2	0	260	2006	17949
1033	1	2	87	0	2008	50074
1034	2	1	0	0	0	16046
1035	2	1	0	276	2005	25843
1036	1	2	89	275	2009	15996
1037	1	1	97	251	2006	16889
1038	1	1	90	276	2008	50459
1039	1	2	90	251	2009	59794
1040	2	1	0	254	2005	25825
1041	1	1	88	0	2009	16091
1042	1	1	92	281	2008	0
1043	1	0	87	251	0	9256
1044	1	2	91	275	2007	51367
1045	1	2	96	254	2006	17584
1046	1	2	88	249	2008	52212
1047	1	1	96	275	2006	2871
1048	2	2	0	275	2005	0
1049	1	2	96	249	2006	50645
1050	1	2	97	263	2006	50105
1051	1	2	91	275	2008	17178
1052	2	2	0	267	2005	21196
1053	1	2	94	0	2009	16104
1054	1	0	94	282	0	9598
1055	1	2	0	257	2005	3646
1056	1	1	87	253	2007	8830
1057	1	2	92	0	2009	9346
1058	2	1	0	275	2005	1655
1059	1	1	95	0	2009	21621
1060	1	2	90	242	2008	9477
1061	1	2	88	276	0	0
1062	1	1	94	258	2008	7572
1063	1	1	90	236	2006	3754
1064	1	1	94	0	2009	9648
1065	1	1	0	0	2008	50117
1066	1	1	94	257	2007	5221
1067	1	1	90	238	2007	10119
1068	2	2	97	282	2005	9692
1069	2	0	0	267	2005	0
1070	1	1	96	238	2006	16161
1071	1	1	86	244	2008	55170
1072	1	1	95	275	2009	9224
1073	1	2	86	0	2009	2725
1074	1	1	86	0	2009	50223
1075	2	0	0	0	0	23444
1076	1	2	92	251	2009	4026
1077	2	1	96	241	2005	50646
1078	1	1	86	276	2009	1384
1079	2	1	0	276	2005	50963
1080	1	2	92	249	2007	3339
1081	2	2	94	270	2004	9077
1082	1	1	87	0	2008	17636
1083	1	2	92	251	2007	18993
1084	1	1	95	0	2009	16694
1085	1	2	92	259	2006	23724
1086	1	2	94	0	2008	3687
1087	2	2	96	254	2003	50963
1088	1	1	92	261	2007	50360
1089	2	1	96	271	2005	25540
1090	1	1	91	268	2008	50157
1091	1	2	92	249	2009	50645
1092	1	2	89	260	2007	50090
1093	1	2	97	270	2006	50534
1094	1	1	89	0	2008	1608
1095	1	0	0	0	0	0
1096	1	1	96	276	2006	3240
1097	1	2	88	248	0	50004
1098	1	2	0	263	2007	17097
1099	1	1	97	275	2006	17388
1100	1	2	94	249	2008	8989
1101	1	1	87	238	2007	17537
1102	1	1	97	260	2006	17115
1103	1	2	89	241	2007	16755
1104	1	2	90	0	2008	15982
1105	1	1	89	276	2007	50040
1106	1	1	86	275	2007	0
1107	1	0	97	235	2005	17793
1108	1	1	86	251	2008	9244
1109	2	0	0	0	0	0
1110	1	1	97	251	2006	0
1111	1	2	0	270	2007	16487
1112	1	1	92	0	2009	2277
1113	2	2	0	251	2005	3837
1114	1	1	96	264	2006	18123
1115	1	2	94	0	2004	19667
1116	1	1	87	0	2008	50157
1117	1	1	87	0	2009	18118
1118	2	2	0	278	2005	17081
1119	1	0	91	0	2008	18550
1120	1	1	88	248	2009	9262
1121	1	1	87	251	2007	50347
1122	2	1	0	237	2004	50172
1123	2	1	89	267	2004	50340
1124	1	1	0	251	2006	3711
1125	1	1	90	251	2009	16380
1126	1	2	91	276	2007	55579
1127	2	1	97	251	2005	5486
1128	1	2	90	275	2007	50911
1129	1	1	86	0	2009	6399
1130	1	1	86	271	2007	16227
1131	1	0	94	249	2007	2608
1132	1	1	86	0	2009	0
1133	1	2	96	282	2006	3591
1134	1	2	88	249	2006	52156
1135	1	1	87	285	2007	17934
1136	2	1	96	242	2005	16396
1137	1	1	95	275	2008	26532
1138	1	2	87	275	2008	52089
1139	2	1	95	260	2005	6139
1140	1	1	89	0	2009	50005
1141	1	2	92	251	2007	54774
1142	1	1	94	251	2009	17368
1143	2	1	0	251	2005	50675
1144	2	0	0	254	2005	2217
1145	2	1	0	249	2004	50512
1146	1	0	0	0	0	0
1147	1	2	88	249	2008	0
1148	2	2	0	251	2005	20960
1149	1	1	0	251	2007	50141
1150	1	2	92	246	2007	22236
1151	1	2	94	286	2007	6448
1152	1	2	86	276	0	2292
1153	2	2	0	263	2004	51373
1154	1	1	94	276	2009	3749
1155	1	1	89	251	2006	50210
1156	2	1	0	260	2005	10216
1157	1	1	94	249	2008	17647
1158	1	1	86	270	2009	21436
1159	1	2	88	260	2007	17043
1160	2	2	0	246	2003	4970
1161	1	1	86	276	2009	50450
1162	1	1	0	260	2007	19674
1163	1	1	89	251	2007	50074
1164	1	0	88	282	2007	0
1165	1	2	87	242	2008	15969
1166	1	2	87	249	2007	3649
1167	1	2	87	275	2008	17646
1168	1	1	96	238	2006	17636
1169	1	1	87	251	2009	16049
1170	1	1	0	276	2007	50909
1171	2	1	0	244	2004	16120
1172	1	1	0	259	2007	0
1173	2	1	0	279	2005	21579
1174	2	1	0	238	2003	9603
1175	2	2	96	249	2003	0
1176	1	2	94	275	2007	0
1177	2	1	0	281	2005	51444
1178	1	2	94	0	2009	0
1179	1	2	87	260	2007	9575
1180	1	2	94	276	2006	51210
1181	1	1	87	260	2007	50398
1182	1	2	91	260	2009	50192
1183	2	2	88	257	0	53024
1184	2	1	94	260	2005	2903
1185	1	1	94	251	2006	25072
1186	1	1	94	238	2007	50045
1187	1	1	88	284	2007	16123
1188	1	1	89	267	2007	50509
1189	1	1	93	284	2006	16418
1190	2	1	0	276	2005	50865
1191	2	2	94	244	2005	0
1192	2	1	0	276	2005	2215
1193	2	2	86	275	2002	0
1194	1	2	86	276	2009	16803
1195	1	2	98	274	2006	17115
1196	1	1	92	248	2009	50073
1197	1	1	86	244	2008	5725
1198	3	2	93	272	1969	60894
1199	1	1	94	281	2007	4291
1200	1	0	87	277	2008	50104
1201	2	1	0	243	2005	8954
1202	1	1	94	242	2008	6967
1203	1	2	92	0	2009	3172
1204	2	2	91	254	2004	2849
1205	2	1	0	271	2005	0
1206	1	1	87	282	2007	52101
1207	1	1	87	284	2009	7130
1208	1	2	91	276	2008	23376
1209	2	2	96	255	2004	17636
1210	1	1	97	276	2006	3569
1211	1	0	89	260	2007	50175
1212	2	1	0	267	2005	16062
1213	2	2	0	240	0	50582
1214	2	1	95	270	2004	16396
1215	1	1	96	249	2006	0
1216	1	1	91	0	2008	50398
1217	1	1	0	0	2009	25319
1218	1	1	92	0	2009	16062
1219	1	1	90	248	2005	16793
1220	2	1	0	251	2005	50045
1221	2	2	0	246	2005	18117
1222	1	1	94	263	2007	22551
1223	1	2	96	244	2006	8914
1224	2	1	0	281	2004	5646
1225	1	0	86	254	2007	50261
1226	1	1	90	276	2007	16893
1227	1	2	86	0	2009	0
1228	1	1	95	251	2007	52089
1229	1	1	87	0	2008	9492
1230	2	0	96	277	0	0
1231	2	1	94	241	2005	10220
1232	1	1	92	242	2009	20907
1233	1	0	92	0	2008	3548
1234	1	2	90	251	2007	21800
1235	1	1	90	0	2009	16492
1236	1	1	0	276	2006	16761
1237	1	1	97	269	2006	50080
1238	1	1	97	276	2006	3586
1239	2	2	0	251	1990	17620
1240	1	1	94	260	2007	50166
1241	1	1	94	0	2009	17745
1242	1	1	0	0	2009	0
1243	1	1	89	0	2008	3759
1244	2	2	0	0	2003	50738
1245	1	2	91	238	2009	51804
1246	1	2	89	251	2006	16010
1247	1	2	94	260	2006	17598
1248	2	1	0	243	2005	22249
1249	1	2	94	0	2009	0
1250	2	1	0	260	2004	15921
1251	1	2	92	269	2007	17853
1252	2	1	0	276	2005	3569
1253	1	2	97	251	2006	50325
1254	1	1	87	0	2008	50499
1255	1	1	96	255	2006	16406
1256	1	1	87	251	2009	16274
1257	2	1	0	275	2005	4349
1258	5	1	0	251	0	16893
1259	1	0	94	240	2007	53909
1260	1	0	0	0	0	0
1261	1	2	94	254	2009	9692
1262	1	1	89	251	2008	9655
1263	1	1	95	276	2008	50042
1264	1	1	96	238	2005	25843
1265	1	1	90	275	2009	50431
1266	1	2	88	267	2008	17163
1267	1	1	92	275	2009	50010
1268	1	2	92	260	2008	50292
1269	2	2	89	251	0	54927
1270	1	2	87	272	2008	50347
1271	1	1	90	0	2009	3755
1272	1	1	89	242	2007	3780
1273	2	2	96	264	2004	0
1274	1	2	87	260	2007	25962
1275	1	1	94	276	2007	23146
1276	3	2	0	277	0	19122
1277	1	1	0	0	2008	0
1278	1	1	96	238	2006	16383
1279	1	1	89	281	2007	14792
1280	2	0	0	0	0	0
1281	1	2	86	0	2008	50611
1282	4	2	0	0	0	0
1283	1	2	94	0	2007	50270
1284	1	1	92	238	2007	0
1285	2	2	97	249	2005	17934
1286	1	2	91	280	2008	17537
1287	1	1	92	275	2009	9073
1288	1	2	96	249	2005	0
1289	1	1	0	267	2007	50315
1290	2	2	97	274	2005	17773
1291	2	1	0	271	2005	2322
1292	1	2	94	0	2009	3576
1293	1	1	95	0	2008	52364
1294	1	1	0	248	2009	17540
1295	1	0	0	0	0	0
1296	1	1	94	0	2009	50091
1297	1	1	91	255	2008	50002
1298	3	0	0	0	0	0
1299	1	2	86	260	2008	52737
1300	1	1	94	0	2009	20763
1301	1	0	0	277	2007	50582
1302	2	2	97	272	2004	50156
1303	2	1	87	276	2004	16992
1304	1	2	98	246	2005	9834
1305	1	0	94	257	2007	19659
1306	2	1	0	249	2004	1942
1307	2	0	0	0	2005	3570
1308	1	2	90	241	2009	9578
1309	1	2	0	276	2006	0
1310	1	1	89	0	2008	9587
1311	1	1	95	249	2009	172
1312	1	0	0	0	0	0
1313	1	1	95	243	2007	1943
1314	1	2	89	249	2007	17494
1315	1	2	87	251	2009	18123
1316	1	1	90	271	2008	9210
1317	1	1	91	248	2007	20950
1318	1	1	97	243	2006	2868
1319	1	1	0	275	2009	50045
1320	1	2	87	254	2009	52899
1321	1	2	91	280	2008	3678
1322	1	1	87	251	2006	50086
1323	1	1	87	254	2007	2725
1324	1	2	91	277	2006	21781
1325	1	0	97	284	2006	21629
1326	1	1	92	251	2007	23334
1327	1	2	0	254	2007	15902
1328	2	0	0	0	0	0
1329	1	1	95	251	2007	0
1330	1	1	87	0	2008	23341
1331	1	2	91	249	2009	21852
1332	1	2	92	0	0	2701
1333	1	1	94	275	2007	17641
1334	1	2	92	0	2008	50872
1335	1	2	97	275	2006	50529
1336	2	2	0	238	2004	0
1337	2	2	88	260	2003	51755
1338	2	2	98	0	2005	16805
1339	2	1	96	282	2005	21094
1340	2	1	96	248	2005	50112
1341	1	1	95	266	2007	50590
1342	1	2	89	257	2007	21598
1343	1	1	89	276	2007	16241
1344	1	1	86	263	2008	51242
1345	1	1	94	0	2009	3681
1346	1	2	97	267	2006	3864
1347	1	1	90	278	2007	53392
1348	2	2	0	260	2005	18074
1349	1	1	94	254	2007	9073
1350	2	1	0	277	2005	3815
1351	1	1	90	0	2008	17717
1352	3	1	0	238	0	0
1353	1	1	97	267	2006	0
1354	1	1	89	276	2009	50470
1355	2	2	0	260	2005	50381
1356	1	0	89	0	2008	51382
1357	1	2	94	249	2009	0
1358	2	2	0	254	2004	50333
1359	1	1	94	251	2007	16514
1360	2	2	0	254	2005	53257
1361	1	1	87	0	2009	17636
1362	1	1	0	243	2006	0
1363	1	2	0	251	2006	50268
1364	2	1	0	275	2005	16699
1365	1	1	90	276	2007	6399
1366	1	2	94	0	2009	17980
1367	1	2	88	249	2009	53475
1368	1	1	87	241	2008	51528
1369	1	1	88	0	2009	20680
1370	1	1	0	275	2006	20823
1371	2	1	91	248	2005	3246
1372	1	2	97	276	2007	17294
1373	2	1	0	257	2005	3840
1374	1	2	92	0	2009	51465
1375	2	1	97	235	2004	25448
1376	1	2	97	282	2006	17918
1377	1	2	91	251	2006	17475
1378	1	2	97	254	2006	17620
1379	1	2	94	249	2007	16261
1380	1	2	87	0	2009	11326
1381	1	1	98	0	2006	0
1382	1	1	86	271	2009	23618
1383	2	1	87	241	2005	0
1384	1	2	86	241	2009	9533
1385	1	1	96	260	2006	9805
1386	1	1	94	244	2008	4312
1387	1	1	89	0	2009	22237
1388	1	1	94	0	2008	6048
1389	1	2	0	251	2008	0
1390	2	0	0	0	0	0
1391	2	1	0	274	2005	50865
1392	1	1	90	271	2007	50669
1393	1	1	94	251	2008	3564
1394	2	1	0	276	2005	3576
1395	1	2	0	251	2007	50473
1396	2	0	0	0	0	0
1397	2	1	0	249	2005	2490
1398	1	1	86	0	2009	3682
1399	1	2	87	272	2007	17534
1400	2	1	0	236	0	17391
1401	1	2	0	251	2006	17636
1402	1	1	96	238	2006	50521
1403	1	1	92	285	2007	16805
1404	1	2	90	256	2007	50005
1405	1	1	94	272	2008	19281
1406	1	2	0	260	0	50005
1407	1	2	89	0	2009	5318
1408	1	2	86	254	2009	50920
1409	1	0	90	274	2006	3675
1410	1	2	94	0	2007	17968
1411	2	2	0	0	2004	20684
1412	1	1	93	275	2007	24100
1413	1	2	96	251	2006	10308
1414	2	1	0	281	2005	3666
1415	1	1	90	275	2006	17845
1416	1	1	97	237	2006	5641
1417	1	2	0	238	2006	50088
1418	1	1	95	285	2009	0
1419	1	2	92	251	2009	9428
1420	1	1	88	271	2009	53663
1421	1	2	89	282	2007	50522
1422	1	1	92	238	2009	9614
1423	1	2	86	275	2008	50292
1424	1	1	96	238	2006	17634
1425	1	1	91	276	2007	2622
1426	2	2	0	274	2004	21095
1427	2	1	0	281	2005	9618
1428	1	2	90	0	2008	0
1429	1	2	94	275	2007	50070
1430	2	1	0	276	2005	9618
1431	1	1	97	275	2006	8918
1432	2	2	0	249	2005	17763
1433	1	2	90	249	2007	51936
1434	2	2	94	254	2004	3030
1435	3	0	0	0	0	0
1436	1	2	88	0	2008	50269
1437	1	1	96	263	2006	0
1438	1	1	90	251	2007	10937
1439	1	1	87	276	2008	17307
1440	1	1	87	250	2009	9588
1441	1	1	95	238	2007	9658
1442	2	1	0	254	2005	55170
1443	1	0	92	280	0	0
1444	1	1	91	248	2007	0
1445	2	1	97	237	2005	4537
1446	1	1	0	0	2008	50305
1447	1	2	0	251	2007	17454
1448	1	1	92	241	2008	16444
1449	1	2	88	249	2007	3734
1450	1	1	94	0	2009	3716
1451	1	1	95	251	2008	3594
1452	1	0	96	267	2006	50594
1453	1	0	96	277	0	50545
1454	1	1	96	257	2006	50444
1455	1	2	90	0	2008	15857
1456	1	1	91	0	2008	22754
1457	1	2	86	243	0	3633
1458	1	2	90	279	2006	9722
1459	2	0	0	281	2005	16648
1460	2	1	0	282	2005	16438
1461	1	1	89	0	2008	3622
1462	2	2	92	260	2005	17264
1463	1	2	0	241	2009	1333
1464	1	1	97	238	2006	4296
1465	1	0	94	267	2006	17396
1466	1	2	90	238	2006	50909
1467	1	1	86	260	2007	50855
1468	1	2	86	282	2009	1608
1469	2	1	94	249	2004	16446
1470	1	1	89	271	2008	9382
1471	1	2	96	281	2006	16714
1472	1	1	0	272	0	0
1473	2	1	0	251	2004	0
1474	1	1	87	276	2007	50450
1475	1	1	92	0	2009	17836
1476	1	1	95	271	2008	3841
1477	1	2	91	275	2007	20763
1478	1	2	88	0	2009	15953
1479	1	1	94	241	2009	4585
1480	1	1	0	251	2006	50229
1481	1	1	94	238	2008	16219
1482	1	2	90	0	2009	50074
1483	2	1	0	260	2004	50582
1484	2	2	97	282	2004	4135
1485	1	2	97	249	2006	17599
1486	2	0	0	253	2005	2664
1487	1	1	97	281	2006	50179
1488	1	1	86	249	2006	50584
1489	1	0	88	277	2008	25934
1490	2	1	90	248	2005	16805
1491	1	1	97	271	2006	9769
1492	1	0	96	257	2007	15921
1493	1	1	87	251	2008	9258
1494	1	2	94	241	2007	17712
1495	2	2	0	263	2004	4687
1496	1	1	94	248	2008	17661
1497	1	1	87	0	2008	9262
1498	1	1	90	0	2009	2292
1499	1	2	87	0	2009	26673
1500	1	1	86	275	2009	4462
1501	2	2	0	0	0	9587
1502	2	1	0	260	2005	3763
1503	1	2	94	275	2007	50450
1504	1	2	96	253	2006	8828
1505	1	1	92	271	2007	50508
1506	1	1	90	259	2008	16373
1507	2	0	88	0	2004	0
1508	2	2	96	264	2005	17658
1509	2	2	0	273	0	0
1510	1	1	98	238	2006	0
1511	1	1	91	0	2009	5725
1512	1	1	94	0	2009	50047
1513	1	2	93	270	2006	54085
1514	1	1	92	0	2009	9349
1515	1	1	94	0	2009	10212
1516	2	1	0	254	2006	23105
1517	1	1	90	0	2008	21417
1518	1	1	95	0	2009	50166
1519	1	1	86	0	2008	9318
1520	1	1	88	240	2009	51465
1521	2	2	88	240	2004	52487
1522	1	2	90	251	2007	17060
1523	2	2	97	236	2005	21596
1524	2	2	92	275	2004	0
1525	2	2	0	249	2004	2849
1526	1	2	86	249	2007	2702
1527	2	0	0	254	2005	0
1528	1	1	91	248	2009	20340
1529	1	1	89	0	2008	0
1530	1	2	91	279	2008	17620
1531	1	1	89	260	2008	9647
1532	1	1	94	281	2008	17095
1533	2	2	0	275	2005	17901
1534	1	1	92	271	2009	3765
1535	1	1	97	248	2006	17211
1536	1	1	91	263	2009	529
1537	1	1	87	243	2009	50481
1538	1	2	97	270	2005	9771
1539	1	1	89	271	2007	22877
1540	2	1	98	276	2005	17941
1541	1	2	97	238	2006	16267
1542	1	1	88	281	2007	3737
1543	1	2	86	251	2006	6399
1544	2	1	97	276	2004	9123
1545	1	1	89	275	2007	25366
1546	1	1	87	0	2009	18078
1547	2	0	0	0	0	0
1548	1	2	0	272	2007	17115
1549	2	1	0	240	2005	16487
1550	1	1	95	240	2005	0
1551	2	1	89	251	2005	17329
1552	1	2	94	0	2008	52108
1553	1	1	0	263	2007	50872
1554	1	1	86	0	2008	15903
1555	2	2	0	277	2004	3675
1556	1	1	94	0	2009	17640
1557	1	2	96	248	2006	20576
1558	1	0	0	0	0	17636
1559	2	1	93	257	2005	9530
1560	1	1	97	281	2006	9560
1561	1	1	96	254	2006	52234
1562	1	0	0	0	0	0
1563	1	0	92	243	2008	50024
1564	2	1	0	265	2005	15932
1565	1	1	92	249	2007	50317
1566	1	1	95	264	2007	17658
1567	1	1	88	241	2007	2322
1568	1	1	0	251	2008	0
1569	1	1	94	0	2008	50668
1570	1	1	0	242	2007	21543
1571	1	0	0	0	0	0
1572	1	2	90	264	2008	50268
1573	1	1	94	248	2009	53084
1574	1	2	90	251	2007	7831
1575	2	1	0	281	2004	0
1576	1	2	88	275	2006	0
1577	1	2	0	263	2006	50259
1578	2	1	90	248	2003	9753
1579	2	1	92	243	2005	17636
1580	2	1	0	254	2005	19860
1581	1	2	98	248	2006	52091
1582	1	1	88	268	2007	17658
1583	2	2	96	244	2005	6655
1584	1	1	94	0	2008	0
1585	1	1	91	251	2008	17009
1586	1	1	89	0	2009	50005
1587	2	2	87	281	2003	2054
1588	1	1	88	251	2008	50146
1589	2	2	0	277	2005	9588
1590	1	2	94	246	2008	3598
1591	1	1	0	275	2007	53495
1592	2	1	97	279	2005	18001
1593	2	2	0	249	2005	51465
1594	2	1	0	249	2005	0
1595	2	1	89	249	2004	9264
1596	2	1	0	249	2005	50581
1597	1	2	88	0	2008	0
1598	1	1	87	270	2009	16270
1599	1	2	87	0	2009	50504
1600	1	0	0	0	0	0
1601	1	2	94	249	2007	50523
1602	1	1	89	281	2009	1277
1603	1	2	88	241	2009	50025
1604	2	2	97	260	2005	3737
1605	1	2	0	0	2008	16208
1606	1	1	88	0	2009	9244
1607	1	1	94	282	2005	16068
1608	1	1	87	276	2007	16758
1609	2	1	97	260	2003	17504
1610	1	2	94	0	2008	51444
1611	1	1	87	0	2008	50871
1612	1	2	91	0	2008	17163
1613	1	2	89	278	2007	4462
1614	1	2	94	242	2007	18107
1615	1	2	96	251	2006	17672
1616	1	1	86	266	2007	9588
1617	1	1	95	248	2009	6448
1618	1	1	96	235	2006	9321
1619	1	2	94	275	2009	16335
1620	1	0	0	238	0	21841
1621	1	2	88	251	2007	2674
1622	1	2	96	249	2006	17391
1623	2	1	0	281	2005	50141
1624	1	2	88	254	2009	16805
1625	1	2	94	249	2007	18107
1626	1	2	89	249	2006	17789
1627	1	2	0	249	2006	50872
1628	1	1	91	269	2007	51444
1629	1	2	96	255	2006	25188
1630	1	1	95	262	2009	1803
1631	1	2	88	270	2008	18109
1632	1	0	92	0	2008	2906
1633	1	1	90	237	2008	25085
1634	1	2	97	254	2006	51910
1635	1	2	96	251	2006	20935
1636	1	1	92	238	2007	5221
1637	2	1	0	277	2004	19208
1638	1	2	89	260	2008	9388
1639	1	2	87	275	2009	16160
1640	1	1	90	0	2009	9223
1641	1	1	94	259	2007	5971
1642	1	1	97	240	2006	17407
1643	1	0	0	0	0	0
1644	1	1	95	263	2007	0
1645	2	2	0	248	0	52591
1646	1	1	91	276	2008	51182
1647	2	2	94	0	2004	0
1648	1	2	98	270	2006	22187
1649	1	2	92	0	2009	3622
1650	2	1	94	264	2004	3686
1651	1	1	0	276	2007	17636
1652	1	1	87	0	2009	50470
1653	1	1	0	0	0	0
1654	1	1	92	0	2009	53709
1655	2	1	89	248	2004	9829
1656	1	1	92	281	2006	4251
1657	1	1	88	249	2008	51916
1658	1	1	0	267	2007	0
1659	1	2	86	275	2008	22230
1660	1	1	87	251	2009	19371
1661	2	1	87	276	2004	15988
1662	2	2	0	249	2005	51816
1663	1	2	96	239	2006	1367
1664	1	2	87	254	2009	17690
1665	1	1	86	0	2008	5997
1666	1	1	87	0	2009	5729
1667	1	2	92	251	2007	3627
1668	1	1	91	281	2008	20853
1669	2	1	0	249	2005	15964
1670	1	1	0	240	2009	5221
1671	1	1	88	254	2008	0
1672	1	1	96	260	2006	16256
1673	2	1	0	255	2005	8830
1674	1	2	91	275	2007	17934
1675	1	2	87	249	2007	16813
1676	1	0	0	0	2008	50131
1677	1	1	94	271	2007	9404
1678	2	1	0	271	2005	15942
1679	1	2	91	260	2009	16024
1680	1	1	97	282	2006	17789
1681	1	1	87	251	2007	16496
1682	1	2	86	248	2009	50333
1683	1	0	0	0	2008	9496
1684	1	0	96	235	2006	9614
1685	1	1	95	0	2009	7130
1686	1	2	91	249	2009	53853
1687	1	1	86	275	2009	50529
1688	1	1	95	261	2006	50713
1689	2	2	97	251	2005	51108
1690	1	2	89	240	2007	53650
1691	1	2	88	263	2008	0
1692	1	2	90	254	2006	16423
1693	1	2	88	267	2009	0
1694	2	2	0	275	2005	50094
1695	1	2	0	249	2006	50532
1696	1	1	86	271	2007	50191
1697	2	1	90	276	2004	23613
1698	1	2	0	244	2008	52936
1699	1	1	89	0	2007	21083
1700	1	0	90	236	2007	21242
1701	1	0	94	249	2008	50871
1702	1	2	92	249	2007	0
1703	1	1	90	276	2008	50582
1704	1	1	96	240	2006	50655
1705	2	1	92	275	2004	25027
1706	2	1	89	248	2003	23606
1707	1	1	88	0	0	17658
1708	1	2	91	276	2008	18029
1709	1	2	89	0	2008	0
1710	1	1	86	276	2008	50604
1711	1	1	90	260	2007	4119
1712	1	1	88	0	2008	2849
1713	1	1	97	240	2006	10832
1714	2	1	97	276	2005	17249
1715	1	2	89	251	2008	51177
1716	2	1	0	241	2005	6399
1717	1	2	91	251	2009	21022
1718	2	2	90	0	2005	0
1719	1	1	87	0	2009	50124
1720	2	1	0	257	2005	7231
1721	1	2	90	275	2007	16293
1722	1	1	90	282	2008	16233
1723	2	2	0	271	2005	50325
1724	1	1	94	276	2007	2725
1725	1	1	95	251	2009	50147
1726	1	1	96	251	2005	9077
1727	1	0	0	267	0	0
1728	1	1	95	260	2007	18001
1729	1	1	97	276	2006	16114
1730	1	2	87	260	2008	16261
1731	1	1	91	255	2008	50074
1732	2	0	0	238	2005	16265
1733	1	1	95	276	2009	18047
1734	1	1	95	244	2009	842
1735	1	1	95	248	2008	20731
1736	1	2	86	0	2009	50004
1737	1	1	89	276	2009	50178
1738	2	2	0	275	2004	9606
1739	1	2	94	251	2006	3837
1740	2	1	89	281	2004	9557
1741	1	0	0	0	0	0
1742	1	1	87	0	2008	17042
1743	2	2	0	248	2005	0
1744	1	2	94	260	2008	50370
1745	1	1	89	276	2009	16256
1746	2	1	0	255	2005	17540
1747	1	1	97	265	2006	17561
1748	1	1	95	260	2006	17124
1749	2	1	0	267	2005	18135
1750	1	1	91	271	2006	9382
1751	1	2	97	279	2006	17536
1752	1	2	91	276	2007	5616
1753	1	2	92	248	2008	50466
1754	1	1	87	251	2008	50025
1755	1	2	87	238	2009	17138
1756	2	2	96	275	2003	0
1757	1	0	0	279	2007	9346
1758	1	2	86	238	2009	0
1759	1	1	89	240	2009	3593
1760	1	2	91	0	2009	50450
1761	1	1	86	276	2007	17116
1762	1	0	97	251	2006	0
1763	1	0	92	238	2008	17901
1764	2	0	0	248	2004	0
1765	2	2	96	271	0	50450
1766	1	2	90	281	2006	18230
1767	1	1	96	276	2006	16783
1768	2	0	0	0	0	0
1769	1	2	94	254	2009	50095
1770	1	2	92	249	2008	50069
1771	1	2	90	270	2007	24986
1772	1	1	95	251	2007	50528
1773	1	2	88	272	2008	50268
1774	1	2	92	0	2009	51781
1775	1	1	96	264	2006	50184
1776	1	2	94	249	2009	3576
1777	2	2	0	270	2005	15959
1778	1	1	89	267	2008	50020
1779	2	2	0	254	2004	20927
1780	1	0	0	0	0	0
1781	1	1	91	278	2008	16784
1782	1	1	86	276	2007	17773
1783	2	1	96	256	2004	25866
1784	1	0	91	237	2006	5280
1785	2	1	97	271	2005	17396
1786	1	1	89	282	2007	50470
1787	1	1	96	242	2006	24942
1788	2	2	0	251	2005	9423
1789	1	1	93	238	2007	16010
1790	1	2	92	272	2007	18158
1791	1	1	94	279	2009	16261
1792	1	1	94	238	2009	542
1793	1	1	0	0	0	51088
1794	1	2	89	275	2009	16045
1795	1	2	94	251	2008	8644
1796	2	0	0	0	0	0
1797	2	1	96	251	2005	52555
1798	2	2	0	275	2004	25156
1799	1	2	89	251	2009	17646
1800	1	2	92	268	2008	2674
1801	1	1	96	235	2006	5725
1802	1	2	87	274	2009	6139
1803	1	1	0	238	2009	3667
1804	1	1	94	0	2008	50052
1805	1	2	96	272	2006	50100
1806	1	2	89	276	2008	50738
1807	1	1	91	0	2008	6399
1808	1	1	89	0	2009	0
1809	1	0	0	238	0	50909
1810	1	2	92	0	2009	16406
1811	1	2	0	251	2008	20738
1812	1	1	97	249	2006	16423
1813	1	1	96	270	2006	17238
1814	1	2	92	254	2006	0
1815	2	1	0	276	2005	50181
1816	1	1	87	276	2008	18078
1817	1	1	94	271	2008	17191
1818	1	1	86	249	2007	17055
1819	2	1	0	251	2005	18003
1820	1	1	91	0	2009	17636
1821	1	1	0	276	2007	17042
1822	1	1	0	236	2008	22187
1823	1	0	0	0	0	0
1824	1	2	87	0	2009	17636
1825	2	1	0	251	2005	9533
1826	1	0	97	238	2006	0
1827	1	2	89	255	2009	20562
1828	2	0	0	0	2005	17030
1829	1	0	96	0	0	4384
1830	1	2	91	274	2007	16293
1831	1	2	0	254	2006	51624
1832	1	2	86	0	2008	9610
1833	2	2	0	276	2005	0
1834	1	1	94	276	2009	2292
1835	1	2	87	0	2009	2701
1836	1	1	90	0	2009	21781
1837	1	0	0	0	0	0
1838	1	2	94	249	2007	9690
1839	3	1	0	250	0	0
1840	1	0	0	0	2007	17083
1841	1	1	90	276	2008	17468
1842	2	0	0	0	0	0
1843	1	1	96	251	2006	50292
1844	1	1	91	282	2007	14571
1845	2	2	90	276	2005	50699
1846	1	1	95	241	2009	25561
1847	1	2	89	275	2008	25049
1848	1	2	88	0	2008	18294
1849	1	2	92	275	2009	2871
1850	1	1	0	237	2006	1134
1851	1	1	95	260	2008	16924
1852	3	0	0	0	0	0
1853	2	2	0	251	2004	50088
1854	1	2	90	251	2007	2527
1855	1	1	95	241	2009	51596
1856	2	1	94	276	0	0
1857	1	2	96	238	2006	50045
1858	1	1	0	246	2009	9382
1859	1	1	92	251	2007	24491
1860	1	2	89	0	2008	5928
1861	1	2	90	275	2007	9078
1862	1	1	96	254	2006	3748
1863	2	1	0	275	2005	50608
1864	1	1	92	241	2009	0
1865	2	1	0	253	2005	0
1866	1	2	87	275	2008	16761
1867	1	2	97	251	2006	3840
1868	1	0	0	0	0	0
1869	1	2	90	286	2008	50229
1870	1	2	0	246	2007	4585
1871	1	2	88	276	2009	55668
1872	1	2	90	275	2008	51896
1873	1	1	95	270	2007	18003
1874	1	1	95	249	2007	51499
1875	1	2	0	251	2006	51444
1876	1	1	91	0	2009	17934
1877	1	2	0	0	2008	6739
1878	1	0	0	0	0	0
1879	2	1	97	253	2005	0
1880	1	1	91	240	2007	50831
1881	1	1	96	282	2006	9789
1882	1	1	86	0	2008	51785
1883	1	1	87	0	2008	0
1884	1	2	91	277	2009	9244
1885	2	1	0	263	2004	3758
1886	1	2	87	272	2007	17636
1887	1	1	87	251	2009	17658
1888	1	2	91	271	2007	9351
1889	1	1	94	0	2009	3711
1890	1	2	88	275	2007	17636
1891	1	1	97	251	2006	21084
1892	1	1	97	263	2006	6221
1893	2	1	0	242	2005	16049
1894	1	2	88	276	2009	50601
1895	2	1	91	281	2005	2701
1896	1	1	88	270	2009	9318
1897	1	1	92	0	2009	2149
1898	1	1	95	0	2009	22246
1899	1	2	89	254	2008	3656
1900	1	1	90	271	2007	52088
1901	2	2	97	275	2004	16261
1902	1	2	94	274	2008	16499
1903	2	1	0	267	2005	15959
1904	1	1	89	0	2009	50156
1905	1	1	90	248	2007	15926
1906	1	1	97	251	2006	50506
1907	1	2	92	0	2009	50060
1908	1	1	92	249	2007	0
1909	1	2	87	0	2009	16261
1910	2	2	0	241	2005	3284
1911	1	2	92	0	2009	9580
1912	1	1	95	278	2007	25121
1913	2	1	0	282	2005	20738
1914	1	1	91	240	2009	24005
1915	1	2	88	244	2007	9244
1916	1	2	0	235	2006	17793
1917	1	1	89	275	2009	3739
1918	1	1	96	238	2006	21037
1919	2	0	86	0	2004	9264
1920	1	1	87	276	2007	17081
1921	2	1	92	251	1976	16694
1922	1	2	94	254	2009	3685
1923	1	0	86	238	2006	16109
1924	1	0	91	236	2006	16414
1925	1	1	88	251	2007	50506
1926	1	2	89	237	2007	16727
1927	1	1	95	0	2008	7116
1928	2	0	96	254	2005	17294
1929	1	2	89	249	2008	50552
1930	1	2	96	254	2005	17401
1931	2	2	0	251	2005	2292
1932	1	2	88	249	2009	0
1933	1	2	92	0	2009	54959
1934	1	1	97	241	2006	11172
1935	1	1	0	276	2006	17156
1936	1	1	92	248	2008	6796
1937	1	2	94	241	2006	0
1938	1	1	94	276	2006	2608
1939	1	2	92	0	2009	3523
1940	1	1	86	251	2008	1175
1941	2	2	0	246	2004	9224
1942	1	1	95	249	2006	16793
1943	1	2	91	0	2009	17294
1944	1	1	0	237	2005	15968
1945	1	2	90	0	2009	50238
1946	1	2	90	241	2008	50005
1947	1	1	88	249	2009	50581
1948	1	2	87	238	2006	9773
1949	1	1	89	238	2008	2322
1950	1	2	91	0	2009	55552
1951	2	2	0	272	2005	17636
1952	2	1	97	271	2005	0
1953	2	1	0	241	2005	5738
1954	1	1	92	251	2008	50582
1955	1	1	88	271	2009	18015
1956	1	1	97	236	2006	0
1957	1	2	94	249	2009	51310
1958	2	2	0	260	2004	22246
1959	1	1	94	0	2008	9611
1960	1	1	96	282	2006	23994
1961	1	1	94	0	2008	50100
1962	1	2	90	237	2009	50814
1963	2	0	0	0	0	0
1964	2	1	0	236	2005	3604
1965	1	0	0	0	0	0
1966	1	1	86	0	2009	16445
1967	1	2	0	276	2006	17450
1968	1	1	87	276	2007	17305
1969	1	1	94	251	2009	21781
1970	1	2	89	248	2007	8832
1971	1	1	92	242	2008	16176
1972	1	1	95	0	2008	20631
1973	2	1	0	254	2005	17641
1974	1	2	86	242	2009	16452
1975	1	1	91	276	2007	23330
1976	1	1	95	0	2009	0
1977	1	1	89	0	2008	50052
1978	1	1	97	274	2006	51113
1979	1	1	86	251	0	51660
1980	2	1	0	271	2005	9210
1981	1	1	95	260	2007	17819
1982	1	1	88	275	2009	50361
1983	1	1	90	0	2009	50634
1984	1	1	88	238	2008	50521
1985	2	1	96	260	2005	0
1986	2	1	0	275	0	23620
1987	1	2	88	274	2007	51095
1988	1	1	90	275	2009	50258
1989	1	2	94	271	2008	3593
1990	1	1	90	237	2007	52806
1991	2	0	0	0	0	0
1992	1	1	94	242	2007	52121
1993	2	2	0	275	2005	50024
1994	1	1	91	254	2006	16744
1995	1	2	98	249	2006	15861
1996	1	1	90	238	2007	3564
1997	1	1	86	266	2009	2597
1998	1	1	95	0	2009	0
1999	1	1	92	277	2008	19968
2000	1	2	92	275	2009	9073
2001	1	2	91	254	2008	17788
2002	1	1	87	248	2009	5852
2003	2	1	88	249	2003	3569
2004	1	1	92	0	2008	16261
2005	1	2	91	284	2009	50158
2006	1	2	90	241	2007	51285
2007	2	2	98	238	2005	2849
2008	1	1	92	236	2008	2149
2009	1	2	87	250	2009	9382
2010	1	0	91	0	0	0
2011	2	2	94	276	2004	3535
2012	1	1	92	0	2009	3300
2013	1	2	94	249	2009	52506
2014	1	1	90	257	2007	16130
2015	1	1	87	248	2008	23569
2016	1	1	87	0	2009	1384
2017	1	1	88	276	2006	9382
2018	1	2	89	275	2007	9763
2019	2	1	0	238	2005	6942
2020	1	2	94	246	2008	50911
2021	1	2	97	249	2006	50872
2022	1	2	94	0	2009	50179
2023	1	2	96	255	2006	50813
2024	1	0	0	0	2008	3172
2025	1	0	86	0	2007	25014
2026	1	2	86	243	2008	17391
2027	1	1	97	236	2006	53392
2028	1	0	0	255	0	3748
2029	2	2	0	279	2005	17584
2030	1	1	94	0	2008	20829
2031	1	1	98	253	2006	0
2032	1	2	0	275	2007	17980
2033	1	1	96	249	2006	51552
2034	1	2	93	257	2007	15985
2035	1	2	91	249	2008	16813
2036	1	2	89	282	2007	17137
2037	2	2	0	263	2005	16699
2038	1	2	92	0	2008	18078
2039	1	1	90	241	2008	647
2040	1	2	93	254	2006	0
2041	2	2	98	249	2005	50302
2042	1	1	86	0	2009	17901
2043	1	1	87	0	2008	18123
2044	2	2	0	241	2005	17584
2045	2	0	0	0	0	0
2046	1	1	94	241	2008	3571
2047	1	2	89	0	2007	17561
2048	1	2	94	275	2008	0
2049	1	1	98	275	2006	16156
2050	1	2	94	251	2007	3616
2051	1	2	89	267	2007	17690
2052	1	1	94	0	2009	50930
2053	1	1	97	276	2006	0
2054	1	1	0	0	2009	3701
2055	1	0	88	284	2007	21220
2056	1	1	92	251	2008	16497
2057	1	1	94	276	2007	16329
2058	1	0	94	0	2009	5905
2059	1	1	97	271	2006	3564
2060	1	1	95	249	2008	9321
2061	1	2	90	254	2007	1835
2062	1	2	94	268	2008	9023
2063	1	1	94	0	2009	16530
2064	1	2	86	251	2009	16749
2065	1	2	88	275	2007	16499
2066	1	1	0	251	2007	50444
2067	1	2	97	272	2006	15992
2068	1	1	95	263	2009	2824
2069	2	2	0	251	2005	51816
2070	1	2	88	267	2008	50738
2071	1	1	95	238	2008	51901
2072	1	1	89	0	2009	3749
2073	1	2	86	272	2007	2823
2074	2	1	87	270	0	24981
2075	1	1	97	253	2006	16389
2076	1	1	97	270	2006	18083
2077	1	0	0	281	2006	9674
2078	2	0	0	251	2005	53132
2079	2	1	95	241	2004	17275
2080	1	2	91	251	0	0
2081	1	1	96	263	2006	0
2082	2	1	94	249	0	0
2083	2	1	96	275	2005	1518
2084	1	1	97	266	2006	20853
2085	1	2	94	268	2007	23330
2086	1	1	90	263	2007	2668
2087	1	1	90	268	2007	21095
2088	1	1	90	268	2009	9318
2089	1	1	87	249	2007	50017
2090	1	2	0	244	2008	25849
2091	1	1	97	241	2006	9415
2092	1	1	94	267	2007	50581
2093	1	2	86	275	2007	17453
2094	1	1	86	279	2009	3769
2095	2	2	0	251	2005	6399
2096	1	1	94	276	2007	8845
2097	1	2	90	276	2006	0
2098	2	1	95	283	2004	18084
2099	1	1	94	248	2009	17128
2100	1	2	0	276	2007	17493
2101	1	1	89	0	2009	50706
2102	1	0	89	0	0	25035
2103	2	1	95	235	1995	0
2104	1	2	94	0	2009	9752
2105	1	1	92	251	2007	2849
2106	1	1	87	0	2009	60540
2107	1	1	94	0	2009	0
2108	3	2	0	242	0	0
2109	1	2	88	246	2008	50581
2110	1	0	97	267	2006	25714
2111	1	1	95	248	2008	50042
2112	4	0	0	0	0	0
2113	1	1	95	260	2006	3569
2114	1	2	94	251	2007	17231
2115	2	2	87	275	2004	9722
2116	1	2	90	237	2009	52569
2117	1	1	0	277	2006	16889
2118	1	1	97	281	2006	9159
2119	1	1	94	0	2009	3734
2120	1	1	96	253	2006	0
2121	1	2	92	243	2008	51079
2122	2	2	0	254	2005	21056
2123	1	2	89	251	2008	50444
2124	1	2	92	0	2008	9023
2125	1	1	90	238	2009	50534
2126	1	2	92	238	2007	9384
2127	1	2	94	251	2007	17417
2128	1	2	86	0	2008	17528
2129	1	1	94	276	2008	50207
2130	1	1	88	0	2009	50048
2131	1	1	89	0	2009	1272
2132	1	1	94	240	2009	16924
2133	2	2	0	249	2005	50612
2134	1	2	87	251	2008	0
2135	1	2	94	272	2008	51225
2136	1	1	95	266	2007	1372
2137	1	0	0	0	2007	17640
2138	1	2	91	276	2007	4677
2139	1	1	97	237	2006	17273
2140	1	1	94	0	2009	0
2141	1	2	87	242	2007	13064
2142	2	1	0	259	2005	9584
2143	2	2	96	270	2005	19445
2144	1	1	89	0	2008	50615
2145	2	2	0	279	1998	16245
2146	1	1	86	276	2008	23994
2147	2	1	0	276	2005	5725
2148	1	0	0	0	0	0
2149	1	2	90	254	2008	52213
2150	1	2	0	249	2006	0
2151	1	1	89	255	2008	16383
2152	1	0	88	249	2007	50614
2153	1	1	89	260	2009	50058
2154	2	1	0	251	2004	16396
2155	1	1	90	0	2009	50141
2156	1	0	0	0	0	0
2157	1	2	87	250	2009	50229
2158	2	1	90	0	2004	16256
2159	2	2	0	251	2004	20763
2160	1	1	87	0	2009	0
2161	1	2	92	0	2009	9382
2162	1	2	97	238	2006	51473
2163	1	1	0	251	2009	51624
2164	1	1	0	0	2008	50157
2165	1	2	89	249	2007	0
2166	2	2	96	249	2005	50738
2167	1	2	88	275	2009	4260
2168	1	2	91	238	2006	9078
2169	1	1	89	241	2007	16805
2170	1	1	86	267	2009	50518
2171	1	1	87	0	2009	50117
2172	1	2	89	271	2007	21457
2173	1	1	89	251	2009	50713
2174	2	1	0	237	2005	53445
2175	1	1	0	249	2006	3675
2176	1	2	90	254	2008	17789
2177	1	1	91	276	2009	54101
2178	1	0	94	251	0	25037
2179	1	1	86	260	2009	3748
2180	1	1	92	249	2009	3755
2181	3	2	94	251	2006	22200
2182	1	2	88	270	2009	9338
2183	2	2	96	257	2005	15953
2184	2	1	97	241	2005	5852
2185	4	2	0	0	0	16794
2186	1	2	88	0	2006	0
2187	1	1	91	241	2008	8115
2188	1	1	89	0	0	50240
2189	2	2	96	283	2005	0
2190	1	1	91	0	2008	9260
2191	1	1	92	0	2008	50181
2192	1	1	95	251	2007	18072
2193	2	1	0	241	2005	0
2194	1	1	0	276	2007	17789
2195	1	1	97	265	2006	51285
2196	1	0	90	275	2007	8338
2197	1	1	95	264	2007	50611
2198	1	2	87	270	2008	16805
2199	1	1	90	244	2007	3700
2200	2	2	96	251	2003	3739
2201	1	1	87	237	2007	17968
2202	1	1	94	255	2008	16265
2203	1	0	0	0	0	0
2204	2	1	88	260	2004	0
2205	1	2	0	268	2007	51444
2206	2	0	0	0	0	0
2207	1	1	95	251	2009	50170
2208	1	1	87	276	2007	17764
2209	1	2	94	0	2008	52899
2210	1	1	91	0	2008	21185
2211	1	1	94	275	2009	17537
2212	1	1	86	268	2008	16124
2213	2	2	0	0	0	9318
2214	1	2	87	251	2007	50005
2215	2	1	97	275	2005	17052
2216	1	0	0	0	0	4800
2217	1	1	92	260	2007	2701
2218	1	1	95	0	2008	50080
2219	1	1	98	251	2006	50056
2220	1	2	94	241	2007	18107
2221	1	1	90	270	2009	9076
2222	1	2	92	251	2007	51781
2223	1	1	97	260	2006	16264
2224	1	0	93	282	2007	20853
2225	1	1	87	0	2008	0
2226	1	2	96	272	2006	0
2227	1	1	0	249	0	3675
2228	1	1	92	248	2009	52526
2229	1	2	0	0	2006	0
2230	1	1	97	251	2006	25022
2231	2	2	0	272	0	0
2232	1	1	89	266	2007	2602
2233	1	0	95	238	2008	0
2234	1	2	96	254	2006	24993
2235	1	2	89	267	2009	9214
2236	1	2	96	279	2006	17153
2237	1	1	98	281	2006	50314
2238	1	1	91	282	2009	21781
2239	2	1	86	248	2005	1685
2240	1	1	86	281	2007	6102
2241	1	1	88	240	2008	0
2242	2	2	97	272	2005	20838
2243	2	2	97	260	2003	50026
2244	1	2	96	251	2006	3681
2245	1	0	86	0	0	0
2246	1	2	87	249	2007	17568
2247	1	0	92	260	2007	50272
2248	1	1	95	276	2008	52249
2249	1	1	96	236	2006	9319
2250	1	1	87	0	2009	9563
2251	1	1	89	267	2009	3171
2252	1	1	91	0	2009	50909
2253	2	1	0	269	2005	0
2254	2	1	0	279	2005	9274
2255	1	2	92	0	2009	50413
2256	1	0	0	275	2008	25121
2257	1	1	90	260	2008	24942
2258	1	2	94	267	2008	3633
2259	2	0	0	277	2005	3749
2260	1	1	89	276	2007	5036
2261	1	2	0	251	2005	0
2262	2	2	97	275	2005	9351
2263	1	1	92	253	2009	20846
2264	1	2	97	249	2006	17826
2265	1	2	97	274	2006	15890
2266	1	1	94	235	2006	3765
2267	1	2	96	238	2006	50658
2268	2	1	0	277	2005	17092
2269	1	2	86	0	2009	50470
2270	1	2	86	260	2008	9492
2271	1	1	97	238	2006	50088
2272	1	2	89	267	2008	2292
2273	1	2	97	255	2006	50786
2274	1	1	92	271	2008	3675
2275	1	1	96	240	2006	17681
2276	5	2	86	260	0	17049
2277	2	1	0	270	2005	52737
2278	2	2	0	254	2005	17092
2279	1	1	95	254	2008	17548
2280	1	2	94	267	2008	17700
2281	1	1	96	271	2006	3749
2282	2	1	0	282	2005	1385
2283	1	1	96	251	2006	51293
2284	1	2	88	249	2007	50872
2285	1	2	92	260	2007	3565
2286	1	2	89	251	2008	50259
2287	1	1	0	251	2007	50786
2288	1	1	89	236	2006	17529
2289	1	1	95	276	2007	50063
2290	1	1	86	0	2008	16924
2291	1	2	88	278	2007	0
2292	1	1	95	249	2009	0
2293	1	1	89	268	2008	3591
2294	2	1	96	238	2005	23994
2295	2	0	0	0	0	0
2296	2	1	88	246	2005	0
2297	1	1	87	0	2008	17344
2298	2	2	89	0	2004	0
2299	1	2	97	254	2006	9318
2300	1	1	96	251	2006	11558
2301	1	2	88	0	2009	51925
2302	1	1	90	251	2009	50156
2303	2	1	96	277	2005	7835
2304	1	1	86	240	2007	50534
2305	1	2	86	0	2008	9244
2306	1	1	87	276	2007	50615
2307	1	1	92	269	2009	1941
2308	2	1	90	276	2005	16233
2309	1	2	94	276	2006	16924
2310	1	1	94	276	2007	50020
2311	1	1	91	276	2009	24283
2312	1	1	94	0	2009	50013
2313	1	1	94	0	2009	23330
2314	1	1	92	282	2008	17836
2315	1	0	0	0	0	0
2316	2	2	96	267	2005	0
2317	2	1	92	279	2004	25038
2318	1	1	89	260	2008	10832
2319	1	1	88	260	2005	52380
2320	2	2	87	260	2004	9324
2321	2	2	0	274	2005	5248
2322	1	1	96	248	2006	17967
2323	2	2	96	282	2005	2849
2324	1	2	96	254	2006	16805
2325	1	1	88	0	2009	3569
2326	1	0	0	251	0	0
2327	2	1	0	249	2005	9381
2328	2	2	90	237	2004	15894
2329	1	2	88	249	2009	2054
2330	2	1	95	242	2005	25278
2331	1	1	90	241	2008	0
2332	2	1	96	248	2005	50117
2333	1	1	95	251	2008	9783
2334	2	1	89	246	2004	51297
2335	1	2	87	254	2009	50074
2336	1	1	91	246	2008	51427
2337	2	0	0	0	0	0
2338	1	1	87	0	2008	9584
2339	2	1	0	248	2005	16744
2340	1	2	94	276	2008	21323
2341	1	2	94	251	2009	0
2342	1	1	89	263	2007	52268
2343	1	2	97	240	2006	51092
2344	1	2	86	253	2006	3599
2345	1	2	96	260	2006	50268
2346	1	2	92	251	2009	50005
2347	1	1	97	237	2005	50059
2348	1	1	95	254	2007	5285
2349	2	1	0	276	2005	15244
2350	1	2	87	260	2008	50679
2351	1	1	94	0	2008	17792
2352	1	1	96	250	2006	50431
2353	1	2	91	0	2009	0
2354	1	1	87	0	2008	0
2355	1	1	94	0	2009	50435
2356	1	1	92	271	2008	50065
2357	1	1	96	250	2005	16445
2358	1	2	0	0	0	50088
2359	1	1	87	249	2008	18104
2360	1	1	86	0	2008	50343
2361	2	0	0	0	0	0
2362	1	1	94	0	2009	15244
2363	1	1	86	248	2009	19580
2364	1	0	94	238	2007	3739
2365	1	1	89	263	2008	3502
2366	1	1	94	0	2008	2322
2367	1	2	94	270	2009	53329
2368	2	2	97	276	2005	18099
2369	1	1	95	243	2008	17901
2370	2	1	0	276	2005	17793
2371	1	0	0	0	0	0
2372	1	1	89	0	2008	22877
2373	2	2	0	267	2005	0
2374	2	1	0	238	2004	1943
2375	1	0	0	0	0	17083
2376	1	1	0	260	2007	9610
2377	1	1	94	0	2009	21196
2378	1	1	92	276	2007	19785
2379	1	2	0	251	2006	1935
2380	1	1	91	0	2009	51187
2381	1	2	89	0	2009	9496
2382	1	2	94	0	2008	51177
2383	1	2	94	0	2008	9381
2384	1	2	94	0	2009	3840
2385	1	2	92	249	2007	19885
2386	1	1	97	281	2006	17540
2387	2	1	0	260	2005	50100
2388	1	2	88	0	2009	17641
2389	1	1	92	0	2008	17540
2390	1	0	0	0	0	0
2391	1	1	94	248	2009	17746
2392	1	1	91	0	2009	7911
2393	1	1	97	277	2006	0
2394	1	2	89	237	2006	0
2395	2	1	87	279	2004	50190
2396	1	2	87	254	2007	18057
2397	1	2	94	260	2008	50020
2398	2	1	0	276	2005	17300
2399	1	1	90	0	2009	51187
2400	1	2	96	251	2006	17454
2401	1	2	88	249	2008	9580
2402	1	1	94	0	2008	18109
2403	1	1	96	254	2005	8999
2404	2	1	0	282	2005	1384
2405	2	1	92	281	2005	8112
2406	1	2	91	241	2008	17091
2407	1	2	87	276	2009	9428
2408	3	2	0	272	0	21248
2409	2	1	0	251	2005	15912
2410	1	1	95	275	2008	52089
2411	1	1	93	244	2006	50261
2412	2	0	0	260	2005	9004
2413	1	1	90	276	2008	8826
2414	2	0	0	0	2005	0
2415	1	1	87	238	2008	4004
2416	1	2	87	263	2008	50737
2417	1	1	89	249	2007	51948
2418	1	1	0	238	2006	17640
2419	1	2	91	256	2007	17468
2420	1	1	94	0	2009	9076
2421	1	1	88	275	2007	51925
2422	1	1	94	260	2008	2061
2423	1	1	95	0	2009	50747
2424	1	2	86	254	2006	50141
2425	1	2	88	274	2008	50612
2426	2	2	86	267	2005	51060
2427	1	1	87	281	2007	50470
2428	1	2	96	249	2006	25825
2429	1	2	87	271	2007	17792
2430	1	1	0	0	0	50152
2431	4	1	0	0	0	0
2432	1	1	95	267	2007	3171
2433	1	2	92	238	2009	50582
2434	1	1	90	251	2009	17528
2435	4	0	0	0	0	0
2436	1	2	97	271	2005	17129
2437	1	1	94	260	2007	16261
2438	1	1	87	276	2008	19660
2439	2	1	0	235	2004	52701
2440	1	2	0	260	0	21598
2441	1	1	91	251	2008	17786
2442	1	1	88	260	2009	1342
2443	1	2	90	251	2009	52104
2444	2	1	96	237	2004	16805
2445	1	2	91	276	2009	1935
2446	1	2	94	0	2008	53663
2447	2	0	96	253	2005	16354
2448	1	1	94	0	2009	17836
2449	1	1	97	255	2006	8851
2450	1	1	96	263	2005	23728
2451	2	2	94	260	2004	53853
2452	2	0	0	276	2005	0
2453	2	1	97	276	2005	539
2454	2	1	92	274	2004	52104
2455	1	1	96	243	2005	0
2456	1	2	92	248	2007	52402
2457	1	1	92	248	2009	2702
2458	1	1	91	238	2006	24423
2459	2	1	97	238	2005	50315
2460	1	0	88	238	2008	16159
2461	2	1	96	254	2005	5014
2462	1	2	0	241	2009	17089
2463	1	2	96	281	2006	3714
2464	1	1	94	276	2007	50020
2465	1	1	96	271	2006	23281
2466	1	2	89	239	2008	18134
2467	1	1	97	238	2006	19281
2468	1	2	86	0	2008	25043
2469	1	2	90	260	2008	9580
2470	1	1	94	253	2008	25023
2471	1	1	97	244	2006	25036
2472	1	0	0	0	0	0
2473	1	1	91	254	2007	18003
2474	2	0	0	263	0	25678
2475	1	1	97	235	2006	52737
2476	1	2	91	0	2008	2052
2477	1	2	87	242	2008	0
2478	1	2	89	0	2008	2292
2479	1	2	97	248	2006	50269
2480	1	1	92	0	2009	17641
2481	1	2	89	0	2009	17115
2482	1	1	94	0	2008	16383
2483	1	1	88	281	2008	16758
2484	2	2	87	276	0	51816
2485	1	1	86	0	2008	2701
2486	1	2	91	249	2007	50269
2487	1	1	87	238	2008	9077
2488	1	1	87	253	2009	2322
2489	1	2	89	0	2008	17507
2490	1	1	0	251	2010	0
2491	2	2	0	0	0	55516
2492	1	2	0	249	2007	51900
2493	2	1	90	265	2002	50419
2494	3	2	90	260	1991	0
2495	1	1	87	0	2008	16805
2496	1	2	86	260	2009	51009
2497	2	0	0	0	0	0
2498	1	1	92	255	2009	22246
2499	2	0	0	246	1998	0
2500	1	1	95	271	2007	9614
2501	1	2	86	241	2009	51001
2502	1	1	92	0	2008	26412
2503	1	2	92	285	2008	2669
2504	2	2	97	270	2005	50024
2505	2	1	96	281	2005	4496
2506	1	1	97	251	2006	9886
2507	2	1	96	236	2005	19208
2508	1	1	87	276	2007	18109
2509	1	2	94	249	2007	17060
2510	1	1	91	276	2008	16265
2511	1	2	86	257	2007	55516
2512	1	0	0	0	0	0
2513	1	2	97	275	2006	17786
2514	2	2	96	260	2005	25279
2515	1	0	0	0	2008	9423
2516	1	1	0	260	2006	11002
2517	1	1	89	0	2008	51843
2518	1	2	0	254	2006	50088
2519	1	1	89	277	2009	23649
2520	2	1	0	239	2005	22237
2521	2	1	88	271	2004	17641
2522	1	1	90	248	2007	50059
2523	1	1	95	0	2008	50410
2524	1	2	87	255	2007	0
2525	1	2	96	249	2006	54366
2526	2	2	0	263	2003	0
2527	2	0	0	0	0	0
2528	1	1	88	275	2007	4313
2529	1	1	89	251	2007	17344
2530	1	2	96	260	2006	50435
2531	1	1	87	254	2006	50747
2532	1	1	89	271	2009	20731
2533	1	2	96	249	2005	25279
2534	1	2	94	238	2008	18419
2535	1	1	89	0	2009	16805
2536	1	1	92	281	2008	9077
2537	1	1	89	275	2006	15903
2538	1	1	91	241	2008	21715
2539	2	1	97	251	2005	6101
2540	1	2	87	254	2009	9321
2541	1	0	92	284	2008	17537
2542	1	1	97	275	2006	50400
2543	1	2	91	0	2009	17598
2544	1	1	97	263	2006	52089
2545	1	2	94	251	2007	3556
2546	1	2	94	238	2008	3900
2547	1	0	0	282	0	17918
2548	1	1	97	251	2006	50584
2549	1	2	87	249	2007	17640
2550	1	1	87	271	2008	50470
2551	2	0	0	0	0	0
2552	1	1	94	238	2006	50315
2553	1	2	86	0	2009	3654
2554	1	2	90	0	2009	6139
2555	1	2	91	275	2008	53909
2556	1	1	0	0	2009	25156
2557	2	1	97	276	2004	60798
2558	1	2	94	275	2008	16761
2559	1	1	0	241	2005	3658
2560	1	1	95	235	2006	51444
2561	5	2	0	280	2005	2381
2562	1	1	89	0	2008	21730
2563	2	1	97	237	2005	8970
2564	1	2	94	281	2007	50242
2565	1	2	88	275	2007	1384
2566	5	2	90	267	2009	58261
2567	1	2	90	238	2007	9046
2568	1	1	0	0	2009	0
2569	1	2	92	275	2007	3674
2570	1	1	94	251	2009	5126
2571	2	2	90	272	2001	8840
2572	1	1	94	274	2008	51108
2573	1	2	92	241	2008	9077
2574	1	2	86	267	2009	21620
2575	3	2	0	277	0	16852
2576	1	1	91	238	2006	2694
2577	1	0	86	270	2007	17901
2578	1	2	97	260	2005	17584
2579	1	1	98	242	2006	5282
2580	2	2	0	238	2004	17788
2581	1	2	0	238	2006	0
2582	2	2	0	0	2005	16749
2583	1	2	91	275	2006	18099
2584	1	1	87	238	2008	2903
2585	1	1	87	0	2009	16992
2586	1	1	96	275	2006	17636
2587	1	2	97	274	2006	9618
2588	1	2	92	238	2006	50088
2589	1	1	94	0	2008	16396
2590	1	1	95	0	2009	25073
2591	1	1	97	275	2006	3576
2592	2	1	97	259	2005	21408
2593	1	1	89	0	2008	3684
2594	1	0	92	238	2008	16794
2595	1	2	94	267	2006	17150
2596	1	1	91	270	2008	17273
2597	1	2	94	0	2008	8906
2598	1	2	0	0	2009	5102
2599	1	2	88	241	2008	52150
2600	1	1	96	254	2006	20853
2601	1	2	97	251	2006	9414
2602	1	1	86	263	2008	16045
2603	1	2	88	271	2007	22877
2604	1	1	95	253	2005	9318
2605	1	2	86	249	2007	0
2606	1	1	90	251	2007	2303
2607	1	2	89	276	2007	9224
2608	2	1	0	271	2005	5282
2609	1	2	97	268	2006	9157
2610	2	2	0	271	2005	17636
2611	1	2	89	0	2008	16256
2612	2	2	86	251	2004	16795
2613	1	2	96	246	2006	8104
2614	1	1	95	0	2008	23751
2615	2	2	0	275	2004	0
2616	1	2	0	0	2008	1320
2617	2	2	0	251	2005	2405
2618	1	1	0	251	0	9587
2619	1	0	0	0	0	0
2620	1	2	86	249	2006	0
2621	1	2	91	251	2006	4262
2622	2	1	0	279	2005	16551
2623	1	1	92	0	2009	2824
2624	1	1	89	271	2007	5521
2625	1	1	96	276	2005	51558
2626	1	2	90	251	2007	50865
2627	2	0	0	0	0	0
2628	2	1	93	266	2004	0
2629	1	0	0	249	2007	9084
2630	1	1	88	235	2008	21352
2631	1	1	91	259	2007	8828
2632	1	1	88	241	2008	9324
2633	1	2	88	0	2009	50333
2634	1	1	96	237	2006	16217
2635	2	1	0	275	2005	16274
2636	1	1	95	251	2007	0
2637	1	2	90	0	2009	53392
2638	1	1	91	238	2007	15244
2639	2	2	0	276	2005	2794
2640	1	0	0	0	0	0
2641	5	1	97	279	2004	17329
2642	1	1	91	0	2008	50738
2643	1	1	86	0	2009	18123
2644	1	1	0	0	2010	50074
2645	1	0	0	0	0	0
2646	1	1	87	275	2007	50036
2647	1	1	87	260	2007	50305
2648	1	2	89	0	2008	9381
2649	1	0	97	238	2006	50091
2650	2	1	0	276	2005	24186
2651	2	1	0	277	2005	17340
2652	1	1	97	253	2005	0
2653	1	2	86	251	2008	3565
2654	1	2	89	0	2009	3842
2655	1	1	95	0	2008	3716
2656	1	1	94	276	2008	16455
2657	1	1	97	251	2006	50611
2658	1	1	0	260	2006	50091
2659	2	1	96	275	2005	50272
2660	2	2	0	272	2005	50005
2661	2	2	0	275	2005	4585
2662	1	1	87	0	2009	9798
2663	1	1	95	263	2009	9076
2664	2	1	0	277	2005	16233
2665	1	1	97	251	2006	16883
2666	1	0	0	0	0	0
2667	1	2	0	238	2006	1963
2668	1	2	96	249	2007	16114
2669	1	2	89	0	2009	58818
2670	1	1	96	271	2006	23965
2671	1	2	87	0	2009	50212
2672	1	2	88	248	2008	16140
2673	1	2	97	270	2006	50415
2674	1	1	87	251	2007	50189
2675	1	0	0	0	0	0
2676	1	1	96	251	2006	766
2677	1	1	96	253	2006	57519
2678	1	0	0	272	2005	16068
2679	1	0	88	248	2009	51928
2680	1	1	89	271	2007	16957
2681	1	1	96	276	2006	16261
2682	1	1	97	271	2006	51833
2683	1	1	86	281	2008	25543
2684	1	1	95	242	2008	21155
2685	1	2	86	251	2007	50333
2686	1	1	94	276	2008	16256
2687	1	2	89	0	2008	51002
2688	2	2	0	251	2004	21549
2689	1	1	87	0	2008	23330
2690	2	2	0	272	2005	51624
2691	1	1	97	281	2006	6139
2692	1	0	0	249	0	19807
2693	1	2	87	0	2009	17444
2694	1	1	94	0	2009	0
2695	2	2	0	251	2005	9774
2696	2	1	98	251	2005	18724
2697	1	1	88	251	2008	15894
2698	2	1	94	260	2005	21629
2699	1	1	96	276	2006	16382
2700	2	1	97	276	2005	16103
2701	1	2	94	260	2007	0
2702	2	2	87	274	2004	21576
2703	1	2	94	256	2008	2355
2704	1	1	88	0	2008	0
2705	1	1	89	274	2008	50911
2706	1	2	89	0	2009	16396
2707	1	1	95	241	2009	0
2708	2	0	0	0	0	9317
2709	1	1	96	275	2006	50303
2710	1	1	92	237	2008	22535
2711	1	0	0	0	0	0
2712	2	1	89	248	2005	3638
2713	5	1	0	276	2004	18123
2714	1	1	94	271	2009	0
2715	1	1	87	0	2008	17850
2716	1	2	87	251	2007	17352
2717	2	2	0	254	0	50909
2718	1	1	94	0	2008	51387
2719	1	1	95	274	2009	0
2720	1	0	0	0	0	0
2721	2	1	94	246	2003	3569
2722	1	1	87	0	2009	5336
2723	1	2	88	255	2008	17805
2724	1	1	92	276	2009	3685
2725	2	1	97	235	2005	9235
2726	1	2	97	254	2006	17636
2727	1	2	94	251	2008	2701
2728	2	2	0	249	2005	5254
2729	2	1	92	270	2005	9720
2730	2	2	92	281	0	9580
2731	1	1	94	284	2007	0
2732	1	1	89	0	2009	15903
2733	1	2	94	254	2007	2677
2734	1	2	96	257	2006	16735
2735	1	2	96	276	2005	3982
2736	1	1	0	271	2006	9328
2737	1	0	0	277	2006	0
2738	1	2	90	0	2007	0
2739	1	1	97	260	2006	3737
2740	1	2	88	249	2007	50872
2741	1	2	92	249	2009	51289
2742	1	1	94	268	2007	17062
2743	1	1	88	0	2009	6674
2744	1	2	96	275	2005	17880
2745	1	2	97	246	2005	3600
2746	1	0	89	0	2008	50909
2747	2	1	96	281	2005	50823
2748	1	1	95	270	2008	55663
2749	1	1	91	243	2007	50692
2750	1	1	94	238	2007	50691
2751	1	1	89	237	2007	8138
2752	2	0	0	236	2005	17309
2753	1	2	92	275	2006	50161
2754	1	1	0	275	2007	3675
2755	1	1	97	255	2006	20763
2756	1	0	0	283	0	9580
2757	1	2	87	276	2007	50924
2758	1	1	97	249	2006	0
2759	1	1	92	0	2008	3649
2760	1	2	87	267	2007	0
2761	2	1	0	254	0	52105
2762	1	1	92	271	2008	54235
2763	1	1	87	253	2006	9343
2764	2	1	0	251	2005	0
2765	1	1	0	276	2007	16530
2766	2	1	0	0	0	0
2767	1	2	90	0	2009	52065
2768	1	1	94	0	2009	4004
2769	2	2	89	240	2005	50831
2770	2	2	0	275	2004	5002
2771	1	1	94	277	2007	51187
2772	1	1	88	281	2006	17792
2773	1	2	0	281	2006	18078
2774	1	1	92	257	2007	50012
2775	2	1	96	275	2005	16329
2776	2	1	0	260	0	20747
2777	1	1	92	241	2007	17294
2778	1	1	87	275	2008	17129
2779	1	2	88	254	2008	606
2780	2	1	0	260	2005	17713
2781	1	2	90	271	2009	50470
2782	1	0	0	0	0	0
2783	1	1	95	235	2007	50232
2784	1	2	92	0	2009	16218
2785	1	1	96	251	2006	21781
2786	1	1	96	272	2006	52315
2787	1	2	88	246	2009	0
2788	1	2	89	272	2009	22246
2789	1	2	0	254	2006	17396
2790	1	2	88	281	2008	51925
2791	1	1	94	276	2009	50950
2792	2	1	96	272	2004	0
2793	1	1	92	238	2009	16718
2794	2	0	0	275	2005	21664
2795	1	1	92	260	2009	2493
2796	1	1	95	0	2008	3678
2797	1	0	93	0	2008	17352
2798	1	2	96	267	2006	21411
2799	1	1	86	275	2009	50240
2800	1	2	87	246	2007	3765
2801	3	0	0	0	0	0
2802	1	1	89	276	2007	50436
2803	1	1	0	268	2005	24027
2804	1	1	87	242	2008	9673
2805	2	1	0	260	2005	20747
2806	1	1	86	0	2008	18003
2807	2	1	0	239	2005	1496
2808	1	2	94	272	2009	3675
2809	1	1	94	0	2009	50786
2810	1	1	86	238	2009	50597
2811	1	2	98	276	2006	16444
2812	1	1	0	238	2006	6399
2813	1	2	86	253	2009	0
2814	1	1	90	0	0	1384
2815	1	1	87	0	2009	11285
2816	1	1	89	276	2009	50603
2817	1	1	97	254	2006	50712
2818	1	1	87	0	2008	50852
2819	1	1	89	235	2007	5646
2820	1	2	87	238	2007	9592
2821	2	1	96	277	2004	0
2822	1	2	91	241	2008	17268
2823	1	1	98	276	2006	22205
2824	1	0	97	238	2006	8820
2825	1	1	89	260	2009	50099
2826	1	1	86	241	2009	4868
2827	1	2	90	270	2007	21843
2828	2	1	0	0	0	50804
2829	1	1	94	241	2008	1942
2830	1	1	88	0	2009	5213
2831	2	2	0	272	2005	8975
2832	2	1	98	251	2005	50181
2833	1	2	94	240	2008	21653
2834	1	1	89	0	2008	16043
2835	1	1	96	276	2006	25156
2836	1	0	87	279	2007	9530
2837	1	1	92	275	2009	16112
2838	1	0	86	0	2008	50111
2839	2	1	0	279	2005	16957
2840	1	1	95	275	0	0
2841	2	2	97	241	2005	57595
2842	2	2	0	275	2005	21444
2843	1	2	88	0	2005	6448
2844	1	2	87	0	2008	539
2845	1	1	90	241	2009	22313
2846	2	1	0	251	2005	17326
2847	2	0	0	254	2005	3749
2848	1	1	95	248	2008	3548
2849	1	2	86	0	2009	50325
2850	2	1	89	260	2004	16058
2851	1	1	91	251	2007	17115
2852	1	1	92	0	2007	16385
2853	2	2	96	236	2005	23335
2854	1	1	87	238	2008	52104
2855	1	1	92	275	2009	17300
2856	1	2	89	0	2008	50246
2857	2	0	87	0	2004	2414
2858	2	2	98	251	2005	4450
2859	1	2	86	243	2009	17247
2860	1	1	94	256	2007	9414
2861	1	2	96	278	2006	17697
2862	1	1	92	249	2009	6139
2863	2	2	0	237	2005	17427
2864	1	1	0	0	2008	3716
2865	1	2	86	270	2007	16104
2866	1	1	94	275	2009	16496
2867	1	2	86	275	2009	50634
2868	1	1	86	269	2006	9688
2869	2	2	0	281	2005	16004
2870	1	1	88	263	2007	50146
2871	1	2	94	0	2009	0
2872	1	1	91	0	2009	17907
2873	1	2	97	275	2006	15557
2874	2	1	97	281	2005	9427
2875	1	1	0	249	2006	55374
2876	1	1	0	251	2006	18295
2877	1	1	88	249	2009	51195
2878	1	1	86	276	2008	16849
2879	2	1	97	271	2005	50188
2880	1	1	89	240	2007	17211
2881	2	2	89	276	2004	20563
2882	1	2	86	0	2008	0
2883	1	1	92	267	2008	15444
2884	2	1	97	263	2005	50159
2885	1	1	0	263	2006	23569
2886	1	1	96	271	2006	18123
2887	1	1	94	260	2007	16805
2888	1	1	88	249	2008	50146
2889	2	1	86	276	2003	17561
2890	2	1	0	238	2005	50013
2891	1	1	96	251	0	15938
2892	2	1	0	285	2005	0
2893	1	0	0	0	0	0
2894	1	2	88	244	2006	0
2895	1	1	90	276	2007	50450
2896	0	1	0	0	2005	50504
2897	1	1	0	263	2009	0
2898	1	1	90	251	2009	9321
2899	1	1	97	272	2006	24026
2900	1	1	91	260	2009	0
2901	1	1	92	242	2008	3735
2902	2	2	96	276	2005	16329
2903	1	1	88	263	2007	51040
2904	1	1	88	0	2008	9351
2905	1	2	94	249	2007	4312
2906	1	1	90	251	2007	50398
2907	4	1	0	0	0	50407
2908	4	0	0	0	0	0
2909	1	2	86	251	2007	25121
2910	1	1	94	263	2008	9434
2911	2	1	0	275	2005	21219
2912	1	2	96	255	2006	16310
2913	1	0	88	276	2008	5486
2914	1	2	89	249	0	53430
2915	1	2	86	263	2009	9557
2916	1	1	89	259	2009	22203
2917	1	1	89	0	2008	21800
2918	1	1	96	248	2006	12304
2919	1	1	89	251	2008	17055
2920	2	1	0	275	2005	17636
2921	2	2	0	235	0	0
2922	1	1	94	241	2008	50742
2923	1	2	86	260	2007	50359
2924	2	1	0	275	2005	16550
2925	1	1	94	238	2009	3240
2926	1	2	98	249	2006	50192
2927	1	1	86	260	2008	4640
2928	1	2	97	256	2006	18107
2929	1	1	0	275	2007	2642
2930	1	2	91	275	2007	5616
2931	2	1	0	251	2005	15861
2932	1	1	89	0	2007	16261
2933	1	2	97	260	2006	50240
2934	2	0	97	251	2005	0
2935	1	1	96	265	2006	15926
2936	2	1	0	276	2004	50343
2937	1	0	0	0	0	2725
2938	1	0	87	242	2008	1935
2939	1	2	94	282	2006	0
2940	2	1	97	282	2005	50459
2941	2	1	0	0	2005	50038
2942	1	1	91	237	2008	8885
2943	2	1	92	241	2005	5852
2944	1	1	91	240	2006	15933
2945	1	1	97	236	2006	51125
2946	1	1	95	240	2007	15244
2947	2	1	0	0	2005	50269
2948	1	1	90	251	2007	5928
2949	1	0	93	253	2007	0
2950	2	1	0	236	2004	9773
2951	2	1	92	281	2005	50172
2952	2	2	88	260	2004	16755
2953	2	2	0	249	2005	9757
2954	1	1	97	282	2005	50717
2955	1	2	0	238	2006	17870
2956	2	1	97	254	2005	50123
2957	2	1	86	275	2003	25825
2958	1	1	96	276	2006	19743
2959	2	1	96	236	2005	3659
2960	1	1	87	265	2009	1317
2961	1	2	94	271	2006	21411
2962	1	2	86	241	2008	2849
2963	1	0	97	238	2006	17129
2964	1	1	0	271	2007	6744
2965	2	1	0	282	2005	786
2966	1	0	96	238	2006	50091
2967	1	1	96	281	2006	2422
2968	1	1	92	237	2007	16693
2969	1	1	92	286	2007	7470
2970	1	1	94	238	2009	4700
2971	1	2	97	236	2006	15912
2972	1	1	90	0	2008	20853
2973	1	1	88	0	2009	17496
2974	1	0	0	0	0	0
2975	2	1	97	282	2005	50005
2976	1	1	95	0	2008	2823
2977	1	2	91	260	2009	20853
2978	1	0	90	283	2008	0
2979	1	1	97	251	2006	10569
2980	1	2	96	242	2006	24798
2981	1	1	88	276	2009	11654
2982	1	2	94	249	2007	3654
2983	1	1	90	237	2008	4312
2984	1	1	95	0	2009	24979
2985	1	0	0	0	0	50036
2986	1	2	94	0	2008	51269
2987	1	1	96	284	2006	14571
2988	2	1	97	276	2005	9763
2989	1	1	94	248	2007	1935
2990	1	2	86	274	2007	9757
2991	1	1	91	0	2008	3571
2992	1	1	87	281	2007	16256
2993	1	1	89	271	2007	50267
2994	1	1	94	236	2007	17316
2995	1	1	0	278	0	0
2996	1	1	94	267	2008	6447
2997	1	2	86	279	2007	15897
2998	1	1	88	237	2007	16694
2999	1	0	90	248	2006	17949
3000	2	1	0	238	0	0
3001	2	2	0	251	2005	17636
3002	1	2	0	0	2009	17537
3003	1	2	86	275	2006	50871
3004	1	2	86	275	2009	50786
3005	1	1	96	275	2006	3716
3006	1	2	89	0	2009	16435
3007	1	2	96	251	2006	50913
3008	1	2	86	266	2007	0
3009	1	1	88	268	2007	20563
3010	2	1	0	257	2004	15316
3011	1	1	96	241	2006	50424
3012	1	1	97	240	2006	50872
3013	2	1	0	251	2005	17175
3014	1	1	0	254	2007	16261
3015	1	1	95	257	2008	11339
3016	1	2	87	249	2007	17009
3017	2	0	0	0	0	16510
3018	2	2	0	251	2004	50314
3019	2	2	97	243	2005	51060
3020	1	1	91	251	2006	3611
3021	1	0	0	0	0	0
3022	1	1	94	276	2007	3755
3023	1	2	88	246	2008	50876
3024	1	2	86	0	2009	54975
3025	2	1	97	241	2004	51465
3026	1	1	89	260	2008	16727
3027	1	0	0	0	2008	0
3028	1	1	92	270	2007	3638
3029	1	1	88	251	2008	16045
3030	1	2	91	0	2008	9872
3031	1	1	91	253	2007	3240
3032	1	2	96	240	2006	50005
3033	1	1	97	260	2006	55516
3034	1	2	0	0	2009	16256
3035	1	1	89	271	2008	9077
3036	1	1	87	248	2009	18123
3037	1	0	91	277	2007	1454
3038	1	1	91	0	2009	2275
3039	1	0	0	0	0	0
3040	1	2	90	275	2008	50090
3041	1	1	98	284	2006	16389
3042	2	1	0	275	2005	17145
3043	1	0	96	284	2006	19975
3044	2	1	0	281	2004	22313
3045	1	1	94	251	2007	15912
3046	1	1	91	238	2009	9679
3047	1	1	90	248	2008	18003
3048	1	1	94	275	2009	9378
3049	1	0	0	0	0	7026
3050	1	1	94	282	2007	8659
3051	1	1	91	266	2007	26234
3052	2	2	92	243	2004	17636
3053	2	1	96	244	2005	16385
3054	1	1	91	251	2007	9791
3055	1	2	94	248	2006	0
3056	1	1	0	263	0	50233
3057	1	1	0	0	2009	0
3058	1	2	94	279	2008	22211
3059	1	1	91	255	2006	0
3060	4	2	0	0	0	17789
3061	1	1	96	244	2006	50058
3062	1	2	94	0	2008	8875
3063	1	2	96	275	2006	50338
3064	1	1	96	243	2006	17211
3065	1	2	86	274	2009	55113
3066	2	2	89	254	2007	19157
3067	1	1	86	0	2008	50025
