node	student	gender	dorm	major	year	school
0	1	1	0	268	2007	9378
1	5	1	0	291	2005	9611
2	5	1	0	279	2008	9583
3	5	0	0	0	0	9477
4	1	1	89	249	2008	4849
5	2	1	0	273	2002	53398
6	1	1	90	278	2008	22211
7	2	1	0	260	2005	9496
8	1	1	90	288	2009	9532
9	2	1	0	245	2005	16390
10	2	1	0	261	2005	9385
11	2	1	0	236	2005	9459
12	5	1	0	273	2006	55041
13	1	1	92	268	2009	25067
14	1	1	92	268	2009	9417
15	5	1	0	259	2006	0
16	5	1	91	0	2006	22258
17	1	1	89	249	2008	8842
18	1	1	90	245	2009	9324
19	1	1	93	264	2004	0
20	1	1	94	251	2007	25023
21	1	1	93	248	2007	9442
22	5	1	0	0	0	0
23	1	1	93	238	0	15932
24	1	1	86	268	2006	3506
25	5	2	91	259	2005	0
26	1	1	0	0	0	3560
27	1	1	94	248	2007	3646
28	1	1	0	257	2006	9753
29	1	1	89	273	2008	15945
30	1	1	87	288	2006	22237
31	1	1	94	245	2009	9372
32	1	1	92	273	2008	17634
33	1	1	0	247	1926	17863
34	1	1	90	0	2009	9460
35	1	1	0	0	2009	0
36	1	1	93	261	2006	51856
37	1	1	0	281	2008	3750
38	1	1	92	270	2009	16793
39	2	1	0	240	2005	8872
40	1	1	90	273	2008	52453
41	1	1	86	242	2006	9802
42	2	1	0	251	2005	9407
43	1	1	0	288	2007	6139
44	1	1	88	269	2005	9403
45	5	2	94	0	2006	0
46	5	1	91	258	0	16733
47	1	1	89	251	2007	15902
48	5	1	0	249	2006	15959
49	1	1	94	273	2009	9196
50	1	1	94	239	2009	15969
51	1	1	93	264	2005	2375
52	1	1	92	281	2009	9556
53	1	1	89	263	2008	50314
54	1	1	92	247	2008	0
55	1	1	90	238	2009	9628
56	1	1	94	280	2009	15922
57	2	1	0	283	2005	57221
58	1	1	90	291	2009	16243
59	1	1	92	249	2009	23623
60	1	1	92	257	0	9573
61	1	1	0	239	2008	50692
62	1	1	0	273	2007	9536
63	1	1	86	256	2006	25036
64	1	1	87	0	2008	9382
65	1	1	92	256	2009	9768
66	2	1	0	268	2005	9372
67	1	1	93	280	2006	0
68	1	1	0	270	0	9542
69	1	1	0	270	2008	9769
70	1	1	0	249	2006	9673
71	1	0	95	238	2007	15921
72	5	1	0	273	2007	15898
73	1	1	86	263	2007	51129
74	1	1	0	245	2007	15931
75	1	1	94	249	2009	8902
76	5	1	0	0	0	9333
77	1	1	95	254	2006	3598
78	1	0	0	0	2008	3685
79	1	1	94	288	2008	9400
80	4	2	0	0	0	0
81	1	1	92	0	2008	25036
82	1	1	90	0	2009	51494
83	1	1	89	257	2008	8831
84	1	1	92	242	2008	236
85	1	1	92	281	2009	3570
86	1	1	86	286	2007	50615
87	2	1	0	281	2005	8826
88	1	1	88	248	2005	2201
89	1	1	0	277	2006	9451
90	1	1	93	260	2007	8977
91	1	1	0	238	2007	0
92	1	0	87	251	2006	8952
93	2	1	0	242	2005	50506
94	1	1	86	263	2007	8937
95	1	1	94	239	2009	15970
96	1	1	94	240	2006	9404
97	1	1	0	240	2007	9649
98	1	1	92	278	2009	9665
99	1	1	92	268	2009	9441
100	1	1	0	269	2007	10289
101	1	1	92	260	2009	4269
102	1	1	94	239	2008	22237
103	1	1	92	0	2009	17573
104	2	1	0	240	2005	15969
105	1	1	90	268	2009	50692
106	1	1	0	277	2005	8823
107	2	1	0	281	2005	9363
108	1	1	86	239	2006	16216
109	1	1	93	239	2006	3681
110	2	0	0	281	2005	9614
111	1	1	92	277	2009	3531
112	1	1	0	274	2007	0
113	1	1	87	273	2008	24119
114	2	1	0	264	2004	8977
115	1	1	0	281	2007	9761
116	1	1	89	248	2008	9624
117	2	1	0	251	0	8947
118	1	1	90	257	2008	20639
119	1	1	90	242	2008	8826
120	2	1	0	248	2005	18246
121	5	1	0	251	2006	9561
122	1	1	0	263	2007	9372
123	1	1	92	280	2004	17954
124	1	1	92	0	2009	0
125	1	1	87	268	2007	9492
126	1	1	88	263	2006	9336
127	1	1	93	251	2006	51156
128	1	1	0	268	2007	8971
129	1	1	90	268	2009	9617
130	2	1	0	238	2005	9670
131	1	1	88	236	2006	20733
132	1	1	87	249	2008	15931
133	1	1	0	288	2006	9727
134	1	1	90	281	2009	17180
135	1	1	91	281	2006	0
136	1	0	0	0	0	0
137	1	1	0	245	2006	22188
138	1	1	0	0	0	9771
139	1	1	92	245	2009	9793
140	1	1	92	269	2008	3571
141	1	1	0	273	2008	0
142	1	0	0	0	0	0
143	1	0	0	0	0	0
144	1	1	89	289	2008	15897
145	1	1	88	268	2006	9046
146	5	1	0	0	2006	9755
147	2	1	88	251	2005	9492
148	1	1	86	268	2007	3636
149	1	1	87	268	2008	50185
150	1	1	0	245	2006	50294
151	1	0	89	238	2008	50017
152	1	1	0	287	2006	9429
153	1	1	0	240	2006	22250
154	1	1	94	245	2007	3748
155	1	1	0	0	2007	9415
156	1	1	94	245	0	16408
157	1	1	92	273	2009	0
158	1	1	90	292	2009	8875
159	2	1	0	0	0	15959
160	1	1	0	281	2007	51437
161	1	1	86	273	2007	9565
162	1	1	89	245	2008	3576
163	1	1	0	273	2009	9649
164	1	1	0	267	2007	9718
165	1	0	0	252	0	0
166	1	1	90	268	2009	3604
167	1	1	92	273	2009	9313
168	1	1	94	238	2007	9379
169	1	1	0	245	2006	18699
170	1	1	92	261	2009	9763
171	1	1	0	261	2008	9354
172	1	1	90	268	2009	9563
173	1	1	0	0	2009	8840
174	1	1	0	280	2006	50909
175	1	1	0	245	2008	9649
176	1	1	90	268	2009	11114
177	1	1	90	268	2009	0
178	1	0	0	240	2007	50389
179	1	0	0	245	2007	50402
180	1	1	0	281	2006	9787
181	1	0	0	0	0	0
182	1	1	93	240	2006	53375
183	1	1	0	263	2007	50318
184	1	1	0	239	2008	52395
185	1	1	0	270	0	9771
186	1	1	0	261	0	9738
187	1	1	92	240	2009	22256
188	1	1	89	288	2006	15921
189	2	1	0	274	2005	3694
190	1	1	0	281	2006	9324
191	2	1	0	249	2005	3748
192	1	1	88	261	2006	9720
193	2	1	0	257	2005	17383
194	1	1	95	281	2007	15918
195	1	1	92	251	2009	25459
196	1	1	94	268	2008	9760
197	1	1	0	251	2007	9331
198	1	1	93	245	2006	19148
199	1	1	92	280	2009	50222
200	1	1	89	251	2007	50325
201	1	1	87	249	2008	52783
202	1	1	94	271	2008	9654
203	1	1	90	249	2009	9442
204	1	1	88	253	2006	25624
205	1	1	0	0	2007	0
206	1	1	0	287	2005	53001
207	1	1	86	281	2007	0
208	1	1	90	245	2009	52736
209	1	1	0	239	2007	15911
210	1	1	0	264	2007	3765
211	1	1	93	277	2007	23692
212	1	1	0	288	2009	9655
213	1	1	89	261	0	0
214	1	1	0	281	2007	9451
215	2	0	0	261	2005	3546
216	1	1	92	249	2009	9417
217	1	1	92	0	2009	15897
218	1	1	0	269	2007	9460
219	1	2	0	261	0	9772
220	1	1	92	284	2009	50864
221	1	0	0	0	0	0
222	1	1	92	245	2009	0
223	1	1	0	0	2008	15985
224	1	1	90	269	2009	9588
225	1	1	87	268	2008	8911
226	1	1	0	251	2005	0
227	1	1	0	268	2007	16159
228	1	1	0	292	2006	50017
229	1	1	0	273	2006	19157
230	1	1	86	245	2008	6399
231	1	1	92	268	0	9532
232	1	1	0	251	0	9382
233	1	1	92	0	2009	9343
234	1	1	87	269	2007	9694
235	1	1	94	0	0	53429
236	1	1	90	0	2008	22214
237	1	1	86	240	2008	26532
238	1	1	92	249	2009	9382
239	1	1	0	273	2007	9372
240	1	1	0	245	2007	9580
241	4	0	0	292	2002	0
242	2	1	0	281	2005	9617
243	1	1	0	268	2006	15906
244	1	1	0	268	0	8875
245	1	1	90	0	2009	22251
246	1	1	92	268	2009	9669
247	5	2	0	259	0	9351
248	1	1	0	260	2005	50813
249	1	1	0	287	2006	9344
250	1	1	94	289	2008	8994
251	1	1	93	245	2006	8905
252	5	1	0	269	2006	9606
253	1	1	94	239	2008	52453
254	1	1	0	260	2006	20691
255	1	1	0	0	2007	9598
256	1	1	90	268	2009	15936
257	1	1	92	277	2007	9653
258	1	1	92	249	2009	3527
259	1	1	92	261	2009	9388
260	1	1	87	248	2008	9343
261	1	0	0	0	0	0
262	1	1	0	268	2006	22265
263	1	1	0	0	2008	9554
264	1	1	92	0	2009	9752
265	1	1	0	257	2006	10289
266	1	1	86	249	2008	9372
267	2	1	0	288	2004	9681
268	1	1	88	280	2006	15895
269	2	1	0	248	2004	9438
270	1	1	93	281	0	50649
271	1	0	88	281	2005	3900
272	1	0	0	249	0	15943
273	2	1	0	292	2005	51367
274	1	1	88	281	2006	9317
275	1	1	92	253	2009	9331
276	1	1	87	277	2008	15933
277	1	1	87	281	2007	9497
278	1	0	87	0	2008	53398
279	1	1	89	281	2008	15911
280	1	1	89	245	2008	19238
281	1	1	93	251	2008	9378
282	1	1	86	272	2007	15937
283	5	1	0	249	2005	1267
284	1	1	94	279	2008	8960
285	1	1	0	245	2008	52312
286	1	1	0	252	2009	0
287	1	1	92	278	2008	9504
288	5	1	0	273	0	22760
289	1	1	0	261	2005	9563
290	1	1	0	268	2007	25723
291	1	1	87	268	2008	50692
292	1	1	92	278	2009	0
293	1	0	0	0	0	0
294	1	0	0	0	0	0
295	1	1	86	268	2007	9429
296	1	1	0	245	2009	59794
297	2	1	0	249	2005	8271
298	1	1	93	261	2006	6100
299	1	1	92	269	2009	3342
300	1	1	88	264	2006	9720
301	3	0	0	0	0	0
302	2	1	0	248	2005	15939
303	1	1	92	277	2008	3747
304	1	1	89	268	2008	9647
305	1	1	89	239	2008	10488
306	1	1	93	240	0	9159
307	1	1	89	245	2008	8959
308	1	0	0	0	0	0
309	1	1	92	268	2008	15954
310	5	1	0	244	0	21841
311	1	0	92	271	0	0
312	1	1	92	268	2009	53243
313	1	1	90	270	2009	0
314	1	1	92	257	2009	9665
315	4	2	0	0	0	0
316	1	1	0	280	2007	9419
317	1	1	0	273	2007	24208
318	1	1	86	268	2008	9645
319	1	1	0	245	2008	9614
320	2	1	0	251	2005	9605
321	1	1	93	238	2006	3564
322	2	1	0	238	2005	8990
323	1	1	88	236	2006	22234
324	1	1	91	245	2008	0
325	1	1	92	281	2009	53756
326	1	1	89	277	2008	50100
327	1	1	0	238	0	0
328	1	1	90	281	2009	8948
329	1	1	88	260	2006	24172
330	1	1	0	268	2008	9343
331	1	1	92	268	2009	53398
332	1	1	0	252	2006	9764
333	2	1	94	236	2003	25188
334	1	1	0	278	2006	9513
335	1	1	95	239	2008	9609
336	1	1	89	288	2007	15945
337	1	1	0	273	2007	9598
338	1	1	87	278	2007	50662
339	2	1	0	264	2004	9339
340	1	1	89	239	2008	9429
341	1	1	87	273	2007	3602
342	1	1	0	0	2009	3748
343	1	1	90	242	2004	9705
344	1	1	0	273	2009	9382
345	1	1	0	271	2008	9323
346	1	1	87	277	2007	4555
347	1	1	89	251	2006	9372
348	1	1	0	267	2008	9738
349	1	1	0	284	2007	22188
350	1	1	94	281	2008	50213
351	1	0	0	0	0	0
352	1	1	86	249	2007	9584
353	1	1	0	273	2007	9654
354	1	1	0	239	2009	9530
355	1	1	92	268	2009	8820
356	1	1	0	268	2006	3701
357	1	1	93	257	2006	26073
358	1	1	87	281	2007	9437
359	1	1	0	253	2007	50194
360	1	1	95	273	2007	9787
361	1	1	90	273	2009	9677
362	1	1	87	281	2007	9720
363	1	1	92	281	2004	25022
364	1	1	0	268	2006	9644
365	1	1	88	277	2006	15892
366	1	1	0	281	2009	3591
367	1	1	94	260	0	9442
368	1	1	89	251	2008	21142
369	2	1	94	277	2005	9349
370	1	1	0	268	2006	9795
371	2	1	0	272	2005	9719
372	1	1	0	240	2007	0
373	1	1	0	236	2008	9779
374	1	1	94	265	2008	51780
375	1	1	89	249	2008	50344
376	1	1	0	263	2008	9382
377	1	1	92	281	2009	9802
378	2	1	0	261	2005	0
379	1	1	93	272	2006	8989
380	1	1	90	268	2007	3704
381	1	1	95	268	2008	3704
382	1	1	92	268	2009	0
383	1	1	0	256	2009	15969
384	1	1	90	288	2009	50315
385	1	1	90	268	2009	17833
386	1	1	89	245	2008	9654
387	1	1	92	242	2009	17507
388	1	1	94	240	2009	9718
389	1	1	87	268	2007	9447
390	1	1	0	264	2008	54459
391	1	1	87	269	2007	3607
392	1	1	94	238	2008	11482
393	1	1	94	245	2008	9530
394	1	1	90	281	2009	9617
395	1	1	89	270	2007	9712
396	1	1	0	268	2006	0
397	1	1	0	268	2008	0
398	1	1	0	280	2009	20975
399	1	1	0	278	2009	9650
400	1	1	89	261	2008	9436
401	1	1	95	238	2008	9765
402	1	1	92	249	2008	9451
403	1	1	90	273	0	50737
404	1	1	89	281	2008	15956
405	1	1	92	260	2008	9645
406	1	1	0	264	2007	15932
407	1	1	90	268	2009	9745
408	1	1	0	249	2006	9755
409	1	1	92	263	2009	19127
410	5	1	0	267	2005	52215
411	1	1	89	277	2008	9787
412	1	1	0	245	2006	16445
413	1	1	0	264	2007	3025
414	2	1	0	268	2005	9653
415	1	1	92	239	2009	9330
416	1	0	0	281	2006	16227
417	1	1	0	281	2006	3627
418	1	1	86	288	2007	16004
419	1	1	90	247	2009	53946
420	1	1	93	277	2006	9419
421	4	0	0	0	0	0
422	1	1	87	240	2008	9729
423	1	1	0	268	2006	15933
424	1	1	87	287	2008	9077
425	1	0	0	0	2008	9346
426	1	1	90	239	2009	15932
427	1	1	92	273	0	9722
428	1	1	90	268	2008	15897
429	1	1	0	0	2008	15897
430	1	1	90	268	2009	8857
431	5	1	0	273	2006	22205
432	1	1	0	238	2007	8837
433	1	1	88	268	2006	9734
434	1	1	92	273	2009	15963
435	1	0	0	0	0	0
436	1	1	87	0	2008	16510
437	1	1	87	0	2008	9494
438	1	1	94	268	2007	9419
439	1	1	0	245	2007	15969
440	1	1	86	281	2006	8835
441	1	1	90	278	2008	50584
442	1	1	90	0	2009	4588
443	1	1	90	281	2008	22187
444	2	1	93	236	2005	15959
445	1	1	94	251	2008	51777
446	1	1	90	281	2008	3509
447	2	1	0	255	2004	16018
448	1	1	0	245	2009	9570
449	1	1	89	281	2008	15959
450	1	1	0	236	2005	0
451	1	1	89	0	2008	8914
452	1	1	90	238	2009	9805
453	1	0	0	0	0	0
454	1	1	90	260	2009	9658
455	1	1	0	268	2007	3714
456	2	1	0	256	2005	9614
457	1	1	87	273	2008	0
458	1	1	89	245	2007	9335
459	5	1	0	249	2006	9617
460	1	1	93	251	0	8891
461	1	1	89	245	2004	8947
462	1	1	0	288	2006	9530
463	2	1	0	268	2005	50034
464	1	0	0	0	0	0
465	1	1	89	249	2008	3685
466	1	1	90	268	2009	9625
467	1	1	0	256	2006	9422
468	1	1	92	291	2009	9773
469	1	1	0	260	2009	9455
470	1	1	0	236	2009	19694
471	1	1	0	245	2007	3594
472	2	1	0	236	2005	9321
473	1	1	92	245	2008	2929
474	1	1	88	281	2006	9717
475	2	1	0	238	2005	3676
476	1	1	0	268	2007	9466
477	1	1	86	273	2007	9805
478	1	1	0	277	2006	8952
479	1	0	0	0	0	0
480	1	1	94	250	0	0
481	1	1	87	0	2008	22217
482	1	1	0	0	0	8966
483	1	1	0	273	2009	50909
484	1	1	87	0	2007	50927
485	2	1	0	240	2005	9167
486	1	1	87	257	2006	3571
487	1	1	87	288	2006	9541
488	1	1	0	246	0	15963
489	1	1	89	265	2008	16421
490	1	1	93	251	2007	53756
491	1	1	90	268	2009	3739
492	1	1	90	280	2009	6399
493	1	1	0	271	2009	50194
494	2	2	0	245	0	5407
495	1	0	94	281	0	0
496	1	1	92	266	2009	3681
497	1	1	89	268	2008	3762
498	1	1	92	281	2009	9484
499	1	1	0	268	2007	9729
500	2	1	0	272	2005	0
501	1	1	0	239	2008	50760
502	1	1	0	248	2007	9614
503	1	1	87	246	2008	50621
504	1	1	94	279	2008	2622
505	1	1	89	283	2007	15897
506	1	1	89	268	2008	9729
507	1	1	89	273	2008	9584
508	1	1	92	0	2008	9588
509	1	1	89	288	2007	8847
510	1	1	87	268	2008	8881
511	1	1	89	281	2007	9404
512	1	1	0	249	2006	9556
513	1	1	94	260	2008	2105
514	1	1	94	273	2008	16836
515	1	1	89	263	2008	8878
516	1	0	86	283	2007	17243
517	1	1	90	280	2009	8906
518	1	1	90	271	2008	50584
519	1	1	89	279	2008	3632
520	1	1	0	268	2007	15902
521	1	1	90	0	2009	24996
522	1	1	93	265	2006	8977
523	1	1	90	270	0	8878
524	1	1	87	245	2008	16445
525	2	1	0	245	2004	8848
526	1	1	0	281	2007	50201
527	5	2	91	258	0	25700
528	1	1	0	277	2006	9343
529	1	1	87	249	2008	3756
530	1	1	94	249	2008	50270
531	1	1	89	248	2008	9436
532	1	1	86	245	2008	9575
533	5	0	91	0	0	0
534	1	1	0	239	2007	9444
535	1	0	0	0	0	0
536	1	1	0	0	2007	9459
537	1	1	87	268	2008	8947
538	1	1	92	273	2009	9605
539	1	1	92	0	2009	16112
540	1	1	92	268	2008	9429
541	1	1	92	273	2008	9625
542	2	1	0	263	2005	21799
543	1	1	0	245	2007	50963
544	1	1	0	249	2006	53946
545	1	1	92	268	2009	51986
546	1	1	0	281	2007	17561
547	1	1	92	273	2009	50303
548	2	1	0	239	2005	9626
549	1	1	0	272	2006	8930
550	1	1	92	245	2009	9495
551	1	1	86	236	2006	53002
552	1	1	86	251	2007	50185
553	1	1	94	238	2009	0
554	1	1	0	260	0	9610
555	1	1	0	263	2006	3613
556	1	1	87	281	2008	16274
557	1	1	0	268	2007	9481
558	5	1	91	249	2006	15908
559	1	1	89	287	2008	9331
560	1	1	0	238	0	0
561	1	1	92	277	2008	9388
562	1	1	0	268	2006	8906
563	1	1	92	249	2008	8994
564	5	1	0	268	2008	19492
565	1	1	89	277	2008	1945
566	1	1	0	0	0	9650
567	1	1	0	265	2006	3520
568	5	1	0	273	2005	15923
569	1	0	0	0	0	0
570	1	1	0	0	2008	9372
571	1	1	93	248	2006	24975
572	1	1	89	245	2007	22211
573	1	1	0	245	0	9729
574	1	1	0	0	2009	15904
575	1	2	0	246	2007	21083
576	1	1	90	281	2008	9681
577	1	1	94	268	2008	9533
578	4	2	0	0	0	0
579	1	1	87	283	2008	9492
580	1	1	86	268	2006	50141
581	1	1	92	245	2009	9496
582	1	1	87	288	2006	17713
583	1	1	92	273	0	9625
584	1	1	89	238	2008	15926
585	1	1	87	268	2008	50143
586	1	1	93	281	2006	15912
587	1	1	86	240	2006	9323
588	1	1	90	278	2009	9617
589	2	1	0	292	2004	3739
590	1	1	87	277	2008	3688
591	1	1	89	261	2008	9533
592	1	1	92	281	2008	9648
593	1	1	94	245	2008	53092
594	1	1	95	268	2008	9609
595	1	1	94	264	2007	9677
596	1	1	0	243	2007	9697
597	1	0	0	0	0	0
598	1	1	0	265	2007	3762
599	1	1	0	268	2009	9649
600	1	1	87	245	2006	3612
601	1	1	90	245	2009	8947
602	1	1	0	268	2007	9336
603	1	1	0	249	2006	9550
604	1	1	94	247	0	0
605	1	1	94	236	2008	52815
606	1	1	93	257	2006	15925
607	1	1	0	263	0	3686
608	1	1	92	251	2009	9665
609	1	1	94	273	0	3550
610	2	1	0	239	2005	9327
611	1	1	92	268	2009	52215
612	1	1	88	251	2006	22234
613	2	1	0	277	2005	1648
614	1	1	0	0	2007	9382
615	1	1	0	268	2006	9717
616	1	1	92	0	2009	0
617	1	1	0	273	2007	9397
618	1	1	0	268	2007	9351
619	2	1	94	281	2004	9632
620	1	1	92	281	2009	9720
621	2	1	0	245	2005	9437
622	1	1	93	253	2008	8883
623	1	0	0	257	2008	53946
624	1	1	89	251	2007	50527
625	1	1	86	273	2007	8954
626	1	1	93	273	2007	22234
627	1	1	90	271	2008	8845
628	2	1	0	260	2005	3556
629	5	1	0	258	0	9382
630	1	1	0	288	2008	15934
631	1	1	89	268	2008	2505
632	1	1	0	261	2006	16074
633	1	1	0	249	2007	8966
634	1	1	0	273	2008	9563
635	1	1	86	289	2007	50963
636	1	1	87	256	2006	9612
637	5	0	0	291	2005	53946
638	1	1	88	263	2006	9763
639	1	1	0	273	2008	0
640	1	1	87	245	2008	8944
641	2	1	0	248	2005	4492
642	1	1	89	249	2007	9492
643	1	1	92	249	2008	51762
644	1	1	87	249	2008	8840
645	1	1	0	251	2007	9349
646	5	1	0	251	2005	9757
647	1	1	0	268	2007	51808
648	1	1	0	238	2006	3972
649	1	1	86	245	2007	3650
650	5	1	91	0	2005	25731
651	1	1	0	280	2007	15933
652	1	1	86	273	2007	9373
653	1	1	92	245	2009	3531
654	1	1	0	268	0	10481
655	1	1	90	239	2009	21624
656	1	1	92	240	2008	3719
657	1	1	0	245	2006	17918
658	2	1	0	281	2005	9326
659	1	1	94	292	2008	16693
660	1	1	0	265	2006	3755
661	1	1	86	251	2006	17901
662	1	1	94	268	2008	9346
663	1	1	0	264	2006	9263
664	1	1	92	278	2009	22209
665	1	1	92	0	2009	9515
666	1	1	0	0	2008	2674
667	1	1	87	281	2006	9575
668	1	1	0	260	2009	9698
669	1	1	0	263	2007	50611
670	1	0	0	0	0	0
671	1	1	0	268	2005	9581
672	1	1	90	281	2009	9530
673	1	1	95	246	2007	22258
674	1	1	0	264	2007	0
675	1	1	94	281	2009	3524
676	1	0	0	0	2008	9653
677	1	1	0	245	2006	3840
678	1	1	0	264	2007	18323
679	2	1	0	265	2005	9757
680	1	1	93	236	2008	17532
681	1	1	0	268	2009	50962
682	1	1	88	281	2006	9529
683	1	1	94	268	2009	51063
684	1	1	0	254	2007	9725
685	2	1	0	269	2004	9717
686	2	1	0	288	2005	15921
687	1	1	0	252	2007	9429
688	1	1	87	263	2008	21161
689	1	1	93	277	2007	3542
690	1	1	94	268	2006	630
691	1	1	87	281	2007	18041
692	1	1	90	240	2009	9472
693	1	1	90	0	2007	8826
694	1	1	0	251	2008	0
695	1	1	92	245	2009	3681
696	5	1	0	258	2005	3583
697	1	1	92	268	2008	8959
698	1	1	0	242	0	15898
699	1	0	0	0	2007	9536
700	1	0	0	0	0	0
701	1	1	90	257	2008	15895
702	1	1	89	270	2008	50880
703	1	1	0	281	2006	56307
704	2	1	93	280	2004	9705
705	2	1	0	257	2005	3613
706	1	1	0	288	2006	50909
707	1	0	0	273	2006	9403
708	1	1	95	268	2008	9609
709	2	0	0	0	0	0
710	1	1	86	280	2006	15969
711	1	1	87	249	2007	0
712	2	1	0	239	2005	9529
713	1	1	92	261	2008	25000
714	1	1	0	260	2006	9640
715	1	1	0	268	2007	9614
716	1	1	88	277	2004	8930
717	1	1	95	279	2008	9717
718	1	1	86	242	2008	9442
719	1	1	90	0	2008	9645
720	1	1	0	0	2009	9554
721	1	1	86	268	0	15934
722	1	1	0	277	2006	15953
723	1	1	0	248	2007	52091
724	1	0	0	268	0	17108
725	2	0	0	256	2004	8907
726	1	1	93	284	2006	9451
727	1	1	0	268	2008	9722
728	1	1	87	245	2007	3666
729	1	1	0	281	2006	9738
730	1	1	92	0	2008	15895
731	1	1	0	245	2006	9440
732	1	1	0	291	2007	9324
733	1	1	87	242	2008	22205
734	1	1	86	269	2007	50243
735	2	0	0	272	2004	6099
736	1	1	0	268	2007	3683
737	1	1	93	260	2007	3739
738	1	1	86	257	2007	15891
739	1	1	0	0	2009	8954
740	1	1	0	264	2007	0
741	1	1	0	279	2006	22211
742	1	1	92	239	2006	9694
743	1	1	92	283	2009	9673
744	1	1	86	251	2007	3681
745	1	1	87	248	2006	3659
746	1	1	87	251	2008	9594
747	1	1	94	268	2008	3757
748	1	1	92	281	2009	9723
749	1	1	89	0	2008	15920
750	1	1	86	278	2006	0
751	1	1	90	277	2009	0
752	1	1	0	239	2007	3581
753	5	1	0	257	2005	9757
754	1	1	0	268	2006	9496
755	1	0	92	0	2009	16748
756	1	1	0	284	0	9642
757	1	0	0	245	0	50036
758	1	0	0	0	0	0
759	1	1	0	239	2007	8851
760	1	1	94	268	2008	15899
761	2	1	0	281	2005	3715
762	1	1	94	245	2008	1805
763	1	1	0	0	2008	16382
764	1	1	90	273	2009	0
765	1	1	0	279	2008	9649
766	1	1	94	257	2007	3568
767	1	1	89	245	2008	2443
768	1	1	89	0	2008	9556
769	1	1	92	279	2008	51858
770	2	1	0	281	2005	15902
771	2	0	0	263	2005	8840
772	1	1	0	277	2007	3612
773	1	1	90	286	2005	0
774	1	1	90	0	2009	8831
775	1	1	0	0	0	0
776	1	1	0	281	2007	3714
777	1	1	86	281	2007	9739
778	1	1	0	242	2006	17022
779	1	1	0	283	2007	15902
780	4	2	0	0	0	2747
781	1	0	0	261	2007	0
782	2	1	0	280	2005	9554
783	1	1	90	268	2009	3741
784	1	1	92	245	2009	22214
785	5	1	91	251	2005	5780
786	1	1	89	269	2007	9521
787	1	1	0	284	2006	50492
788	2	1	0	0	2005	3721
789	1	1	0	260	2006	9321
790	1	1	0	272	2005	24979
791	2	1	0	277	2005	50137
792	1	1	0	288	2006	22602
793	1	1	89	281	2007	17641
794	1	1	93	267	2007	9318
795	1	1	0	245	2007	3714
796	1	1	94	288	2008	9328
797	1	1	92	0	2008	0
798	1	1	92	249	2009	9317
799	1	1	0	264	2008	9772
800	1	1	0	245	2007	0
801	1	1	94	273	2005	8944
802	1	1	87	277	2008	3523
803	1	1	89	263	2007	0
804	1	1	90	273	0	9762
805	5	1	0	244	2006	52110
806	1	1	90	278	2009	8970
807	1	1	90	245	2009	50143
808	1	1	86	251	2007	15982
809	1	1	92	273	2009	17934
810	1	1	94	281	2008	17949
811	1	1	0	280	2006	50737
812	5	2	0	268	2006	9752
813	1	1	0	273	2008	22256
814	1	1	88	249	2006	9658
815	5	1	0	249	2005	15931
816	5	1	0	273	2007	9571
817	1	1	0	260	2006	6099
818	1	1	86	239	2007	3718
819	1	1	94	261	2008	9648
820	1	1	92	245	2009	8952
821	1	1	0	269	2007	0
822	1	1	0	238	2009	3556
823	2	1	88	287	2005	15888
824	1	1	94	251	2008	9397
825	1	1	0	249	2006	3652
826	1	1	92	277	2009	0
827	1	1	86	263	2006	9389
828	1	1	90	236	2008	15895
829	1	1	95	268	2007	25028
830	1	1	0	271	0	9554
831	1	1	92	238	2009	15932
832	1	1	87	238	2007	9760
833	5	0	0	251	0	0
834	2	1	0	269	0	25008
835	1	1	92	273	2010	51928
836	1	0	0	0	0	0
837	1	1	90	266	2009	3737
838	1	1	92	249	2008	9701
839	1	1	0	288	2006	3687
840	1	1	90	236	2009	53756
841	1	1	86	0	2008	8886
842	1	1	86	240	2007	9536
843	1	1	89	268	2008	9349
844	1	1	89	265	2008	52555
845	1	1	95	281	2007	15876
846	2	1	0	281	2005	3581
847	1	1	0	292	2008	3719
848	1	1	87	273	2008	9447
849	1	1	92	281	2008	15933
850	1	1	89	288	2007	9684
851	5	1	0	249	0	0
852	1	1	90	245	2008	9690
853	1	1	0	0	2008	50344
854	1	1	89	249	2007	53002
855	5	1	0	273	2008	0
856	1	1	86	251	0	9692
857	1	0	0	0	0	0
858	1	1	87	245	2008	0
859	1	1	0	263	2009	3416
860	2	1	0	263	2005	9440
861	1	1	0	261	2007	25014
862	1	1	90	250	2008	3556
863	1	1	86	268	2008	3581
864	1	1	0	243	2005	9657
865	1	0	93	239	2007	8884
866	1	1	95	0	2008	9349
867	1	1	86	254	2006	9386
868	1	1	88	280	2006	17641
869	1	0	0	0	0	0
870	1	1	94	287	2007	9703
871	1	1	94	245	2009	9313
872	1	1	92	273	2008	3030
873	2	1	0	239	2005	9442
874	1	1	92	242	2008	52921
875	1	1	88	280	2006	9379
876	1	1	93	245	2005	0
877	1	1	0	0	2008	15902
878	1	1	0	265	2007	50963
879	1	1	92	0	2009	22248
880	1	1	86	249	2007	15897
881	5	2	0	258	2006	50052
882	1	1	0	251	2007	20337
883	1	1	0	281	2006	9618
884	1	1	92	0	2009	3523
885	1	1	87	260	2008	51367
886	1	1	87	278	2007	9404
887	1	1	92	268	2004	6000
888	1	1	0	278	2007	9779
889	1	1	0	264	2009	57250
890	1	1	87	273	2007	8888
891	1	1	0	238	2006	4296
892	1	1	86	270	2006	3681
893	1	1	0	268	2006	9588
894	1	1	0	248	2006	50584
895	1	1	87	264	0	8840
896	1	1	0	248	2008	8905
897	5	1	0	249	2006	1267
898	1	1	87	288	2006	9343
899	1	1	89	268	2008	9333
900	1	1	92	0	2009	9783
901	1	1	93	251	2007	0
902	1	1	0	281	2007	9649
903	1	1	87	281	2007	9374
904	1	1	93	0	2007	9419
905	1	1	94	273	2008	15969
906	1	1	87	268	2008	3502
907	1	1	0	268	2006	3812
908	1	1	0	256	2006	22246
909	1	1	92	249	2009	9331
910	1	1	87	278	2008	54923
911	1	1	89	242	2008	9554
912	5	2	0	281	2007	26488
913	2	1	0	268	2004	0
914	1	1	0	272	2008	25033
915	1	1	0	277	2007	5896
916	1	1	88	273	2006	8837
917	1	1	94	245	2009	9612
918	1	1	92	273	2009	8968
919	1	1	92	280	2009	9779
920	1	1	0	268	0	9484
921	1	0	0	0	0	0
922	1	1	0	239	2008	53476
923	1	1	86	268	2007	15911
924	1	1	89	251	2008	3580
925	1	1	86	261	0	51780
926	1	1	86	240	2006	15970
927	1	1	90	251	2009	0
928	1	1	93	269	2006	9584
929	1	1	89	273	0	9701
930	1	1	92	270	2009	16790
931	2	1	0	280	2005	19839
932	5	1	0	245	2005	9554
933	1	1	87	236	2005	25843
934	1	1	92	250	2008	50963
935	1	1	89	291	2008	9557
936	2	1	0	261	2005	2077
937	1	1	0	278	2009	9554
938	1	1	92	268	2007	9327
939	1	1	90	269	2009	9472
940	1	1	0	0	2008	9382
941	1	1	92	281	2008	10119
942	5	1	0	270	0	0
943	5	1	0	273	2004	9573
944	1	1	86	239	2006	8940
945	1	1	94	251	2008	0
946	1	1	91	249	2005	0
947	1	1	90	289	2006	8947
948	1	1	0	292	2007	0
949	1	1	0	272	2007	9441
950	5	1	0	249	2007	50016
951	1	1	90	245	2008	9654
952	1	1	92	255	2009	16321
953	5	0	0	0	0	0
954	1	1	94	268	2007	9673
955	1	1	89	283	2006	51108
956	1	1	0	268	2007	17764
957	2	1	0	245	2005	9515
958	2	1	0	264	2004	15931
959	1	1	89	271	0	9768
960	1	0	0	0	0	0
961	5	1	0	249	2005	53176
962	5	1	0	273	0	17641
963	1	1	92	0	2009	15965
964	1	1	87	268	2007	9550
965	1	1	92	257	2006	9557
966	1	1	0	280	2007	50194
967	1	1	0	0	2008	0
968	1	0	0	0	0	0
969	1	1	89	288	2007	0
970	1	1	86	268	2006	9372
971	1	1	89	261	2008	15945
972	1	1	87	245	2008	9495
973	1	1	90	0	2008	3721
974	1	0	0	0	0	0
975	1	1	92	242	2008	51780
976	1	1	92	251	2009	0
977	1	1	90	245	2006	9497
978	2	1	0	245	2005	9768
979	1	1	0	269	0	20663
980	1	1	0	256	2006	9542
981	1	0	92	0	2008	15947
982	1	1	0	268	2008	50194
983	1	1	94	245	2008	3734
984	1	1	0	251	2008	8849
985	1	1	0	249	2008	9346
986	1	1	87	257	2008	15943
987	1	1	93	280	2006	9451
988	1	1	94	0	2008	9415
989	1	1	92	248	2008	3571
990	1	1	86	273	2006	0
991	1	1	89	245	2007	9654
992	1	1	93	245	2006	20691
993	1	1	92	261	2009	50185
994	1	1	0	267	2005	9451
995	1	1	0	251	2009	4985
996	1	1	92	288	2008	9417
997	1	1	89	281	0	15894
998	1	1	89	269	2008	25723
999	1	1	0	269	2007	9584
1000	1	1	0	292	2007	3737
1001	1	1	87	251	2008	15943
1002	1	1	0	278	2006	50909
1003	5	1	0	249	2005	50173
1004	1	1	0	268	2006	0
1005	1	1	91	256	2006	8940
1006	1	1	0	245	2007	51437
1007	1	1	92	0	2009	3551
1008	1	0	0	0	0	0
1009	1	1	87	275	2008	51762
1010	1	1	89	245	2007	15907
1011	2	1	0	268	2005	25214
1012	1	1	0	283	0	9805
1013	1	1	0	268	2004	9660
1014	1	1	0	243	2005	50194
1015	1	1	0	268	2008	53017
1016	1	1	0	260	2008	34
1017	1	1	0	248	2006	8875
1018	1	1	0	238	2005	3646
1019	1	1	86	245	2007	9397
1020	1	1	90	240	2006	8961
1021	5	1	0	249	2005	25045
1022	1	1	94	271	2009	3617
1023	2	1	0	258	2005	50529
1024	1	1	92	273	2008	9324
1025	2	1	0	246	2005	17329
1026	1	1	92	280	2009	9619
1027	1	1	0	278	2009	9557
1028	1	1	89	260	2007	22219
1029	1	0	0	268	0	0
1030	1	1	0	0	2009	9571
1031	5	1	0	249	2006	9474
1032	1	1	90	278	2009	15897
1033	4	1	0	0	0	0
1034	1	1	93	281	2006	16256
1035	1	1	92	0	2009	9614
1036	1	1	92	249	2009	25506
1037	1	1	0	268	2007	9556
1038	1	1	0	281	2006	50662
1039	2	1	0	245	0	8990
1040	1	1	0	249	2006	9506
1041	1	1	93	238	2006	0
1042	2	1	0	245	2005	9588
1043	1	1	89	249	2008	8966
1044	5	1	0	0	2006	50927
1045	1	1	0	245	2007	15956
1046	1	1	0	268	2006	9586
1047	1	1	0	268	2006	9592
1048	1	1	87	257	2008	3681
1049	1	1	0	267	2007	9451
1050	1	1	89	268	2008	3686
1051	1	1	92	268	2009	9650
1052	1	1	92	271	2009	9498
1053	1	0	0	288	2006	9712
1054	1	1	0	270	2008	3704
1055	1	1	92	269	2009	21007
1056	1	1	0	239	2006	8994
1057	1	1	92	273	2009	9698
1058	1	1	88	278	2006	9431
1059	1	1	86	273	2007	15969
1060	1	1	92	245	2009	50192
1061	1	1	90	270	2008	8857
1062	2	1	0	238	0	21621
1063	1	1	0	245	2007	24005
1064	1	1	90	236	2009	8831
1065	2	1	0	240	2005	16141
1066	1	1	87	273	0	52555
1067	1	1	87	0	2008	3719
1068	1	1	0	256	2006	9442
1069	1	1	0	236	2007	54563
1070	1	1	89	278	2008	9513
1071	1	1	92	264	2009	9550
1072	1	1	0	277	2008	9795
1073	1	1	95	249	2006	0
1074	2	1	0	264	2005	1763
1075	1	1	95	268	2009	9442
1076	1	1	89	268	2008	22187
1077	1	1	94	268	2007	9800
1078	1	1	90	270	2005	8875
1079	1	1	0	273	2008	0
1080	2	0	0	0	0	0
1081	1	1	89	273	2007	15963
1082	1	1	0	268	2007	17794
1083	1	1	89	264	2008	50927
1084	1	0	0	249	2008	50185
1085	1	1	93	283	2006	15953
1086	1	1	86	249	2008	3588
1087	1	1	0	268	2009	15939
1088	1	1	90	278	2009	8884
1089	1	1	89	245	2008	9371
1090	1	1	0	271	0	3629
1091	2	1	0	249	2005	8826
1092	1	1	90	242	2009	17108
1093	1	1	94	277	2008	20738
1094	1	1	89	271	2007	8970
1095	1	1	0	268	0	3558
1096	1	1	89	236	2008	22260
1097	1	1	87	249	2006	25974
1098	1	1	0	278	2009	9374
1099	1	1	89	251	2007	9565
1100	1	1	94	281	2008	15934
1101	1	1	86	265	2008	15943
1102	2	1	86	239	2005	25475
1103	1	1	89	268	2008	17022
1104	1	1	92	249	2008	3530
1105	1	1	92	268	2009	9752
1106	1	1	87	268	2007	9363
1107	1	1	89	273	2008	9446
1108	1	1	92	284	2009	17609
1109	5	1	0	251	2005	26038
1110	1	1	86	251	2006	2467
1111	1	1	0	240	2006	3697
1112	1	1	0	261	2006	15918
1113	1	1	92	268	2008	9745
1114	2	1	0	277	2005	2203
1115	2	1	0	281	2005	9654
1116	1	1	0	260	2006	50760
1117	2	1	0	261	2005	9405
1118	1	1	86	269	2006	1596
1119	1	1	90	268	2009	15894
1120	1	1	89	281	2008	3580
1121	1	1	92	245	0	50042
1122	1	1	89	261	2008	9624
1123	2	1	0	277	2005	9763
1124	1	1	94	281	2008	53398
1125	1	1	92	249	0	25051
1126	2	1	0	249	2005	9346
1127	1	1	0	239	2007	9717
1128	1	1	92	0	2008	9694
1129	1	1	0	283	2007	15951
1130	1	1	88	256	2006	9717
1131	1	1	92	267	2009	17863
1132	1	1	0	253	2007	50962
1133	1	1	0	268	2008	22927
1134	1	1	92	260	2008	0
1135	1	1	92	268	2008	8835
1136	2	1	0	277	2005	8831
1137	2	1	86	240	2004	15986
1138	1	2	0	0	0	9321
1139	1	1	0	268	0	9625
1140	1	1	86	279	2007	18109
1141	1	1	94	278	2009	50495
1142	1	1	94	278	2009	17763
1143	1	1	0	283	2006	15943
1144	1	1	90	268	2008	16434
1145	1	1	88	253	2006	52289
1146	1	1	92	268	2005	9342
1147	1	1	90	268	2009	2201
1148	1	0	0	249	2007	9313
1149	1	1	93	249	2006	9614
1150	1	1	0	260	2007	15912
1151	1	1	92	249	2008	15953
1152	1	1	0	281	2006	9624
1153	1	1	86	239	2006	9584
1154	1	1	89	268	2008	9495
1155	1	1	92	281	2009	9515
1156	1	1	89	249	2008	17850
1157	1	1	93	281	2006	9382
1158	1	1	89	277	2008	17191
1159	2	1	0	281	2005	0
1160	1	1	93	245	2007	20673
1161	1	1	90	281	2009	9561
1162	1	1	0	0	2009	50963
1163	1	1	0	239	2007	3607
1164	1	1	0	292	2008	9617
1165	1	1	92	249	2009	9753
1166	1	1	0	273	2008	9779
1167	2	1	0	287	2005	3737
1168	1	0	0	0	0	0
1169	1	1	90	0	2008	9722
1170	1	1	0	249	0	9653
1171	1	1	87	251	2008	3531
1172	1	1	0	276	2007	8938
1173	1	1	86	268	2007	9692
1174	1	1	90	273	2009	51437
1175	2	1	0	248	2004	15892
1176	1	1	90	268	2009	0
1177	1	1	0	240	2006	9351
1178	1	1	87	265	2007	3558
1179	1	1	0	253	2008	9727
1180	1	1	90	239	2009	0
1181	1	1	90	274	2009	24995
1182	1	1	0	261	2005	9788
1183	1	1	0	281	2006	15982
1184	2	1	0	248	2005	15902
1185	1	1	90	251	2009	9512
1186	1	1	95	264	2008	50375
1187	1	1	93	281	2007	17334
1188	1	1	0	278	2008	16985
1189	1	1	0	268	2009	9470
1190	1	1	93	268	2007	0
1191	1	0	0	0	0	0
1192	1	1	92	249	2009	0
1193	1	1	89	273	2008	9451
1194	1	1	87	268	2007	2201
1195	1	1	90	280	0	15969
1196	1	1	0	238	2008	3576
1197	1	1	0	257	2007	0
1198	1	1	0	249	0	15925
1199	1	1	92	268	2009	3558
1200	1	1	0	281	0	9442
1201	1	1	0	238	2007	15939
1202	1	1	0	245	2006	3762
1203	1	1	0	0	0	50588
1204	1	1	92	0	2009	9673
1205	5	1	0	258	0	0
1206	1	1	89	268	2007	9561
1207	1	1	93	264	2006	25426
1208	1	1	87	245	2008	21781
1209	5	1	0	249	2005	15959
1210	5	1	0	249	2005	0
1211	1	1	89	245	2007	50325
1212	1	1	90	277	2007	50832
1213	1	1	90	239	2009	15931
1214	1	1	0	268	2007	8944
1215	1	1	87	238	2008	3555
1216	1	1	0	249	2007	50963
1217	1	1	92	260	2009	53756
1218	1	1	0	260	2008	17949
1219	1	0	0	0	0	0
1220	1	1	87	268	0	3687
1221	2	1	0	269	2005	9584
1222	1	1	94	249	2007	9324
1223	1	1	89	268	2007	9419
1224	2	1	0	251	2005	15879
1225	2	1	93	281	2005	15945
1226	1	1	0	239	2007	50715
1227	1	1	92	268	2009	9405
1228	1	1	93	251	2005	50492
1229	1	1	0	268	2008	9410
1230	1	1	0	273	0	8948
1231	1	1	93	235	2008	22205
1232	1	0	0	0	0	0
1233	1	1	86	268	2007	0
1234	1	1	0	238	2007	51074
1235	1	1	0	280	2006	15933
1236	1	1	90	269	2009	50234
1237	1	1	92	257	0	0
1238	5	1	0	251	2006	9787
1239	1	1	0	268	2006	9482
1240	1	1	87	281	2007	15939
1241	1	1	89	260	2008	9654
1242	1	1	87	268	2007	8973
1243	1	1	87	278	2007	50832
1244	1	0	0	245	0	15897
1245	2	0	0	246	2005	51795
1246	1	1	92	288	2008	17268
1247	1	1	92	278	2008	11019
1248	5	1	0	273	2006	15926
1249	1	1	0	268	2008	9776
1250	5	0	0	0	0	0
1251	2	1	0	281	2005	9351
1252	1	1	0	245	2008	9779
1253	1	0	86	278	2006	50495
1254	1	1	94	287	2006	17108
1255	1	1	86	281	2007	3659
1256	1	1	92	249	2009	21242
1257	1	1	93	268	2007	9612
1258	1	1	87	249	2008	3535
1259	1	1	89	242	2007	3758
1260	2	1	0	280	2005	21048
1261	1	1	0	281	2005	9502
1262	1	1	93	240	2005	9561
1263	2	1	0	249	2005	50608
1264	1	1	0	251	2007	9578
1265	1	1	0	268	2007	9429
1266	1	1	87	256	2008	9778
1267	1	1	90	248	2007	51780
1268	1	1	90	0	2009	0
1269	2	1	0	292	2005	51343
1270	1	1	93	238	2007	15945
1271	1	1	94	246	2007	50303
1272	1	0	0	0	2006	9610
1273	1	1	94	0	2008	15888
1274	1	1	89	0	2008	9482
1275	1	1	0	270	2008	0
1276	1	1	93	268	2005	0
1277	1	1	87	280	2006	3629
1278	1	1	0	264	2005	3686
1279	1	1	89	239	2008	50325
1280	1	1	94	273	2007	25311
1281	1	1	0	245	2006	9342
1282	1	1	92	268	2009	17313
1283	1	1	92	236	2008	9523
1284	1	1	0	269	2009	9669
1285	1	1	89	289	2008	22236
1286	1	0	0	268	2008	0
1287	1	1	0	268	2009	9753
1288	1	1	90	268	2009	9324
1289	1	1	89	286	0	3561
1290	1	1	0	0	2006	17311
1291	5	1	0	0	2005	0
1292	1	1	93	264	2006	3666
1293	1	1	0	245	2006	17759
1294	1	1	90	239	2009	9588
1295	1	1	90	292	2008	9372
1296	1	1	88	251	2006	8947
1297	5	1	0	0	2007	9673
1298	1	1	92	281	2009	9319
1299	1	1	0	249	2006	9753
1300	1	1	92	271	2008	17129
1301	2	1	0	260	2005	21300
1302	1	1	92	268	2009	8971
1303	1	1	92	261	2008	15945
1304	2	1	0	267	2005	9760
1305	1	1	92	291	2008	8977
1306	1	1	0	288	2007	9787
1307	1	1	90	264	2007	8851
1308	1	1	0	236	0	3612
1309	1	0	0	0	0	0
1310	1	1	0	261	2008	9618
1311	1	1	0	279	2009	19172
1312	1	1	89	245	2008	15969
1313	1	1	0	249	2005	22228
1314	1	1	92	268	2009	9533
1315	1	1	90	251	2009	10088
1316	1	1	93	249	2008	3765
1317	1	1	90	269	2006	17739
1318	1	1	93	245	2007	8851
1319	1	1	92	278	2009	9379
1320	1	1	87	261	2006	3593
1321	1	1	94	255	2009	3838
1322	1	1	0	260	2008	25006
1323	1	1	92	273	2009	9444
1324	2	1	94	272	2003	15904
1325	4	1	0	277	0	0
1326	1	1	90	238	2007	2960
1327	1	1	89	268	2008	15934
1328	1	1	95	238	2007	22237
1329	1	1	0	240	2006	9429
1330	1	1	86	280	2006	9561
1331	1	1	0	288	2006	0
1332	1	1	92	269	2009	17789
1333	1	1	0	268	2007	50909
1334	1	1	90	0	2009	5005
1335	1	1	0	253	2007	3416
1336	1	1	0	239	2006	9649
1337	1	1	90	278	2009	9592
1338	1	1	86	280	2006	15906
1339	1	0	89	0	2008	2849
1340	1	1	0	273	0	15965
1341	1	1	92	289	2009	9437
1342	1	1	0	273	2009	50909
1343	1	1	89	281	2007	9482
1344	1	1	89	268	2008	9330
1345	1	1	0	239	2006	9624
1346	4	2	0	0	0	0
1347	1	1	92	242	2009	3622
1348	1	1	92	0	2009	17783
1349	1	1	0	245	2008	0
1350	1	1	0	236	0	20059
1351	1	1	92	249	2008	9772
1352	1	1	0	261	0	9649
1353	2	0	0	0	0	18296
1354	1	1	92	249	2009	22237
1355	1	1	0	268	2007	9617
1356	5	1	0	273	2005	9451
1357	1	1	94	268	2008	0
1358	1	1	86	268	2007	8961
1359	1	1	87	268	2008	0
1360	1	1	0	273	2007	3558
1361	1	1	90	251	2006	0
1362	1	1	92	0	2009	50450
1363	2	1	0	283	2004	22250
1364	1	1	92	268	2009	0
1365	1	1	94	269	2009	53946
1366	1	2	0	249	0	9504
1367	1	1	0	257	2008	16319
1368	1	0	0	0	0	0
1369	1	1	90	260	2009	0
1370	1	1	0	239	2009	0
1371	1	0	0	0	0	0
1372	1	1	0	278	2006	15945
1373	1	1	92	260	2009	16518
1374	1	1	86	273	2007	9453
1375	1	1	87	249	2006	55113
1376	1	1	90	273	2009	9632
1377	1	1	92	260	2009	50115
1378	1	1	0	278	2008	9429
1379	1	1	87	249	2007	9494
1380	1	1	93	268	2006	18130
1381	1	1	86	272	2006	8988
1382	1	1	90	239	2009	3739
1383	2	1	0	255	2004	9612
1384	1	1	92	236	2008	8977
1385	1	1	93	248	2005	0
1386	1	1	92	268	2009	3684
1387	1	1	86	249	2007	9738
1388	1	0	92	268	2008	51986
1389	1	1	0	238	0	15892
1390	1	1	86	268	2007	9249
1391	1	1	92	240	2009	20911
1392	1	1	92	256	2008	9108
1393	1	1	0	264	2006	24026
1394	2	1	0	248	2005	51986
1395	2	1	0	281	2005	9381
1396	1	1	92	268	2009	571
1397	1	1	93	268	2006	3681
1398	1	1	92	249	2008	9772
1399	1	1	0	277	2009	17792
1400	1	1	86	251	2007	53057
1401	1	1	0	268	2008	3612
1402	1	0	0	0	0	0
1403	1	1	0	243	2008	9579
1404	1	1	87	0	2008	8971
1405	1	1	90	273	2008	9492
1406	1	1	90	249	2009	9617
1407	1	1	89	248	2008	3739
1408	2	1	0	264	0	3604
1409	1	1	86	260	2007	50909
1410	2	1	93	249	1970	9461
1411	1	1	0	238	2008	0
1412	1	1	87	257	2006	9739
1413	1	1	92	270	2009	50325
1414	1	1	89	0	2008	9382
1415	1	1	90	239	2009	51521
1416	1	1	89	245	2008	0
1417	1	1	87	281	2007	9324
1418	1	1	86	246	2007	3739
1419	1	1	0	245	2009	9720
1420	1	1	0	264	2007	9755
1421	1	1	93	249	2006	9614
1422	1	1	0	284	2005	9486
1423	1	1	89	0	2008	9757
1424	1	1	87	265	2007	9501
1425	1	1	0	235	2010	50435
1426	1	1	0	260	0	25000
1427	1	1	89	268	2007	9351
1428	1	1	86	280	2007	3560
1429	1	1	90	281	2009	9313
1430	1	1	89	273	2006	8820
1431	1	1	0	264	2007	9382
1432	1	1	89	273	2007	55363
1433	2	1	0	281	2005	16440
1434	1	1	92	278	2009	9647
1435	1	1	0	240	2009	1268
1436	1	1	0	277	2006	17294
1437	1	0	0	0	0	0
1438	1	1	86	251	2006	3604
1439	1	1	92	245	2009	0
1440	1	1	0	273	2008	9771
1441	1	1	92	261	2009	9570
1442	1	0	89	273	2008	53756
1443	2	0	0	236	2005	9424
1444	1	1	0	251	2007	0
1445	1	1	0	251	2007	25085
1446	1	1	94	280	2009	15969
1447	1	1	92	0	2008	0
1448	1	1	92	284	2009	3299
1449	1	1	0	268	2006	9581
1450	1	1	0	249	0	9382
1451	1	0	0	0	0	9533
1452	1	1	0	253	2007	15931
1453	1	1	92	278	2005	0
1454	1	1	0	268	2009	50389
1455	1	1	0	273	2007	9579
1456	1	1	87	238	2007	15921
1457	1	1	0	268	2007	9385
1458	1	1	92	268	2009	0
1459	1	1	90	245	0	9318
1460	2	1	0	251	2005	9349
1461	1	1	86	281	2007	3711
1462	1	1	86	245	2007	3681
1463	1	1	0	268	2007	8884
1464	1	1	0	251	2008	0
1465	1	1	0	277	2007	8948
1466	1	1	0	240	2006	9734
1467	2	1	0	281	2005	51099
1468	1	1	87	245	2008	3602
1469	1	1	0	260	2007	0
1470	1	1	89	268	2008	51762
1471	1	1	92	268	2009	9319
1472	1	1	87	268	2008	9346
1473	1	1	93	264	2006	3527
1474	1	1	90	283	2009	15931
1475	1	1	90	239	2009	9752
1476	1	1	86	268	2007	3701
1477	1	1	90	273	2009	9729
1478	1	0	87	281	2007	0
1479	1	1	94	248	0	0
1480	1	1	89	257	2008	8905
1481	1	1	90	268	2009	15902
1482	1	1	0	268	2008	9444
1483	1	1	93	237	2005	0
1484	1	1	88	281	2005	17901
1485	1	1	92	273	2009	3675
1486	1	0	0	248	2006	0
1487	1	1	0	249	2006	9429
1488	1	1	0	251	2006	15963
1489	1	1	0	238	2006	50001
1490	1	1	0	283	2008	3595
1491	2	1	0	251	2005	50185
1492	1	1	86	236	2007	15875
1493	1	1	87	260	2008	9073
1494	1	1	94	268	2008	15932
1495	1	1	0	261	2008	9372
1496	1	1	92	268	2009	8845
1497	5	1	94	0	2006	0
1498	1	1	92	263	2008	9572
1499	1	1	92	0	2009	0
1500	5	1	0	249	2005	8831
1501	1	1	0	243	2006	15892
1502	1	0	87	0	2008	0
1503	1	1	89	288	2008	57885
1504	1	1	0	0	2007	9378
1505	1	1	87	273	0	22256
1506	1	1	92	0	2009	9382
1507	1	1	0	268	0	9642
1508	1	1	92	249	2008	15888
1509	1	1	86	273	2006	9473
1510	1	1	0	251	2006	3568
1511	1	1	87	245	2008	9717
1512	1	1	0	260	2007	22228
1513	1	1	90	239	2009	15894
1514	1	1	0	249	2007	9489
1515	2	1	0	249	2005	6126
1516	2	1	0	283	2005	8899
1517	1	1	89	278	2007	50588
