node	student	gender	dorm	major	year	school
0	2	1	0	23	2005	17001
1	1	2	320	57	2007	9041
2	2	1	0	53	2005	21800
3	1	0	0	21	2007	0
4	2	2	0	20	2005	21037
5	1	2	291	57	2008	17895
6	1	2	334	26	2007	21343
7	1	1	315	0	2009	9224
8	2	2	0	26	2005	9720
9	2	1	0	23	2003	3711
10	1	2	315	9	2008	4262
11	2	1	336	7	2005	15996
12	1	1	319	27	0	51959
13	1	1	322	37	2006	18123
14	1	1	313	0	2009	21730
15	1	2	309	9	2007	9780
16	2	2	340	23	2003	21056
17	1	1	328	45	2009	17191
18	1	1	338	9	2007	50360
19	1	1	326	61	2008	50247
20	1	1	315	75	2008	21268
21	1	2	304	53	2009	0
22	1	2	291	23	2008	3576
23	2	2	0	0	2001	9565
24	1	2	291	23	2008	21575
25	2	1	0	9	2005	20958
26	1	2	328	0	2009	50189
27	1	1	323	68	2009	50189
28	1	1	0	68	2007	50093
29	1	1	324	30	2007	25319
30	2	1	292	74	2004	50099
31	1	2	313	57	2008	1934
32	2	1	300	26	0	16032
33	1	2	0	26	2007	18938
34	1	1	313	46	2009	3612
35	1	2	291	2	2008	3574
36	1	1	304	27	2007	21343
37	1	2	302	16	2009	21831
38	1	2	0	53	2007	12304
39	1	2	304	14	2007	50865
40	1	1	319	9	2008	21596
41	2	1	0	16	2005	21626
42	1	2	304	0	2007	9313
43	1	2	302	9	2006	17749
44	1	1	0	9	2007	21383
45	1	2	328	23	2006	17238
46	2	1	0	63	2005	20835
47	1	2	304	62	2008	52899
48	1	1	304	10	2009	16438
49	1	1	304	63	2007	17766
50	1	2	301	53	2007	9626
51	1	1	0	0	2006	15987
52	1	1	323	16	2009	17153
53	1	1	304	0	2009	16215
54	1	1	304	68	2008	51520
55	1	2	304	17	2007	50089
56	1	2	305	26	2007	16184
57	1	2	317	28	2008	16388
58	1	1	328	26	2009	18051
59	1	1	315	0	2009	16264
60	1	1	324	20	2007	16382
61	1	2	309	53	2007	5932
62	1	2	328	24	2008	1924
63	5	1	0	68	2007	16718
64	1	1	0	53	2006	5979
65	1	0	0	0	0	0
66	2	1	0	53	2005	9437
67	1	2	315	54	2008	50422
68	1	1	304	27	2008	53660
69	1	2	0	61	2006	9781
70	2	1	0	74	2005	21406
71	1	0	0	0	2006	0
72	2	1	330	26	2002	0
73	1	2	315	74	2006	9570
74	1	1	0	26	2006	4262
75	1	2	335	28	2008	21846
76	1	1	324	68	2007	3607
77	1	2	302	0	2009	21831
78	1	2	315	53	2007	9831
79	1	2	328	26	2006	4696
80	1	1	0	68	2006	0
81	2	0	0	16	2005	16416
82	1	1	0	68	2007	18108
83	1	2	291	53	2007	50410
84	1	2	313	9	2009	19445
85	1	1	302	0	2009	50025
86	1	2	305	14	2006	21254
87	1	2	301	53	2007	50649
88	1	0	0	0	0	0
89	1	1	313	34	2009	53922
90	2	1	0	26	2005	5852
91	1	2	291	0	2008	51849
92	2	1	290	53	2005	21799
93	1	2	0	45	2007	16744
94	1	2	331	31	2006	21242
95	2	2	0	6	2005	464
96	1	2	336	30	2008	17939
97	1	2	297	20	2007	21155
98	1	2	313	12	2009	0
99	1	2	302	0	2009	0
100	1	2	328	20	2006	17949
101	1	1	315	0	2009	16219
102	2	1	0	23	2005	50825
103	1	2	313	0	2009	50203
104	1	1	328	0	2009	9077
105	1	2	0	1	2007	50830
106	1	2	315	12	2009	0
107	1	1	326	9	2007	17934
108	1	1	304	0	2009	9771
109	1	2	310	23	2007	15938
110	2	1	0	9	2005	19095
111	2	1	0	9	2005	20967
112	2	2	0	46	2005	50127
113	2	2	0	28	2004	9108
114	1	1	327	9	2008	15996
115	1	2	302	29	2009	50846
116	1	2	291	61	2008	17472
117	1	2	0	54	2006	21776
118	1	2	337	57	2007	17927
119	1	2	327	16	2007	50037
120	1	1	0	64	2006	16451
121	1	1	324	17	2007	15932
122	1	1	292	9	2007	55634
123	1	2	313	0	2009	17115
124	1	0	0	0	0	0
125	1	1	315	0	2009	16440
126	1	1	328	27	2007	50075
127	1	0	315	26	2006	17949
128	1	1	292	63	2007	16161
129	1	1	330	46	2008	21371
130	1	1	318	68	2006	51221
131	1	1	315	7	2007	50193
132	2	2	318	23	2005	21136
133	1	2	315	12	2009	17853
134	1	2	309	1	2007	16499
135	1	1	318	68	2006	16793
136	1	2	339	26	2008	1912
137	1	1	315	6	2008	50025
138	1	1	0	46	2006	51165
139	1	1	328	30	2009	21598
140	2	1	293	12	2005	50173
141	1	1	327	20	2007	19785
142	2	1	0	9	2005	21686
143	1	2	0	81	2008	21792
144	1	2	0	0	2006	54563
145	1	2	329	37	2008	4032
146	1	2	315	62	2008	53379
147	1	2	0	53	2007	3900
148	1	2	313	45	2008	0
149	1	2	313	46	2008	21703
150	1	2	328	1	2009	16265
151	1	1	291	0	2008	3649
152	1	1	329	68	2008	50527
153	1	2	304	16	0	50202
154	2	1	319	12	2005	16117
155	1	2	311	5	2006	50367
156	2	1	0	68	2005	2152
157	2	1	0	17	2004	0
158	1	2	0	53	2006	9078
159	1	1	304	68	2008	9773
160	1	1	315	68	2008	16007
161	1	2	315	16	2009	17153
162	1	1	313	14	2009	17079
163	2	1	0	0	2005	9757
164	1	2	304	26	2009	16764
165	1	1	328	0	2009	50025
166	2	1	0	26	2005	50666
167	1	1	315	54	2009	16070
168	2	1	307	30	2001	16385
169	1	1	313	0	2008	16499
170	2	0	0	53	2005	50360
171	1	1	291	1	2008	16227
172	1	1	0	59	2006	3622
173	1	2	311	20	2005	21816
174	1	1	323	54	2009	3538
175	1	1	326	27	2008	16793
176	1	0	0	20	2008	51241
177	2	2	305	12	2004	9224
178	1	2	328	12	2009	0
179	1	2	315	53	2009	15987
180	1	1	302	9	2009	3388
181	1	1	325	46	2006	16068
182	1	2	328	9	2009	21397
183	2	1	0	0	2005	3502
184	1	2	313	29	2009	50611
185	1	2	0	53	2006	21815
186	1	1	328	9	2009	3678
187	1	2	291	26	2008	19968
188	1	2	317	28	2008	0
189	1	1	0	0	2008	18123
190	1	2	312	26	2007	6000
191	1	1	291	0	2004	17715
192	1	1	319	9	2006	21027
193	1	1	315	7	2007	20840
194	1	1	304	27	2008	20838
195	1	1	307	7	2006	2152
196	2	2	294	27	2003	0
197	1	2	304	12	2008	3811
198	1	2	317	68	2007	51333
199	2	1	0	76	2005	21025
200	2	1	0	9	2004	21019
201	1	1	304	12	2009	50347
202	1	1	0	63	2007	10832
203	1	2	291	16	2008	3735
204	1	2	294	20	2006	52424
205	1	2	323	57	2009	17135
206	1	1	315	0	2009	9757
207	1	2	315	9	2009	50534
208	2	1	0	27	2005	50509
209	1	2	310	16	2007	21445
210	1	2	337	53	2007	21021
211	3	1	0	0	0	20950
212	5	1	0	17	0	21730
213	1	2	294	12	2008	50863
214	1	1	0	74	2006	21612
215	2	1	0	63	2004	3032
216	1	1	0	26	2006	4633
217	1	2	291	0	2007	9413
218	1	1	294	45	2005	17294
219	1	1	304	14	2009	21364
220	1	1	328	27	2008	52591
221	1	2	302	20	2008	9670
222	1	1	290	7	2006	50002
223	1	1	328	68	2006	18015
224	1	1	326	68	2006	16507
225	2	2	314	28	2005	9283
226	1	2	314	38	2007	21332
227	1	2	328	0	2009	16396
228	2	1	294	62	2005	25178
229	2	2	0	9	2004	16112
230	1	1	315	53	2007	16217
231	1	1	304	9	2009	60941
232	1	1	313	20	2008	20900
233	1	2	0	61	2007	20906
234	1	1	291	12	2008	20876
235	1	2	328	29	2009	51333
236	1	1	0	53	2007	50070
237	1	1	313	45	2009	18003
238	1	1	0	53	2007	10569
239	1	2	327	38	2007	18108
240	1	1	324	5	2007	16228
241	1	2	302	53	2009	50909
242	1	2	313	20	2007	3658
243	1	1	328	9	2009	21242
244	1	2	315	0	2009	16268
245	2	1	300	46	2004	16142
246	1	1	0	53	2006	16112
247	1	1	0	30	2006	9382
248	1	2	302	26	2009	18003
249	2	1	293	53	2005	16385
250	1	1	302	54	2006	19374
251	1	2	0	63	2006	0
252	1	2	328	26	2009	50197
253	1	2	302	0	2009	3683
254	2	1	0	0	2005	16262
255	1	0	0	0	0	0
256	2	1	0	53	2005	21543
257	2	0	0	0	0	0
258	2	0	0	26	2005	9023
259	1	2	0	12	2007	16431
260	2	1	0	38	2005	20907
261	1	2	315	57	2006	50131
262	1	2	332	30	2006	0
263	1	2	325	63	2006	17454
264	1	2	304	9	2007	21318
265	1	1	290	18	2007	0
266	1	0	291	0	2008	0
267	2	1	0	28	2005	21854
268	1	1	293	18	2006	21536
269	1	0	0	71	2006	16694
270	1	1	328	53	2009	17907
271	2	2	0	26	2005	0
272	1	1	323	27	2008	16423
273	1	1	328	12	2009	15989
274	1	2	309	12	2006	17901
275	1	1	0	22	2008	50594
276	1	1	0	0	2008	1084
277	2	2	0	28	2004	21850
278	1	1	328	9	2009	3243
279	1	0	0	26	2006	17456
280	2	1	0	30	2005	1943
281	1	1	326	57	2006	21457
282	1	2	306	1	2006	16145
283	1	1	326	33	2008	3714
284	1	2	0	64	2008	21606
285	1	1	327	68	2007	9305
286	2	2	0	57	2004	21805
287	1	0	0	26	2006	50143
288	2	0	0	0	2004	0
289	1	2	304	28	2007	53069
290	1	2	306	4	2007	17433
291	5	1	0	9	0	52194
292	1	1	313	18	2009	51383
293	1	1	304	21	2007	21534
294	1	2	309	20	2006	21184
295	1	1	0	63	2006	0
296	1	1	325	30	2007	20911
297	1	2	315	26	2008	3749
298	1	1	315	0	2009	9434
299	1	1	291	53	2008	17052
300	1	1	328	18	2009	9434
301	1	1	332	61	2007	3675
302	1	1	0	27	2005	1963
303	1	0	291	0	2008	9369
304	2	2	0	28	2007	9313
305	1	1	304	20	2009	16390
306	1	1	315	9	2009	5483
307	1	1	325	46	2006	2661
308	1	1	320	16	2006	21570
309	2	1	0	53	2005	17934
310	1	1	0	63	2007	50172
311	1	2	0	81	2006	3683
312	1	2	304	30	2009	21169
313	1	1	313	0	2009	3570
314	1	1	291	53	2007	25848
315	1	2	302	9	2009	21462
316	1	1	315	24	2009	4004
317	1	2	0	23	2007	16268
318	1	2	291	81	2008	50523
319	2	1	0	74	2005	16510
320	1	1	313	0	2009	17887
321	1	2	0	64	2005	17238
322	1	2	302	12	2009	9214
323	2	1	0	33	2005	17788
324	1	0	329	67	2008	51465
325	1	1	328	63	2007	3754
326	1	1	0	26	2007	21364
327	1	1	313	29	2009	15992
328	2	1	293	69	2003	0
329	1	2	315	23	2006	54873
330	2	2	0	38	2005	54923
331	1	1	336	68	2006	22246
332	2	1	0	34	2005	25357
333	2	2	0	63	2005	19208
334	1	2	323	16	2009	51651
335	1	1	0	53	2007	57441
336	1	1	304	9	2009	17844
337	1	2	330	9	2007	17819
338	1	2	320	26	2006	17746
339	1	2	313	81	2007	21508
340	1	2	313	30	2008	17414
341	1	1	0	0	2004	50073
342	1	2	291	63	2008	21612
343	1	2	315	57	2009	21757
344	1	1	0	27	2005	21009
345	2	1	0	68	2005	17081
346	1	1	304	9	2009	25275
347	1	2	291	16	2007	50865
348	1	1	313	0	2008	20967
349	1	2	323	23	2008	20913
350	1	2	302	9	2009	2355
351	1	2	317	57	2008	9023
352	1	2	328	9	2009	0
353	1	2	304	57	2009	3540
354	1	2	326	53	2010	0
355	1	1	291	0	2008	0
356	3	0	0	0	0	0
357	1	1	0	30	0	3556
358	1	2	313	23	2009	21037
359	1	2	340	20	2007	15379
360	1	1	291	27	2008	17300
361	2	2	0	0	2005	3674
362	1	2	291	20	2008	52878
363	1	1	302	53	2009	18123
364	1	2	301	45	2006	21774
365	1	0	304	0	2008	16068
366	1	1	324	16	2007	21157
367	1	1	324	27	2007	9492
368	2	2	0	57	2004	58424
369	1	2	315	29	2009	3576
370	5	2	0	27	2006	16212
371	1	1	304	46	2009	25253
372	1	1	302	29	2009	53092
373	1	1	329	30	2008	18103
374	1	2	0	9	2008	24029
375	1	1	292	9	2007	50863
376	1	2	291	57	2007	16746
377	1	1	323	6	2008	0
378	1	2	0	30	2007	21215
379	1	1	328	0	2009	2228
380	1	1	313	16	2009	16011
381	1	2	299	26	2007	9310
382	1	1	328	45	2009	21231
383	1	1	320	46	2006	9423
384	2	1	0	0	2005	20960
385	5	1	0	68	2007	17927
386	1	1	291	33	2008	16088
387	1	2	313	0	2009	9107
388	1	2	305	46	2006	17348
389	1	1	313	75	2009	50013
390	2	1	300	1	2005	24027
391	1	2	328	20	2008	0
392	1	1	295	51	2007	18070
393	1	2	313	63	2009	50377
394	2	1	0	53	2005	16043
395	2	2	0	26	2005	50709
396	1	2	291	20	2007	0
397	1	1	324	27	2007	17763
398	1	1	315	54	2007	52104
399	1	1	321	68	2006	17183
400	1	2	323	9	2008	17406
401	2	2	312	26	2004	3172
402	2	1	0	17	2005	16241
403	1	2	291	30	2008	16114
404	1	1	324	9	2007	3768
405	1	1	315	0	2009	0
406	1	2	291	53	0	3784
407	1	1	328	0	2008	21148
408	1	1	304	9	2009	21848
409	2	2	0	23	2005	21820
410	1	1	0	68	2007	21027
411	1	1	298	46	2007	50143
412	1	2	0	54	2006	52583
413	1	1	330	9	2008	50398
414	1	2	304	14	2008	25082
415	1	1	304	68	2009	17079
416	1	1	325	28	2008	25131
417	1	1	320	53	2005	16024
418	1	1	307	30	2006	16849
419	1	1	324	26	2007	16396
420	1	1	328	0	2009	50013
421	1	2	291	26	2008	50410
422	1	2	315	29	2009	21109
423	1	2	291	0	2008	3544
424	1	2	318	53	2006	20973
425	2	1	319	68	2005	16365
426	1	2	336	24	2006	3576
427	1	2	323	29	2008	25011
428	1	2	328	0	2009	21531
429	2	2	0	20	2005	15921
430	2	0	0	46	2005	16510
431	1	1	323	68	2009	16160
432	1	1	315	56	2008	21202
433	2	1	0	30	2005	16168
434	1	1	0	53	2006	21161
435	1	2	313	29	2009	21258
436	1	1	291	0	2008	9130
437	1	2	313	62	2008	16269
438	1	1	0	0	2007	21366
439	1	1	315	10	2009	17234
440	1	1	315	0	2009	50502
441	1	2	322	20	2007	21146
442	2	2	0	12	2004	50075
443	2	1	327	61	2005	21268
444	1	1	291	0	2008	16406
445	1	2	313	57	2008	51816
446	2	2	0	14	2005	52232
447	1	1	337	4	2008	21339
448	1	2	291	0	2008	16256
449	1	2	291	53	2008	17383
450	1	0	305	68	2006	52347
451	1	2	310	62	2006	9309
452	1	2	315	53	2008	0
453	1	2	328	0	2009	16849
454	1	2	311	20	2006	21423
455	2	1	0	45	2004	21566
456	2	2	0	68	2005	52899
457	2	2	0	6	0	16396
458	2	2	0	28	2005	0
459	1	2	313	0	2009	16354
460	1	1	324	82	2007	50089
461	2	1	0	53	2005	16772
462	1	2	325	28	2006	24634
463	1	2	328	0	2008	0
464	1	1	0	30	2006	25065
465	1	2	328	0	2008	50377
466	1	1	329	53	2008	17908
467	5	2	0	57	2007	9484
468	1	2	0	26	0	0
469	1	1	300	27	2006	17888
470	1	2	306	53	2007	9133
471	2	0	0	9	2005	16208
472	1	2	328	0	2009	3601
473	1	1	326	14	2006	21742
474	1	1	291	27	2008	9480
475	1	2	315	12	2009	50865
476	1	0	0	9	2006	21568
477	1	1	326	0	2008	21624
478	1	2	315	54	2008	0
479	2	1	0	1	2005	21095
480	1	1	324	16	2006	20859
481	1	1	313	0	2009	3575
482	1	0	302	0	2008	0
483	2	1	0	38	2003	3523
484	1	1	325	10	2008	21300
485	1	1	291	9	2008	9204
486	2	1	0	26	2005	4262
487	1	1	304	68	2008	3697
488	1	2	339	63	2008	0
489	2	1	0	23	2005	9255
490	1	1	291	0	2008	50016
491	1	2	313	68	2009	0
492	1	1	328	0	2009	50075
493	2	2	309	26	2004	0
494	1	1	293	9	2007	21164
495	2	1	0	0	2005	0
496	1	2	313	9	2008	52899
497	2	1	0	9	2005	5144
498	1	2	328	26	2009	21083
499	2	1	0	76	2005	2939
500	1	1	307	53	2006	3544
501	1	1	327	63	2008	21691
502	2	1	0	30	2005	17129
503	1	2	291	1	2006	17690
504	2	2	0	28	2005	21632
505	1	2	315	54	2008	53433
506	1	2	304	9	2009	21158
507	1	2	0	0	2006	50486
508	1	2	328	1	2009	50104
509	1	0	0	1	2007	16793
510	1	2	291	53	2008	21411
511	1	0	315	12	2009	52104
512	1	2	294	63	2006	16246
513	1	1	324	9	2007	21109
514	1	2	315	28	2008	16144
515	1	1	324	68	2007	21178
516	1	1	302	57	2009	17423
517	1	2	313	23	2005	20960
518	1	2	0	26	2005	3788
519	1	1	322	26	2006	51113
520	2	1	0	0	2005	21364
521	1	1	315	0	2009	25550
522	1	2	321	26	2006	50696
523	1	2	309	0	2007	17885
524	2	2	330	62	2005	25869
525	1	1	337	34	2008	16259
526	2	0	0	23	2005	21796
527	1	1	304	74	2007	50157
528	2	1	0	23	2005	3172
529	1	2	0	25	2006	0
530	1	0	0	0	0	21326
531	1	2	302	29	2009	50002
532	1	1	323	14	0	50343
533	1	1	291	68	2008	16396
534	1	1	0	68	2007	0
535	1	2	0	53	2006	2355
536	1	1	324	34	2007	21258
537	1	1	307	68	2007	2849
538	1	0	0	0	0	0
539	1	2	311	26	2005	0
540	1	1	298	46	2007	3602
541	1	1	329	36	2008	3300
542	2	1	0	17	2004	9292
543	1	1	302	4	2009	16499
544	1	1	0	0	2006	16160
545	1	1	313	0	2009	16382
546	1	2	304	28	2008	50151
547	1	2	313	28	2009	50147
548	1	2	291	53	2008	53467
549	2	2	0	14	2005	50070
550	1	2	326	16	2007	7721
551	1	2	328	64	2009	16269
552	1	2	327	9	2007	21691
553	2	1	321	68	2005	16390
554	1	2	305	68	2006	16127
555	1	1	328	0	2009	9108
556	1	1	326	26	2007	51986
557	1	1	304	33	2007	21268
558	1	0	0	0	0	16744
559	2	2	0	0	2003	19768
560	1	1	328	0	2009	3202
561	1	1	294	26	2007	50070
562	1	1	328	9	2009	3284
563	1	1	324	27	0	16038
564	1	1	328	68	2009	5932
565	1	1	322	26	2006	9434
566	1	1	315	9	2009	24454
567	1	2	302	0	2009	9451
568	1	0	0	0	2007	0
569	1	0	0	0	0	0
570	1	2	304	29	2008	3191
571	1	1	325	69	2008	0
572	1	1	0	34	2007	16492
573	1	1	292	74	2007	50025
574	1	2	296	0	2009	3576
575	2	1	0	46	2005	50124
576	1	1	302	0	2009	16440
577	1	2	0	63	2005	17934
578	1	1	315	0	2009	2622
579	2	1	0	27	2004	21268
580	1	2	301	23	2006	25203
581	1	2	0	57	2007	52867
582	1	1	304	0	2009	3632
583	1	1	328	10	2009	16067
584	2	1	0	1	2005	21428
585	1	1	0	14	2005	21156
586	1	2	304	57	2009	9780
587	1	2	0	54	2007	20882
588	1	1	291	0	2008	50335
589	2	1	0	53	2004	3841
590	1	2	0	0	2007	21235
591	1	1	313	9	2009	16497
592	1	1	0	9	2007	20899
593	1	1	327	34	2007	17967
594	1	1	315	30	2008	16536
595	1	1	324	0	2007	52986
596	1	1	323	9	2008	16176
597	1	1	298	1	2007	16153
598	1	2	302	20	2009	20835
599	1	1	302	0	2009	21139
600	2	2	0	26	2005	17681
601	1	2	0	57	2007	21648
602	1	1	324	14	2007	9142
603	1	1	296	5	2009	21423
604	2	2	0	63	2005	16268
605	2	2	0	57	2005	17715
606	1	2	313	28	2009	9147
607	1	1	0	54	2007	6566
608	1	1	293	68	2006	16270
609	1	1	326	53	2006	20935
610	1	2	320	63	2006	53302
611	1	2	299	26	2007	19323
612	1	2	328	20	2009	17009
613	2	2	305	53	2004	16808
614	1	1	315	9	2008	20899
615	1	1	313	0	2009	59821
616	1	1	315	9	0	50099
617	1	1	315	63	2009	50075
618	2	0	0	0	2005	0
619	1	1	326	7	2008	5105
620	1	1	324	68	2007	9757
621	1	2	302	28	2008	20936
622	1	1	337	20	2007	50752
623	2	1	0	46	2004	17882
624	1	1	323	29	2009	53909
625	1	1	315	7	2008	9076
626	2	1	0	34	2005	50084
627	1	1	0	20	2007	20930
628	2	0	0	0	0	0
629	1	2	304	30	2009	50143
630	1	1	313	9	2009	21178
631	1	1	328	0	2009	3544
632	1	2	328	0	2009	17697
633	2	0	307	68	2003	3240
634	1	1	302	29	2009	16217
635	1	1	302	1	2008	21633
636	1	2	313	18	2009	20960
637	1	1	0	82	2008	21846
638	1	2	332	54	2008	17097
639	1	2	317	34	2008	0
640	1	2	0	4	2007	17294
641	1	2	314	57	2006	51710
642	1	1	299	63	2007	50165
643	1	2	0	45	2007	16436
644	1	2	304	0	2009	50034
645	1	0	0	0	0	0
646	1	1	323	64	2009	54563
647	1	2	309	45	2007	3407
648	2	1	293	26	2005	3633
649	1	2	302	0	2009	17714
650	1	1	313	68	2007	17504
651	1	0	0	0	2007	0
652	1	2	304	21	2008	0
653	1	2	329	27	2008	3632
654	1	2	304	68	2007	17636
655	1	1	324	9	2007	16112
656	1	2	335	9	2006	21009
657	1	1	327	62	2007	9041
658	1	1	328	27	2007	16117
659	1	2	302	29	2009	9757
660	1	2	0	45	2006	16062
661	1	2	0	53	2007	9129
662	1	2	328	53	2008	51473
663	2	2	0	26	2005	17712
664	1	1	0	63	2007	21462
665	1	2	329	23	2008	21624
666	1	2	313	29	2009	21020
667	1	1	327	0	2008	16496
668	2	2	0	53	2005	16406
669	2	2	320	26	2005	21730
670	1	0	0	0	0	0
671	2	1	0	68	2005	18030
672	2	2	306	23	2004	50814
673	1	1	326	26	2008	18107
674	1	2	315	23	2009	50025
675	1	1	315	0	2008	16234
676	2	2	0	20	2005	50025
677	2	2	0	53	2005	9492
678	1	2	309	12	2005	3240
679	1	2	314	28	2007	16327
680	1	2	328	53	2009	51333
681	1	2	315	16	2008	21799
682	1	2	291	20	2008	16849
683	1	2	315	46	2008	51034
684	1	1	304	46	2009	2803
685	2	1	315	0	2005	18133
686	1	2	323	54	2008	51110
687	1	1	313	14	2009	3389
688	1	1	304	76	2008	21268
689	1	1	291	0	2008	17956
690	1	1	328	0	2008	16112
691	1	1	0	0	0	3834
692	1	1	329	9	2007	20891
693	1	1	313	0	2009	17268
694	1	1	0	0	2007	24026
695	1	2	321	26	2006	0
696	1	2	302	61	2008	17908
697	2	2	336	46	2005	0
698	1	2	315	0	2009	9254
699	1	2	291	46	2008	51858
700	1	1	293	53	2006	9073
701	1	1	323	0	2009	50240
702	1	1	315	9	2008	10570
703	1	1	328	9	2009	21094
704	1	2	310	30	2006	50642
705	1	1	328	0	2009	20829
706	2	0	298	22	2005	21056
707	1	2	291	26	2007	25278
708	1	1	327	54	2008	0
709	1	1	304	30	2007	0
710	1	2	302	0	2009	50410
711	1	2	0	26	2006	50115
712	1	1	302	9	2009	53132
713	1	2	0	9	2008	51087
714	1	2	322	20	2006	50070
715	1	1	291	12	2008	9157
716	1	2	315	0	2009	50269
717	1	1	315	68	2009	2054
718	1	1	325	17	2007	6385
719	1	1	323	12	0	54563
720	1	2	0	1	2005	20337
721	1	0	0	53	2006	9147
722	1	1	291	1	2008	17330
723	2	1	0	26	2005	16043
724	1	1	0	68	0	9041
725	1	1	324	68	2007	21367
726	1	1	0	53	2006	21411
727	2	1	0	16	2004	9021
728	1	1	313	53	2009	17835
729	1	1	0	57	2007	0
730	1	2	313	1	2009	17138
731	2	2	306	29	2005	21412
732	2	1	328	46	2005	17681
733	1	2	328	17	2007	52404
734	1	2	317	28	2006	17956
735	1	2	318	53	2007	0
736	2	1	0	53	2005	54639
737	1	2	291	63	2008	21078
738	1	2	315	0	2007	51086
739	1	2	302	53	2009	52194
740	2	1	0	26	2003	16114
741	1	1	315	69	2009	3748
742	2	1	0	28	0	0
743	1	1	324	68	2006	3544
744	1	2	312	28	2007	9654
745	1	1	324	46	2007	16018
746	1	1	326	30	2008	9605
747	1	1	325	14	2006	21678
748	1	1	0	46	2007	16060
749	1	1	315	9	2009	0
750	1	1	324	53	2007	21095
751	1	1	307	12	2006	17886
752	1	1	324	5	2007	17969
753	1	1	304	7	2009	50025
754	1	1	304	12	2009	52769
755	1	0	310	63	0	25550
756	2	2	0	26	2005	50104
757	1	2	0	29	2009	50054
758	1	1	327	0	2008	9260
759	1	2	305	53	2006	17907
760	2	1	0	0	2004	21615
761	2	1	0	63	2005	3704
762	2	2	0	12	2005	17853
763	5	2	0	28	2004	0
764	1	2	310	24	2006	20843
765	1	2	335	9	2008	9618
766	1	2	319	20	2006	21642
767	1	1	315	0	2008	16310
768	1	2	315	9	2008	0
769	2	1	0	68	2005	16202
770	1	1	0	63	2007	21556
771	1	1	0	53	2008	0
772	1	1	324	34	2006	20973
773	1	2	328	57	2008	21022
774	1	2	317	62	2008	3699
775	1	2	320	63	2006	21815
776	1	1	315	54	2009	21334
777	2	1	0	0	2005	21556
778	1	2	291	53	2008	50151
779	1	0	325	30	2007	0
780	1	1	322	9	2006	16400
781	1	1	302	0	2009	16849
782	1	2	299	0	0	0
783	1	2	291	53	2008	50554
784	1	1	337	0	2008	16439
785	1	2	305	66	2007	1934
786	2	2	0	68	2004	50075
787	1	1	318	9	2006	20899
788	1	1	337	4	2008	50464
789	2	0	0	0	0	16440
790	1	2	326	20	2007	57891
791	1	1	315	0	2009	19444
792	1	2	315	34	0	50089
793	1	1	0	45	2006	21136
794	1	1	323	29	2009	25157
795	1	1	304	59	2008	16399
796	1	1	0	26	2006	3284
797	1	1	304	46	2009	21364
798	2	1	0	27	2005	18071
799	1	1	323	0	2009	9720
800	1	1	0	77	2006	50203
801	1	2	0	16	2006	1963
802	1	1	329	27	2008	17238
803	1	1	328	0	2009	9073
804	1	1	298	28	2007	21021
805	1	2	328	53	2009	3548
806	1	2	306	29	2007	19403
807	1	2	0	28	2007	17268
808	1	1	0	0	2006	3502
809	2	2	0	23	2005	51111
810	1	2	304	16	2008	51066
811	1	0	0	61	0	50302
812	1	2	294	54	2005	21423
813	2	0	0	56	2005	8542
814	1	1	315	68	2007	50074
815	1	2	310	27	2006	21626
816	1	2	291	1	2007	21573
817	5	0	0	0	0	0
818	1	1	321	9	2007	3528
819	1	1	324	16	2006	20971
820	2	2	0	45	2005	8426
821	3	0	0	0	0	0
822	1	2	340	40	2007	20982
823	1	1	313	34	2009	59124
824	1	1	0	0	0	16049
825	2	0	0	0	2005	0
826	1	1	328	1	2009	21629
827	2	2	0	4	2005	50164
828	1	1	328	0	2009	50213
829	1	2	321	26	2006	50165
830	1	1	324	46	2007	16064
831	2	1	0	53	2004	50398
832	1	2	325	28	2007	20976
833	1	1	321	26	2006	14348
834	1	2	315	53	2008	50023
835	1	1	325	82	2006	16784
836	1	1	323	57	2009	0
837	2	1	0	68	2005	21531
838	1	2	340	57	2007	16024
839	1	1	328	0	2009	50310
840	1	1	300	33	2007	58773
841	2	2	0	26	2005	16267
842	1	1	304	54	2007	9290
843	1	1	313	9	2007	52104
844	1	1	291	27	2007	21315
845	1	1	304	0	2009	0
846	1	1	315	63	2008	2422
847	1	2	328	18	2006	0
848	2	2	295	23	2005	19230
849	1	2	313	53	2009	59821
850	2	2	319	57	2005	50491
851	1	1	326	27	2006	16424
852	1	1	324	28	2007	9349
853	1	1	315	63	2008	16326
854	1	2	309	26	2006	1935
855	2	2	0	16	2005	21106
856	1	2	321	14	2008	16420
857	1	0	0	0	0	0
858	1	2	313	29	2009	50975
859	1	1	317	27	2008	16334
860	1	2	0	61	2006	50696
861	1	1	328	12	2009	16107
862	1	2	296	0	2008	5539
863	1	1	326	53	2007	9349
864	1	0	291	27	2007	50104
865	1	1	313	53	2008	17888
866	1	2	328	23	2009	50523
867	1	2	336	26	2008	50165
868	1	2	313	26	2009	21057
869	2	1	328	53	2005	3385
870	2	2	291	53	2005	55349
871	1	1	313	34	2008	9256
872	1	1	325	63	2008	6102
873	1	1	323	0	2009	22246
874	2	1	0	16	2004	15890
875	1	2	327	53	2007	51066
876	2	1	0	9	2004	20852
877	1	2	291	23	2007	3754
878	1	2	0	45	2006	3390
879	2	2	0	0	2005	0
880	4	2	0	60	1908	0
881	1	2	0	0	2006	3815
882	1	1	313	10	2006	20898
883	1	2	306	53	2007	9773
884	2	1	0	9	2005	21232
885	1	1	315	0	2009	50223
886	1	2	301	0	2007	9077
887	1	2	328	29	0	3719
888	1	1	307	1	2006	51333
889	1	1	324	82	2007	17238
890	1	1	304	46	2009	6170
891	1	1	0	9	2005	17934
892	1	2	0	63	2005	3632
893	1	2	313	12	2009	16326
894	1	0	0	0	0	0
895	2	2	0	1	2005	20680
896	1	2	0	16	2006	16396
897	1	1	326	5	2007	25180
898	1	1	304	4	2007	5852
899	1	2	326	23	2007	21625
900	1	2	326	16	2006	50147
901	2	2	301	16	2005	16481
902	1	1	291	27	2008	20838
903	1	1	300	12	2006	9831
904	1	2	327	9	2008	53909
905	2	1	0	54	2004	21140
906	2	2	0	23	2005	5979
907	1	2	0	0	2008	8875
908	1	1	304	14	2007	21366
909	1	1	313	0	2009	9588
910	2	1	0	74	2005	21178
911	2	1	0	30	2004	50410
912	1	1	300	20	2006	21171
913	1	2	0	9	2006	8851
914	1	1	304	30	2007	21280
915	1	1	335	14	2007	1607
916	1	0	0	0	0	0
917	1	2	323	68	2009	9802
918	1	2	0	26	2008	15903
919	1	1	324	7	0	0
920	1	1	337	53	2008	17137
921	1	1	313	12	2009	3713
922	1	1	302	29	2009	17842
923	1	1	323	0	2009	50161
924	1	1	302	14	2009	21153
925	1	1	0	0	2008	3240
926	1	1	327	30	2007	9142
927	1	2	291	0	2008	9023
928	1	2	313	1	2008	17528
929	1	1	327	4	2007	21652
930	1	2	291	63	2008	50100
931	2	2	0	26	2005	0
932	1	1	304	0	2009	16414
933	1	1	304	68	2008	16235
934	1	1	317	0	2008	17794
935	1	2	323	29	2008	21783
936	1	2	291	53	2006	21383
937	1	2	326	53	2007	51934
938	1	2	323	16	2008	17352
939	1	1	325	27	2008	17537
940	1	2	313	26	2006	15239
941	2	1	294	72	2005	3571
942	1	2	294	23	2005	3594
943	1	1	294	78	2007	18070
944	1	1	326	68	2007	17247
945	1	1	324	53	2007	9550
946	2	2	0	17	2005	16219
947	1	0	325	30	2008	16117
948	1	1	331	27	2007	0
949	1	2	304	62	2009	9415
950	2	2	0	28	2001	21320
951	1	1	304	12	2009	15803
952	1	1	321	53	2006	21292
953	2	1	0	16	2005	16112
954	1	2	330	34	2007	52057
955	1	1	323	34	2009	50140
956	1	1	325	53	2007	16275
957	2	1	0	6	2004	52164
958	1	1	329	7	2008	3716
959	2	1	292	63	2005	6968
960	2	1	0	26	2005	50022
961	2	1	0	63	2005	1734
962	1	1	0	1	2006	16512
963	1	2	328	9	2009	17715
964	1	2	0	63	2006	16313
965	2	2	0	23	2003	16062
966	1	1	0	63	2006	21781
967	5	2	0	28	0	0
968	1	2	313	29	2009	50269
969	2	2	0	53	2005	21038
970	1	2	328	53	2009	16328
971	1	1	307	45	2007	3632
972	1	1	328	0	2009	22246
973	1	2	291	0	2008	50367
974	2	0	0	46	2005	51143
975	1	2	327	14	2006	16429
976	2	2	305	54	2005	0
977	1	1	326	20	2008	21556
978	1	2	291	62	2008	21146
979	2	2	0	62	2005	21650
980	1	2	325	75	2007	21450
981	1	0	0	66	2006	2868
982	1	0	0	0	0	0
983	2	1	0	9	2005	25078
984	1	1	322	1	2006	17191
985	1	1	300	75	2007	19653
986	1	2	313	10	2009	0
987	1	2	311	62	2006	9214
988	2	1	0	30	2005	3711
989	1	1	323	63	2008	16437
990	1	0	294	30	2007	16004
991	1	1	0	10	2007	20900
992	1	2	328	23	2009	9254
993	1	2	315	0	2009	3574
994	1	1	315	68	2009	17789
995	2	1	307	12	2004	53663
996	2	1	0	36	2005	25873
997	1	1	313	9	2008	16761
998	2	1	326	68	2005	17228
999	1	1	328	12	2009	4690
1000	2	2	0	23	2005	16265
1001	1	2	318	16	2006	51041
1002	1	1	291	0	2008	2228
1003	1	1	304	71	2008	3058
1004	1	2	321	45	2006	16141
1005	1	2	328	12	2009	50468
1006	1	2	328	26	2009	51210
1007	1	2	0	26	2005	20681
1008	5	2	0	28	0	50013
1009	2	1	0	30	2005	16406
1010	1	1	315	30	2009	50865
1011	1	1	291	0	2008	50075
1012	1	2	291	0	2008	0
1013	2	2	0	26	2005	20967
1014	1	2	328	33	2009	4961
1015	1	1	324	53	2006	50138
1016	2	2	0	57	2005	3240
1017	1	1	328	0	2009	17880
1018	1	1	304	9	2009	4294
1019	1	1	0	0	2006	0
1020	1	2	0	53	2007	19095
1021	1	1	322	9	2006	0
1022	1	1	326	0	2008	21718
1023	1	2	328	53	2009	51623
1024	1	1	304	22	2008	25143
1025	1	2	299	26	2007	50025
1026	2	2	312	26	2004	16385
1027	1	2	294	12	2007	8959
1028	3	2	301	14	2007	1963
1029	1	1	329	63	2008	50611
1030	1	2	328	53	2009	50523
1031	1	1	328	0	2009	16227
1032	2	1	0	54	2001	21636
1033	1	1	291	1	2008	15244
1034	1	1	0	68	2006	50058
1035	1	1	321	30	2007	16439
1036	1	2	315	17	2009	16217
1037	1	1	326	0	2008	9230
1038	1	2	312	26	2007	16406
1039	1	2	318	27	2006	20891
1040	2	1	0	46	2005	18071
1041	1	1	326	0	2008	21722
1042	1	1	302	0	2009	21374
1043	2	2	314	23	2005	0
1044	1	1	291	0	2008	21423
1045	1	1	0	53	2005	9773
1046	1	1	315	4	2009	16049
1047	1	1	304	17	2009	21799
1048	1	1	313	9	2009	16313
1049	1	1	324	9	2007	17858
1050	1	1	304	27	2006	52111
1051	1	1	323	34	2009	0
1052	1	1	0	53	2007	17344
1053	1	1	294	45	2006	25143
1054	2	1	298	27	2005	21714
1055	2	2	306	23	2000	50354
1056	1	2	0	12	2007	52745
1057	2	0	0	0	0	0
1058	1	0	302	19	2008	50002
1059	1	1	327	4	2007	21652
1060	2	1	0	0	2004	16439
1061	1	1	326	46	2008	3748
1062	2	2	0	46	2005	52591
1063	1	1	313	0	2009	16438
1064	1	2	304	0	2009	5932
1065	1	1	315	63	2007	21292
1066	1	2	315	0	2008	18051
1067	4	2	0	62	0	55247
1068	1	1	315	29	2009	9157
1069	1	1	339	14	2007	17534
1070	1	1	0	53	2006	9151
1071	2	2	0	66	2005	0
1072	1	1	302	64	2009	21146
1073	1	1	304	10	2008	20853
1074	1	2	0	0	2007	18071
1075	1	1	329	75	2008	3780
1076	1	2	309	53	2006	0
1077	1	1	0	27	2007	16254
1078	1	0	0	0	0	0
1079	2	1	0	68	2005	16251
1080	1	1	315	53	2008	50419
1081	1	1	0	26	2006	21268
1082	1	2	291	28	2008	21238
1083	1	2	326	75	2008	50131
1084	2	1	0	25	0	0
1085	1	1	0	9	2007	50131
1086	5	1	298	30	2004	17072
1087	1	1	336	68	2008	20838
1088	1	1	326	63	2007	16481
1089	1	2	340	9	2007	9285
1090	1	1	290	9	2007	3755
1091	1	2	0	63	2008	17888
1092	2	2	306	57	2004	9273
1093	1	2	291	57	2006	9256
1094	1	1	291	16	2007	9508
1095	2	1	0	53	2005	19150
1096	1	2	328	29	2008	16400
1097	1	1	0	53	2006	17715
1098	1	2	0	28	2006	4961
1099	1	2	0	30	2006	50062
1100	1	1	304	21	2008	22979
1101	1	2	328	0	2009	3544
1102	1	1	0	0	2006	0
1103	1	2	335	53	2008	52567
1104	2	1	298	14	2005	21596
1105	2	1	0	7	2005	25927
1106	1	2	328	33	2009	59821
1107	1	2	315	53	2008	16406
1108	1	1	313	75	2008	16124
1109	2	1	0	46	2005	25369
1110	1	1	291	28	2008	9159
1111	1	1	315	53	2009	0
1112	1	1	324	53	2007	50188
1113	2	0	0	0	0	0
1114	1	2	311	0	2007	21549
1115	1	2	306	57	2006	21119
1116	1	1	315	0	2008	16420
1117	1	2	323	29	2009	51003
1118	1	1	304	0	2009	16168
1119	1	1	324	9	2007	17395
1120	1	1	293	68	2006	16243
1121	1	2	295	53	2007	16228
1122	1	1	313	0	0	5833
1123	1	1	296	12	0	0
1124	2	1	293	68	2004	21268
1125	1	2	330	20	2008	51129
1126	2	2	312	26	2005	51066
1127	1	1	315	9	2008	17238
1128	1	2	328	9	2009	17181
1129	1	2	328	0	0	50367
1130	1	2	0	5	2007	0
1131	1	2	309	53	2006	21006
1132	2	2	0	0	2007	21005
1133	1	1	328	27	2009	21083
1134	1	1	337	57	2008	21050
1135	2	1	292	74	2005	16171
1136	1	2	328	0	2009	50494
1137	1	1	328	0	2008	50010
1138	1	0	0	0	2008	0
1139	1	1	304	59	2008	52534
1140	1	2	291	20	2007	16368
1141	1	2	304	29	2009	3544
1142	2	1	0	16	2005	17150
1143	1	2	322	63	2007	3574
1144	1	1	291	74	2008	1996
1145	1	2	291	74	2007	17478
1146	1	1	313	9	2009	21629
1147	1	2	315	29	2009	18051
1148	1	2	315	6	2008	3556
1149	1	2	315	53	2009	5978
1150	1	1	291	0	2008	3564
1151	1	2	324	5	2007	17908
1152	1	2	315	14	2009	3749
1153	1	2	332	53	2008	16160
1154	1	1	328	33	2009	16329
1155	1	1	325	10	2008	20835
1156	1	1	313	0	2009	50675
1157	1	0	0	53	2006	19198
1158	1	1	325	17	0	21128
1159	1	1	291	74	2008	21411
1160	1	1	304	0	2008	17528
1161	1	2	321	23	2006	16486
1162	1	2	328	23	2007	19476
1163	1	0	0	0	2008	50460
1164	1	2	0	0	2007	0
1165	1	2	0	53	2006	16793
1166	1	1	326	53	2008	16010
1167	1	2	309	26	2006	21825
1168	1	2	312	45	2006	21736
1169	2	1	0	4	2005	20846
1170	1	1	304	14	2009	50464
1171	2	1	0	9	2005	17882
1172	1	2	327	57	2008	50509
1173	1	1	328	28	2006	17287
1174	1	2	328	53	2009	16251
1175	1	1	315	0	2009	53092
1176	1	2	318	13	2008	16515
1177	1	1	313	0	2009	16406
1178	5	2	0	30	2006	21566
1179	1	1	325	10	2008	17282
1180	1	1	304	16	2009	21280
1181	1	1	313	20	2009	16007
1182	1	1	313	0	2009	50909
1183	1	1	328	0	2009	50494
1184	1	2	291	12	2008	50089
1185	1	2	315	12	2008	50241
1186	1	1	313	59	2009	3754
1187	1	1	0	27	2007	20838
1188	1	2	315	0	2006	21831
1189	1	2	326	28	2006	52899
1190	1	1	304	68	2009	21357
1191	1	2	296	29	2008	0
1192	1	1	315	0	2009	17528
1193	2	1	0	27	2005	21237
1194	2	2	0	20	2005	17431
1195	1	1	325	54	2006	0
1196	1	1	328	0	2009	50131
1197	1	2	291	20	2007	21022
1198	1	2	305	57	2006	50131
1199	1	2	315	63	2009	50088
1200	1	1	315	63	2004	3632
1201	1	2	0	35	2007	3638
1202	1	0	0	0	0	0
1203	1	1	313	4	2008	15921
1204	2	2	0	12	2005	15921
1205	1	1	328	0	2009	16079
1206	1	0	0	0	0	0
1207	1	1	304	1	2007	21037
1208	1	0	340	45	2006	4099
1209	2	1	0	74	2005	0
1210	1	0	312	20	0	0
1211	2	1	0	68	2005	16849
1212	1	2	0	17	2006	21146
1213	2	1	0	26	2005	53302
1214	1	2	305	26	2005	16031
1215	1	1	315	0	2009	16414
1216	2	1	0	0	2003	21534
1217	1	1	0	68	2007	50398
1218	1	1	0	53	2006	50009
1219	2	2	0	63	2005	0
1220	1	1	324	9	2006	21636
1221	1	1	315	9	2009	15985
1222	1	1	0	27	0	21339
1223	1	2	312	26	2006	1935
1224	1	2	328	0	2008	2381
1225	1	2	339	23	2008	51293
1226	1	2	313	28	2009	16112
1227	1	2	320	68	2006	20899
1228	1	1	315	68	2008	16418
1229	1	2	291	9	2008	3632
1230	1	2	0	53	0	0
1231	1	1	0	68	2006	53027
1232	1	1	313	68	2008	51187
1233	1	2	299	12	2006	0
1234	2	2	0	26	2005	16727
1235	1	1	327	9	2008	16070
1236	1	1	313	74	2009	8999
1237	1	2	313	63	2009	24902
1238	1	2	0	17	2007	16356
1239	1	2	313	29	2009	18042
1240	1	2	313	0	2009	3716
1241	1	2	326	1	2006	20950
1242	1	1	325	27	2008	3782
1243	1	1	307	1	2006	16849
1244	1	2	328	12	2009	20876
1245	1	1	0	9	2006	17402
1246	2	0	0	0	0	0
1247	1	1	0	27	2007	17805
1248	1	1	0	27	2007	21268
1249	1	2	315	68	2008	3564
1250	1	1	304	26	2009	50058
1251	1	1	0	68	2006	20909
1252	1	1	337	34	2008	8977
1253	2	1	0	16	2004	9765
1254	1	1	0	17	2009	21729
1255	1	0	0	0	2007	0
1256	1	2	291	68	2008	17042
1257	1	2	304	29	2009	52806
1258	1	1	323	9	2009	3795
1259	1	0	328	33	2007	51092
1260	1	2	0	26	2006	50058
1261	1	0	0	0	0	0
1262	1	1	0	61	2006	9674
1263	1	2	328	53	2008	0
1264	1	1	328	46	2008	2372
1265	1	2	328	68	2009	9082
1266	1	1	323	9	2009	17887
1267	1	1	315	53	2008	50525
1268	1	1	313	46	2009	51776
1269	1	2	313	20	2008	52215
1270	1	1	323	4	2006	16388
1271	1	2	313	12	2009	9082
1272	1	1	304	77	2009	50961
1273	2	1	0	68	2005	20927
1274	1	2	315	9	2009	16212
1275	1	2	315	20	2006	21621
1276	1	1	328	53	2009	50333
1277	1	0	291	68	2007	15902
1278	1	2	313	29	2009	16794
1279	1	0	0	53	2006	16313
1280	1	2	291	0	2008	52899
1281	1	1	293	27	0	17406
1282	2	2	0	28	2005	20730
1283	1	2	314	30	2006	17419
1284	2	2	0	68	2005	4794
1285	1	1	0	26	0	16235
1286	1	1	315	0	2009	9005
1287	1	2	296	0	2008	16049
1288	2	2	0	1	2005	25278
1289	2	2	0	23	2005	0
1290	1	2	291	20	2008	17783
1291	2	1	293	20	2004	16422
1292	1	2	326	38	2007	21268
1293	1	2	313	20	2007	20838
1294	1	2	313	26	2005	2052
1295	1	1	0	53	2007	25119
1296	2	2	311	26	2002	4099
1297	1	1	328	53	2009	21172
1298	1	2	313	29	2009	50305
1299	1	1	318	64	2006	50070
1300	2	1	307	30	2005	19444
1301	1	1	327	26	2006	51177
1302	2	2	0	12	2005	17111
1303	1	0	0	0	0	0
1304	1	2	321	57	2006	7831
1305	1	1	0	28	2008	16010
1306	2	2	0	17	2005	3739
1307	1	1	315	16	2008	51465
1308	1	0	0	0	0	0
1309	1	2	304	0	2009	9415
1310	1	1	315	1	2007	17833
1311	1	2	0	57	2008	9077
1312	1	2	302	23	2007	21636
1313	1	1	328	53	2009	55440
1314	1	2	315	0	2008	50002
1315	1	1	0	63	2006	53092
1316	1	2	304	0	2008	50351
1317	2	2	0	26	2004	21326
1318	1	2	312	54	2006	0
1319	1	1	0	0	0	3284
1320	1	1	291	53	2008	3762
1321	2	2	0	26	2005	21332
1322	1	2	326	26	2008	9565
1323	1	1	315	14	0	50865
1324	1	1	313	83	2009	15988
1325	2	1	0	74	2005	50864
1326	1	2	0	63	2006	15898
1327	1	1	324	20	2007	3650
1328	1	1	0	30	0	0
1329	2	2	0	0	2005	9434
1330	5	2	0	20	2006	21703
1331	1	2	0	53	2007	3389
1332	1	2	314	28	2006	0
1333	2	1	0	26	2005	16502
1334	1	0	325	1	2008	0
1335	2	1	0	26	2005	16112
1336	2	2	0	53	2004	0
1337	1	1	315	0	2009	52104
1338	1	1	315	68	2007	50002
1339	1	0	0	0	0	0
1340	2	1	0	26	2005	3581
1341	1	1	324	53	2006	17456
1342	1	2	291	63	2007	3574
1343	2	1	0	0	2007	9290
1344	1	2	339	14	2008	53300
1345	1	2	329	28	2008	21127
1346	1	0	0	0	0	0
1347	2	1	0	59	2005	53329
1348	2	1	0	68	2005	17343
1349	1	1	0	1	2006	51038
1350	1	1	0	0	2006	50081
1351	2	1	0	26	2001	11880
1352	1	2	338	10	2007	21325
1353	1	1	0	30	2006	3714
1354	1	2	304	1	2008	20886
1355	1	2	0	0	2008	4382
1356	1	1	313	27	2009	58424
1357	1	2	0	53	2008	51286
1358	1	1	319	68	2005	50531
1359	1	0	0	0	0	0
1360	2	2	311	68	2004	17374
1361	2	1	0	20	2004	18001
1362	1	0	291	46	2007	3544
1363	1	0	326	27	2008	16329
1364	1	1	315	0	2009	50692
1365	1	1	291	16	2008	53302
1366	1	2	0	53	2006	54563
1367	1	2	304	53	2009	4232
1368	1	2	305	53	2005	719
1369	1	1	339	0	2008	20987
1370	1	1	291	0	2008	786
1371	1	2	328	0	2008	3686
1372	1	2	291	63	2008	4380
1373	1	2	313	63	2009	24005
1374	1	1	0	26	2006	16104
1375	2	1	290	26	2004	21268
1376	1	2	328	12	2009	50151
1377	1	2	326	23	2007	9097
1378	1	2	328	9	2009	50070
1379	1	0	318	33	2006	0
1380	2	2	301	1	2004	0
1381	1	2	314	54	2007	19653
1382	1	1	326	9	2007	16049
1383	1	2	327	23	2006	21145
1384	1	2	328	62	2009	9162
1385	1	2	315	0	2008	50161
1386	1	2	319	61	2006	50025
1387	1	1	0	57	0	3708
1388	1	1	326	74	2008	21366
1389	1	2	311	26	2006	1883
1390	1	2	309	53	2006	50124
1391	1	1	325	27	2008	21445
1392	1	1	317	54	2008	16746
1393	1	1	291	0	2008	51535
1394	1	2	328	16	2009	51143
1395	1	1	323	29	2009	51412
1396	1	2	291	0	2008	17943
1397	1	1	325	9	2008	21051
1398	2	2	0	54	2005	0
1399	1	1	304	4	2007	21334
1400	1	1	328	0	2009	3593
1401	2	1	0	14	2005	16240
1402	1	1	0	32	2006	21237
1403	1	0	0	0	0	0
1404	1	2	313	57	2007	53156
1405	2	1	0	68	2004	5486
1406	2	1	298	9	2005	18071
1407	1	1	328	68	2007	20838
1408	1	2	302	26	2009	9321
1409	1	2	327	57	2007	51111
1410	1	2	0	53	2007	50075
1411	1	2	291	29	2007	3284
1412	1	1	0	1	2006	2422
1413	1	2	328	38	2006	9129
1414	1	1	334	16	2007	52302
1415	1	1	304	27	2008	20878
1416	1	1	324	9	2007	53092
1417	1	1	321	82	2007	18003
1418	1	2	302	0	2009	19464
1419	2	1	0	54	2005	3658
1420	2	1	292	74	2004	16230
1421	1	1	0	9	2007	9078
1422	1	2	315	26	2009	50523
1423	1	2	0	44	0	0
1424	2	1	322	46	2005	2233
1425	1	1	294	36	2008	21841
1426	1	1	313	9	2009	15989
1427	1	1	325	53	2007	16256
1428	1	1	291	63	2008	9758
1429	1	0	0	20	0	21784
1430	1	2	304	54	2008	3674
1431	2	2	0	53	0	9720
1432	1	1	313	34	2009	17949
1433	2	1	0	68	2005	21219
1434	1	2	291	20	2008	21779
1435	1	2	315	53	2006	51760
1436	2	0	0	16	2005	3762
1437	1	1	315	0	2009	50431
1438	2	2	0	9	2005	9580
1439	1	1	328	53	2006	21788
1440	2	1	0	1	2005	21478
1441	1	2	0	0	0	0
1442	1	1	304	68	2007	50955
1443	1	1	328	76	2007	16889
1444	1	2	306	53	2006	3284
1445	1	1	315	9	2007	53132
1446	1	1	291	0	2008	17454
1447	1	0	0	0	0	0
1448	1	1	328	68	2009	53132
1449	1	1	313	68	2009	9157
1450	1	1	313	26	2009	16482
1451	1	2	304	12	2008	16540
1452	2	1	293	4	2004	17537
1453	1	1	313	14	2008	3680
1454	2	0	306	20	2005	25006
1455	1	2	313	68	2009	1287
1456	2	2	0	53	2005	51293
1457	1	1	296	9	2008	21029
1458	1	1	315	9	2009	17110
1459	2	1	0	53	2004	20927
1460	1	2	336	46	2007	50025
1461	1	1	315	0	2008	3716
1462	1	1	329	53	2007	21074
1463	1	2	315	63	2009	16440
1464	1	1	339	5	2007	3505
1465	1	1	325	63	2007	52104
1466	1	2	328	45	2008	16418
1467	1	2	0	54	2006	16160
1468	1	1	328	26	2007	51385
1469	1	1	0	53	2006	2135
1470	1	1	313	0	2009	21352
1471	1	2	0	0	2008	16807
1472	5	1	0	30	2004	52591
1473	2	1	0	66	2004	0
1474	1	2	291	12	2008	3576
1475	1	2	304	34	2007	53663
1476	2	2	0	6	2005	21730
1477	1	0	0	0	0	0
1478	1	2	291	26	2008	16030
1479	1	1	296	40	2006	7831
1480	1	1	329	0	2004	50486
1481	1	2	339	26	2008	16795
1482	1	2	291	53	2008	24981
1483	1	2	313	12	2009	17092
1484	1	0	0	0	0	0
1485	1	2	0	17	2006	21056
1486	2	0	0	0	0	0
1487	2	1	0	5	2005	50215
1488	1	1	315	0	2009	50008
1489	2	2	0	23	2005	21607
1490	1	1	291	4	2008	9077
1491	1	2	301	1	2007	16127
1492	1	2	0	68	2005	0
1493	1	1	325	9	2007	21737
1494	1	1	304	0	2008	19443
1495	1	1	296	30	0	0
1496	1	2	328	26	2008	17203
1497	2	2	0	23	2004	0
1498	1	2	302	26	2009	53092
1499	2	1	0	63	2004	50874
1500	1	2	0	26	2007	50018
1501	1	2	306	63	2007	16482
1502	1	2	315	68	2009	16212
1503	1	1	326	45	2008	21068
1504	1	0	0	46	2006	3544
1505	5	2	0	28	2005	50042
1506	2	1	0	57	2004	17672
1507	1	1	0	68	2006	21425
1508	1	1	315	0	2008	52258
1509	2	1	0	6	2005	53107
1510	1	1	317	74	2008	9397
1511	1	1	0	9	2006	4423
1512	1	0	0	0	0	0
1513	1	1	330	16	2008	0
1514	1	2	313	68	2009	23621
1515	1	0	0	0	0	0
1516	1	2	313	26	2008	21355
1517	2	0	0	0	0	0
1518	1	1	304	4	2009	17430
1519	1	2	310	28	2007	21364
1520	1	1	304	0	2009	9241
1521	2	1	307	13	2005	9565
1522	1	1	291	9	2008	9321
1523	1	1	326	7	2008	3576
1524	1	0	313	26	2007	0
1525	1	1	328	0	2009	50675
1526	2	2	0	1	2005	15912
1527	2	2	0	12	2005	19504
1528	1	1	328	12	2009	50008
1529	1	2	309	45	2006	17139
1530	2	1	0	54	2004	9045
1531	1	1	295	68	2007	21785
1532	1	1	0	1	2006	9241
1533	1	1	329	63	2008	20930
1534	2	2	0	21	2005	21301
1535	2	1	0	5	2005	50188
1536	1	2	291	12	2004	16141
1537	1	1	315	9	2008	16432
1538	2	1	0	61	2005	16117
1539	1	2	317	20	2008	3544
1540	1	1	323	46	2009	16306
1541	2	2	0	1	2005	50137
1542	1	2	304	28	2008	50023
1543	1	1	304	0	2009	16487
1544	1	1	324	9	2007	16424
1545	1	2	309	45	2007	50611
1546	1	2	325	28	2008	21219
1547	1	2	309	9	2006	3528
1548	1	2	0	34	2007	0
1549	1	1	0	53	2006	21132
1550	1	2	328	28	2005	3658
1551	1	2	326	24	2008	20838
1552	1	1	328	0	2009	4119
1553	1	0	310	24	2006	50003
1554	1	1	324	1	2006	20895
1555	1	1	328	68	2009	17396
1556	1	2	291	0	2008	51444
1557	1	2	340	10	2007	25927
1558	1	2	301	26	2007	16018
1559	1	2	326	26	2007	18990
1560	2	1	0	17	2005	21799
1561	1	2	0	9	2006	11226
1562	2	2	0	1	2005	3788
1563	1	2	304	0	2007	16746
1564	1	1	328	0	2009	50002
1565	2	1	0	46	2005	21750
1566	1	1	302	0	2009	18158
1567	2	1	0	26	2005	2355
1568	1	2	309	26	2007	23618
1569	1	1	302	12	2009	17794
1570	1	1	291	0	2008	16265
1571	1	2	313	9	2009	2794
1572	1	2	315	53	2008	1913
1573	1	1	323	54	2008	19262
1574	1	1	315	53	2006	3502
1575	1	1	296	68	2007	21190
1576	1	1	330	0	2007	9313
1577	1	1	302	9	2009	9041
1578	1	1	0	0	2007	16007
1579	2	2	314	53	2005	16499
1580	1	1	313	4	2008	4004
1581	1	2	327	28	2007	51688
1582	1	2	302	53	2009	50156
1583	1	2	312	9	2006	21374
1584	1	2	313	29	2008	3581
1585	1	2	332	46	2007	51536
1586	1	1	328	0	2009	50383
1587	1	1	0	63	2006	16058
1588	1	1	324	1	2007	6159
1589	1	2	339	26	2004	50070
1590	2	1	0	30	2005	3528
1591	1	1	304	53	2008	51038
1592	1	1	313	12	2009	9313
1593	1	1	326	30	2006	16112
1594	1	2	315	26	2009	25357
1595	2	1	0	16	2005	19033
1596	1	1	291	68	2008	53069
1597	1	1	0	68	2008	3841
1598	1	2	0	0	2006	0
1599	1	1	329	1	2008	21852
1600	1	1	0	57	2006	10486
1601	1	1	298	5	2006	9226
1602	1	0	0	0	0	0
1603	2	1	0	27	2004	9372
1604	1	2	310	54	2007	1317
1605	1	2	300	2	0	16327
1606	1	2	311	53	2006	50410
1607	1	2	302	26	2009	50855
1608	1	1	0	0	2008	20835
1609	1	2	0	57	2008	2061
1610	1	1	315	0	2009	15989
1611	1	2	0	61	2006	20811
1612	1	1	0	74	2005	1384
1613	1	1	291	33	2007	25464
1614	1	1	317	53	2008	21146
1615	2	2	0	26	2005	3735
1616	1	2	328	23	2008	58424
1617	1	2	328	20	2008	16127
1618	1	2	302	29	2005	56033
1619	1	2	339	67	2006	18159
1620	4	0	323	0	0	0
1621	1	0	325	27	2008	3762
1622	1	1	324	53	2007	9741
1623	1	1	328	33	2007	50655
1624	1	2	326	46	2008	17764
1625	1	1	315	0	2009	21581
1626	1	2	304	62	2009	17949
1627	2	2	0	45	2004	17313
1628	1	1	322	68	2005	0
1629	1	1	326	27	2008	16243
1630	1	1	313	33	2007	58424
1631	1	0	313	0	0	0
1632	1	0	315	0	2007	50096
1633	1	1	291	68	2007	3576
1634	1	1	328	53	2006	17069
1635	1	2	294	12	2005	21109
1636	1	0	0	0	0	0
1637	1	2	315	29	2009	16011
1638	1	2	291	17	2007	17763
1639	1	2	326	28	2008	16130
1640	1	0	309	46	2006	2674
1641	3	2	304	10	0	9382
1642	1	1	328	68	2009	16227
1643	1	1	304	9	2007	21056
1644	1	0	0	0	0	0
1645	2	2	0	23	2005	16112
1646	1	2	313	26	2009	56418
1647	1	0	0	30	2006	0
1648	2	2	0	23	2004	15945
1649	1	1	298	10	2007	50865
1650	1	1	300	9	2006	21445
1651	1	1	304	0	2009	0
1652	2	2	0	26	2005	50435
1653	1	0	291	0	2008	50025
1654	1	2	313	26	2008	21417
1655	1	1	302	0	2009	16445
1656	1	1	304	0	2009	0
1657	1	1	304	0	2009	17456
1658	1	1	315	14	2008	17584
1659	1	2	313	71	2007	21685
1660	1	1	298	21	0	5211
1661	2	1	300	68	2004	3716
1662	1	1	325	26	2007	6309
1663	1	2	326	20	2007	16746
1664	1	0	0	0	0	0
1665	1	2	327	28	2006	8845
1666	1	1	328	0	2009	17468
1667	1	2	313	54	2009	3528
1668	1	2	313	53	2009	50377
1669	1	1	324	68	2008	20898
1670	1	1	291	45	2008	16114
1671	4	0	0	0	0	0
1672	1	1	325	74	2008	3834
1673	1	2	336	25	2008	50053
1674	2	1	0	61	2005	20838
1675	1	1	294	30	2006	17431
1676	1	2	328	29	2009	25019
1677	1	0	0	0	0	0
1678	1	1	304	21	2009	20722
1679	1	2	0	63	2007	3670
1680	1	1	328	7	2007	50419
1681	1	2	304	37	2009	0
1682	1	2	340	63	2007	6392
1683	1	1	315	5	0	21268
1684	1	2	297	53	2006	3789
1685	2	1	0	1	2005	21025
1686	1	0	0	0	2005	17001
1687	1	2	328	22	2008	50863
1688	2	2	339	23	2004	21402
1689	1	2	312	57	2006	21183
1690	1	2	315	54	2007	21009
1691	1	2	313	1	2009	23956
1692	1	2	0	30	2006	8998
1693	2	2	0	28	0	21819
1694	1	1	324	0	2007	50081
1695	1	1	0	63	0	16215
1696	1	2	320	29	2006	9077
1697	5	2	0	9	2006	50602
1698	1	1	0	26	2006	9151
1699	1	2	327	30	2007	9143
1700	1	2	304	46	2009	9175
1701	1	1	0	68	2006	9106
1702	1	2	304	46	2009	3240
1703	1	1	325	74	2007	21423
1704	1	0	0	0	0	0
1705	1	2	326	20	2007	17150
1706	1	1	315	0	2008	21621
1707	1	1	323	54	2009	21142
1708	2	2	0	0	2005	21626
1709	2	1	0	30	2003	16510
1710	1	2	315	12	2008	50151
1711	1	1	0	30	2007	21366
1712	1	2	305	9	2006	21629
1713	1	2	313	12	2008	19033
1714	1	2	315	53	0	16145
1715	1	1	315	26	2007	51034
1716	1	1	291	12	2007	15996
1717	1	2	312	53	2007	4601
1718	1	1	0	12	2006	56033
1719	1	2	328	12	2009	16354
1720	1	1	326	68	2007	5978
1721	1	1	327	9	2006	0
1722	1	0	0	0	0	0
1723	1	1	0	68	2007	16423
1724	1	2	0	12	2006	51029
1725	1	2	301	0	0	16274
1726	2	1	0	74	2005	18171
1727	1	1	315	9	2009	21716
1728	2	1	0	9	2004	3797
1729	1	1	330	0	2008	16441
1730	1	1	304	27	2009	16269
1731	1	1	0	53	2007	2989
1732	1	2	309	0	0	3632
1733	1	0	0	0	0	0
1734	1	1	291	0	2008	9076
1735	1	1	330	53	2008	52672
1736	1	1	315	7	2008	16265
1737	1	1	291	7	2007	1912
1738	1	2	0	0	2004	0
1739	1	1	0	75	2006	54833
1740	2	1	313	68	2003	17368
1741	1	2	304	68	2008	50089
1742	1	2	304	20	2007	20883
1743	1	2	313	0	0	20960
1744	1	2	315	1	2008	52347
1745	1	1	313	62	2008	3388
1746	2	2	0	23	2005	51526
1747	1	2	291	12	2008	21048
1748	2	0	0	59	2004	9077
1749	1	2	327	29	2006	21271
1750	1	0	0	28	2007	0
1751	2	1	0	27	2005	21402
1752	1	2	327	23	2006	21823
1753	1	2	315	1	2009	51333
1754	1	2	315	53	2008	50118
1755	1	2	328	57	2009	20939
1756	1	1	313	48	2007	15876
1757	1	2	0	66	2006	18158
1758	1	2	304	10	2009	21783
1759	1	1	325	38	2006	17732
1760	1	2	328	53	2009	21056
1761	1	2	304	53	2009	50523
1762	2	2	0	11	2005	21215
1763	1	1	313	0	2009	25278
1764	1	1	315	9	2008	3581
1765	1	1	313	46	2009	50432
1766	1	1	304	0	2009	52711
1767	2	1	0	12	2005	9128
1768	1	2	331	20	2007	9220
1769	1	2	315	28	2009	50069
1770	2	2	0	20	2005	21816
1771	1	2	313	23	2008	50099
1772	1	1	328	17	2009	16451
1773	1	2	326	57	2007	19444
1774	1	2	313	12	2009	2788
1775	1	2	320	62	2006	9256
1776	1	2	297	61	2006	3735
1777	1	1	304	17	2007	17450
1778	1	1	304	22	2009	0
1779	1	1	315	9	2009	9145
1780	1	2	0	54	2005	0
1781	1	2	299	9	2007	16104
1782	2	1	0	9	2005	21094
1783	1	1	327	14	2006	0
1784	1	1	291	0	2008	17885
1785	1	2	0	0	2009	0
1786	1	2	328	78	2006	16049
1787	1	2	314	23	2006	50203
1788	2	1	0	9	2005	21848
1789	1	2	326	1	2007	16210
1790	1	1	315	59	2006	15912
1791	1	1	325	33	2007	24005
1792	2	0	0	16	2004	50655
1793	1	2	313	23	2009	0
1794	1	1	328	63	2009	17792
1795	1	1	291	0	2008	3675
1796	1	1	328	0	2009	3576
1797	1	2	291	26	2008	51247
1798	1	2	328	68	2006	17641
1799	1	2	325	14	2006	0
1800	1	2	328	9	2009	21710
1801	1	2	291	0	2008	50268
1802	1	1	302	21	2009	17454
1803	1	1	0	9	2005	17427
1804	2	2	0	23	2005	17108
1805	2	2	0	14	2005	3842
1806	1	1	328	0	0	9120
1807	1	1	324	74	2007	50438
1808	1	1	323	9	2009	16379
1809	1	1	302	0	2009	16111
1810	1	2	337	34	2006	21294
1811	1	2	0	84	2006	21231
1812	1	2	312	26	2006	17805
1813	1	2	311	1	2006	3240
1814	1	2	315	10	2008	50410
1815	1	2	328	17	2009	3528
1816	1	2	304	1	2007	19445
1817	2	1	0	30	2005	50383
1818	1	1	304	59	2009	0
1819	1	1	0	33	2006	0
1820	2	1	0	26	2003	0
1821	1	2	328	0	2009	15996
1822	1	2	312	20	2006	16117
1823	1	1	328	0	2009	16327
1824	1	2	328	17	2009	16176
1825	2	1	0	27	2005	21800
1826	1	2	328	0	2009	21083
1827	2	1	0	26	2005	50074
1828	1	0	0	0	0	0
1829	1	2	309	12	2005	2054
1830	1	2	313	68	2008	2355
1831	2	2	0	46	2005	25495
1832	1	1	313	0	2009	2228
1833	1	2	328	16	2008	19942
1834	2	1	0	46	2005	52016
1835	1	2	313	28	2009	56203
1836	1	1	304	33	2009	3835
1837	1	1	304	22	2007	8998
1838	2	1	0	38	2005	9234
1839	1	2	291	46	2008	0
1840	1	1	298	36	2004	3172
1841	1	1	0	68	2007	20603
1842	1	2	304	28	2008	21566
1843	2	1	0	7	2004	0
1844	2	1	0	14	2005	55517
1845	3	1	0	10	0	5679
1846	1	1	304	45	2007	52788
1847	1	1	0	68	2006	16353
1848	2	1	0	7	2005	16262
1849	2	1	0	74	2005	51074
1850	1	2	313	57	2009	0
1851	1	2	322	61	2006	0
1852	2	1	0	53	2005	15991
1853	1	1	304	14	2009	21122
1854	2	2	0	53	2005	3632
1855	1	1	0	7	2008	50173
1856	1	2	313	0	2009	21374
1857	1	1	298	53	2007	17934
1858	2	1	318	54	2005	26517
1859	2	1	0	16	2004	20871
1860	1	1	313	9	2008	21001
1861	1	2	321	54	2006	15959
1862	2	1	300	53	2005	6399
1863	1	2	0	68	2007	21629
1864	1	2	315	26	2006	51250
1865	1	1	325	68	2008	21323
1866	2	2	0	62	2005	3675
1867	1	1	328	46	2009	2905
1868	1	1	315	57	2006	0
1869	1	2	0	23	2006	16448
1870	1	2	0	9	2006	50042
1871	1	2	306	57	2007	20965
1872	1	1	323	68	2009	54222
1873	1	2	291	53	2008	16240
1874	1	2	0	12	2008	5008
1875	1	2	312	1	2007	9157
1876	1	1	313	20	2008	8830
1877	1	1	293	9	2006	9492
1878	1	1	328	10	2009	21320
1879	1	1	321	27	2006	50033
1880	1	1	328	0	2009	50525
1881	2	1	300	0	2004	20898
1882	1	2	0	26	2005	50036
1883	2	1	0	53	2005	16112
1884	1	2	304	81	2009	16265
1885	1	1	0	6	2006	0
1886	1	1	300	9	2007	20958
1887	1	2	0	20	2008	50988
1888	2	2	0	0	0	3748
1889	1	2	313	57	2009	54126
1890	1	1	323	10	2008	21153
1891	1	2	304	0	2008	54666
1892	1	1	326	23	0	12337
1893	2	2	312	23	2003	17280
1894	2	2	306	26	2005	21729
1895	2	1	0	0	2005	21580
1896	1	2	315	46	2009	0
1897	1	1	330	30	2007	8959
1898	2	1	326	23	2005	22234
1899	1	1	326	5	2008	16414
1900	1	1	326	14	2008	16942
1901	1	2	313	14	2009	50913
1902	1	0	0	0	0	3632
1903	1	2	315	0	2008	50024
1904	2	1	300	68	2004	9579
1905	1	2	313	1	2009	17885
1906	2	1	0	14	2005	0
1907	1	2	325	57	2007	16421
1908	1	1	313	26	2008	20924
1909	1	2	314	28	2007	9157
1910	2	1	0	0	2004	9073
1911	2	1	300	0	2004	3769
1912	1	2	306	1	2005	9045
1913	2	0	0	60	2004	0
1914	1	2	296	9	2009	9313
1915	1	1	313	59	2009	56470
1916	1	2	313	0	2009	7831
1917	2	2	0	12	2004	16091
1918	1	1	304	0	2009	2674
1919	1	1	291	45	2008	52532
1920	1	2	302	16	2009	21556
1921	2	1	0	9	2005	21007
1922	2	1	324	9	2005	3602
1923	1	2	0	76	2007	16274
1924	1	2	302	0	2009	3749
1925	2	0	0	53	2005	53659
1926	1	1	0	7	2006	16124
1927	2	2	0	12	2005	16170
1928	1	1	294	63	2007	9080
1929	2	1	0	30	2005	21819
1930	1	2	291	81	2008	17060
1931	2	2	0	26	2005	9073
1932	1	2	327	67	2007	50464
1933	1	1	337	5	2007	16354
1934	1	2	0	63	2008	16432
1935	1	2	328	0	2009	16043
1936	1	1	324	20	2007	50597
1937	2	1	0	46	2005	15912
1938	1	2	339	26	2008	23858
1939	2	1	290	12	2005	0
1940	1	2	309	26	2006	21621
1941	1	1	315	82	2009	16265
1942	1	2	340	57	2007	17939
1943	1	1	324	9	2006	53135
1944	2	2	0	68	2003	3675
1945	1	1	304	59	2009	24456
1946	1	1	328	9	2009	52806
1947	1	1	313	9	2009	52016
1948	1	0	314	17	2006	16418
1949	2	2	0	16	2005	17402
1950	1	1	0	16	2006	53132
1951	1	1	328	46	2009	50509
1952	2	2	0	0	0	0
1953	1	2	325	54	2006	21213
1954	2	1	0	33	2005	8999
1955	1	2	304	53	2007	20967
1956	1	2	314	26	2005	21729
1957	1	0	0	0	0	0
1958	1	0	0	68	2006	16484
1959	2	2	312	16	2005	11067
1960	1	1	304	84	2009	17888
1961	1	1	328	0	2009	16422
1962	1	2	314	28	2007	52168
1963	1	2	328	0	2009	60263
1964	1	1	0	20	2006	25111
1965	2	2	0	23	2005	16112
1966	2	2	0	1	2005	18939
1967	1	1	336	74	2005	9063
1968	1	1	302	9	2009	16329
1969	1	1	315	9	2008	20924
1970	2	1	298	9	2004	50368
1971	1	2	311	68	2007	16241
1972	1	2	301	26	2006	50151
1973	1	1	0	46	2007	16090
1974	1	1	291	32	2008	19444
1975	2	2	0	53	2005	54006
1976	1	1	315	74	2008	21742
1977	1	1	291	63	2008	9148
1978	1	1	291	0	2008	3684
1979	1	2	328	0	2008	14229
1980	1	1	322	5	2006	52989
1981	2	1	0	63	2005	3735
1982	1	1	0	26	2007	0
1983	1	1	313	17	2009	17450
1984	1	1	0	0	2007	2228
1985	1	1	323	57	2008	21183
1986	2	1	0	17	2005	21799
1987	1	1	0	75	2007	16400
1988	1	2	315	0	0	50373
1989	1	1	0	53	2007	16414
1990	1	2	313	20	2009	16502
1991	1	2	328	53	2009	54515
1992	1	1	315	9	2009	53401
1993	1	2	0	24	2005	0
1994	1	0	328	23	2007	16507
1995	1	2	315	57	2008	3544
1996	1	0	327	16	2006	50899
1997	1	2	325	45	2006	16219
1998	1	2	291	53	2007	3683
1999	1	2	291	26	2007	3576
2000	1	1	313	46	2009	2561
2001	1	2	313	1	2009	16396
2002	1	1	315	0	2008	16756
2003	2	2	327	57	2005	19075
2004	2	0	0	0	2001	0
2005	1	1	313	31	2009	50218
2006	1	1	294	53	2007	50207
2007	1	1	313	53	2009	21436
2008	1	2	0	28	2006	21101
2009	2	1	0	16	2005	25426
2010	1	2	328	57	2009	53379
2011	1	2	302	12	2009	3791
2012	1	1	326	75	2006	3549
2013	1	0	0	0	2006	16141
2014	1	0	0	0	0	0
2015	1	1	323	4	2008	16229
2016	1	1	315	30	2006	21019
2017	1	1	291	14	2008	21079
2018	1	2	0	0	2008	16851
2019	1	2	323	0	2008	20927
2020	1	1	324	7	2007	16440
2021	1	2	302	57	2009	16243
2022	1	1	328	28	2006	17316
2023	1	0	327	0	0	16227
2024	2	0	0	53	2005	17714
2025	1	1	0	74	2006	17885
2026	1	1	326	22	2007	18129
2027	1	1	326	7	2008	3575
2028	1	2	325	34	2008	50353
2029	1	2	296	26	2009	52899
2030	1	2	296	81	2008	17886
2031	2	0	0	0	2004	0
2032	1	2	323	14	2008	21146
2033	1	1	336	76	2008	3622
2034	1	1	313	68	2009	6138
2035	1	2	0	26	2006	3576
2036	2	1	0	30	2005	20874
2037	1	1	337	40	2008	52846
2038	1	2	328	0	2009	2355
2039	1	1	325	17	2007	21355
2040	2	1	0	37	2005	50001
2041	1	0	0	0	0	0
2042	2	1	0	1	2004	9076
2043	1	1	0	1	2006	16390
2044	1	2	315	12	2008	5488
2045	1	2	315	20	2009	0
2046	1	1	313	4	2009	15894
2047	1	1	291	9	2008	17876
2048	1	1	304	30	2007	17986
2049	1	2	322	45	2006	3580
2050	2	1	0	34	2005	17264
2051	1	1	291	27	2008	15917
2052	1	2	315	63	2007	17949
2053	1	2	301	9	2007	16141
2054	1	1	324	26	2007	16327
2055	1	1	328	0	2009	50410
2056	1	2	306	57	2007	21737
2057	1	2	304	26	2009	51076
2058	1	2	291	53	2008	20948
2059	1	2	340	20	2007	21817
2060	2	2	0	53	2004	15981
2061	1	1	302	18	2009	21083
2062	1	2	328	17	2009	16429
2063	2	1	0	68	2005	50138
2064	2	2	0	5	2005	0
2065	1	2	310	30	2006	9282
2066	1	0	326	28	2008	21740
2067	1	2	0	0	0	3564
2068	3	0	291	24	2008	50381
2069	1	2	0	9	2008	50573
2070	1	2	323	20	2009	20889
2071	1	1	0	0	2009	0
2072	1	1	327	20	2008	20949
2073	1	2	328	0	2009	16764
2074	2	1	0	64	2005	16525
2075	1	1	313	10	2008	50211
2076	1	1	328	1	2009	21612
2077	1	1	327	38	2007	19785
2078	1	1	315	0	2008	16794
2079	1	1	326	0	2008	3544
2080	1	2	313	0	2009	21036
2081	1	1	317	68	2008	2355
2082	1	1	313	9	2008	9094
2083	1	0	327	62	2006	0
2084	1	1	302	0	2009	16230
2085	1	2	332	63	2008	51416
2086	1	1	291	0	2008	16396
2087	1	1	302	0	2008	2422
2088	1	1	336	46	2005	0
2089	1	2	302	0	2009	19383
2090	1	2	317	57	2008	18083
2091	1	1	329	27	2008	3556
2092	1	1	330	53	2007	2355
2093	1	1	0	0	0	0
2094	2	1	0	9	2005	50022
2095	2	1	0	9	2005	9321
2096	1	2	328	0	2009	9077
2097	1	2	304	28	2006	16089
2098	1	1	315	68	2007	51405
2099	1	1	317	68	2008	3633
2100	2	2	0	28	2004	16397
2101	2	1	327	68	2004	21118
2102	1	1	318	21	2006	20958
2103	1	1	323	0	2009	17343
2104	1	2	304	16	2009	16228
2105	1	1	313	0	2009	9078
2106	1	1	291	23	2006	12337
2107	1	1	304	0	2008	16158
2108	1	1	304	54	2008	16742
2109	1	1	0	54	2006	9765
2110	1	2	311	68	2007	9077
2111	1	2	328	0	2008	3574
2112	1	0	0	53	2007	15996
2113	1	2	304	9	2008	10596
2114	1	2	309	56	2006	16046
2115	2	2	299	53	2004	50212
2116	1	1	0	0	2010	0
2117	1	1	328	0	2009	9780
2118	1	2	302	16	2009	21323
2119	1	1	302	33	2008	50319
2120	2	2	0	6	2005	18071
2121	2	0	307	7	2005	0
2122	1	2	291	53	2006	17779
2123	1	1	315	0	2009	16159
2124	1	1	328	0	2009	3544
2125	2	1	0	28	2005	0
2126	2	0	0	7	2005	50502
2127	1	2	0	38	2006	25843
2128	1	1	325	14	2007	0
2129	1	2	302	51	2009	50013
2130	1	2	330	28	2007	50507
2131	1	1	0	46	2006	3151
2132	1	2	304	9	2009	17396
2133	1	2	305	23	2006	8925
2134	1	2	0	74	2005	9023
2135	1	1	291	0	2008	50830
2136	1	2	328	26	2005	21127
2137	1	2	309	1	2007	15917
2138	1	2	312	57	2006	3581
2139	2	2	0	29	2005	17870
2140	1	1	328	61	2006	0
2141	1	1	0	30	2007	17715
2142	1	2	304	45	2007	3788
2143	2	2	309	26	2005	16243
2144	1	1	315	9	2009	3564
2145	1	1	0	36	2007	9214
2146	1	1	328	12	2009	19095
2147	2	1	0	53	2005	16274
2148	2	2	0	29	0	21138
2149	1	0	0	0	0	0
2150	1	2	312	29	2007	21664
2151	1	1	291	26	2008	16353
2152	1	2	315	12	2008	51849
2153	1	1	315	12	2009	50578
2154	1	0	0	26	2006	0
2155	1	2	315	57	2008	54563
2156	1	1	328	9	2009	21300
2157	1	2	291	0	2008	20844
2158	2	0	0	0	0	0
2159	1	1	328	0	2009	50006
2160	1	1	304	26	2007	2228
2161	1	1	328	0	2009	21444
2162	1	1	328	75	2009	57435
2163	1	2	302	45	2009	50157
2164	1	2	328	0	2008	50343
2165	1	2	326	4	2008	17115
2166	1	1	300	57	2006	20930
2167	1	2	314	28	2007	16378
2168	1	2	336	16	2008	21819
2169	1	2	0	0	2005	17454
2170	1	2	310	16	2007	21338
2171	1	1	315	12	2009	20838
2172	1	1	291	26	2008	53467
2173	1	1	315	0	2009	16356
2174	1	1	291	7	2008	17340
2175	1	2	328	0	2009	21078
2176	1	1	325	0	2008	24999
2177	1	1	328	16	2007	20935
2178	1	2	328	20	0	0
2179	1	2	313	0	2009	3565
2180	2	2	0	16	2005	21006
2181	1	0	317	45	2007	3021
2182	1	2	313	12	2009	1936
2183	2	1	0	9	2005	21720
2184	1	2	315	1	2008	21292
2185	1	1	0	26	2006	17887
2186	1	2	315	57	2009	21411
2187	2	2	0	26	2005	0
2188	1	1	0	27	2008	9720
2189	1	2	0	57	2008	50002
2190	1	1	326	9	2007	17448
2191	1	2	304	0	2008	50319
2192	2	0	0	1	2005	53663
2193	1	2	315	28	2008	21715
2194	1	1	0	33	2006	2355
2195	1	1	304	7	2006	50865
2196	1	2	315	26	2008	17344
2197	1	1	328	20	2007	9533
2198	1	1	293	68	2006	1933
2199	1	1	291	0	2008	17537
2200	1	1	315	26	2006	21022
2201	1	0	0	0	0	0
2202	1	1	313	20	2007	52757
2203	1	2	326	46	2006	21794
2204	1	1	330	46	2008	0
2205	1	1	323	30	2007	21542
2206	1	1	319	9	2007	17636
2207	1	2	315	19	2008	3681
2208	1	1	315	30	2007	50419
2209	1	2	0	1	2006	9603
2210	1	2	301	81	2007	52899
2211	2	2	299	26	2005	8989
2212	1	1	304	9	2009	3737
2213	2	2	299	20	2004	21764
2214	1	0	0	46	2007	0
2215	1	2	328	0	2008	0
2216	4	2	0	0	0	15966
2217	1	2	328	29	2009	3528
2218	1	1	304	66	2008	4094
2219	1	2	302	1	2007	51465
2220	2	1	331	4	2005	6224
2221	1	0	304	53	2009	16924
2222	1	1	326	0	2008	21829
2223	1	2	325	16	2007	17242
2224	1	1	329	54	2008	16032
2225	1	2	328	62	2006	21366
2226	1	2	304	0	2009	50310
2227	2	0	0	0	0	21443
2228	2	1	0	9	2005	17042
2229	2	2	312	12	2005	54563
2230	1	0	0	0	0	0
2231	1	2	312	28	2007	0
2232	1	1	313	34	2009	9097
2233	1	1	339	1	2008	21009
2234	1	1	291	14	2008	21383
2235	1	1	294	5	2006	50100
2236	1	2	296	53	2008	0
2237	1	2	326	9	2008	16440
2238	1	2	339	57	2008	21119
2239	1	1	317	0	2008	50863
2240	1	2	302	62	2009	3780
2241	1	1	0	27	2006	17049
2242	1	1	315	0	2008	18051
2243	2	1	0	9	2005	25084
2244	1	1	313	4	2009	50192
2245	1	1	291	0	2008	16138
2246	2	2	0	16	2005	21761
2247	1	1	328	75	2007	50073
2248	1	2	328	9	2009	17870
2249	1	1	336	77	2008	50419
2250	1	1	327	0	2008	16240
2251	1	2	315	12	2008	16043
2252	1	1	313	0	2009	50075
2253	1	1	315	1	2009	21292
2254	2	1	0	46	2004	2152
2255	1	2	0	57	2006	0
2256	1	1	291	26	2007	9385
2257	1	1	0	16	2006	25279
2258	1	1	325	10	2007	53329
2259	1	2	315	9	2009	3576
2260	1	1	0	20	2006	17528
2261	1	2	313	16	2009	20948
2262	1	1	323	9	2009	21686
2263	1	2	302	0	2009	24981
2264	1	1	314	7	2007	50553
2265	1	1	317	63	2008	21183
2266	1	2	328	53	2007	18245
2267	1	1	317	9	2007	20924
2268	1	1	328	53	2009	54563
2269	1	2	311	9	2006	21315
2270	1	1	304	9	2009	50335
2271	1	2	321	1	2006	18084
2272	1	2	0	0	2007	1924
2273	1	2	313	23	2008	17907
2274	1	2	0	20	2007	52840
2275	1	2	332	63	2007	50011
2276	1	2	322	26	2006	51778
2277	1	1	324	63	2006	2490
2278	2	2	0	53	2004	3871
2279	1	1	300	12	2007	50223
2280	1	2	312	20	2007	15985
2281	1	1	323	0	2009	3675
2282	1	2	315	26	2008	0
2283	1	2	291	26	2008	21549
2284	1	1	326	46	2007	25399
2285	2	1	0	30	2005	18233
2286	2	2	0	26	2003	0
2287	1	1	324	53	2006	53112
2288	2	1	0	7	2005	0
2289	1	1	313	9	2007	3797
2290	1	1	291	68	2008	3675
2291	1	1	0	53	2006	21710
2292	1	1	324	80	2007	50025
2293	1	1	0	68	2006	11872
2294	1	2	325	30	2006	50115
2295	1	2	304	53	2008	17888
2296	1	1	324	0	2006	3735
2297	1	2	304	9	2008	9211
2298	1	1	304	23	2009	16049
2299	1	2	305	53	2005	16414
2300	1	2	323	57	2008	16404
2301	1	2	315	23	2007	21252
2302	1	2	0	53	2006	21778
2303	1	2	0	14	2008	50271
2304	1	1	315	1	2007	21725
2305	2	1	0	74	2004	16077
2306	1	2	0	79	2008	21268
2307	1	1	315	0	2008	50046
2308	1	1	292	76	2007	50929
2309	1	1	315	63	2008	16120
2310	1	2	299	7	2007	50165
2311	1	1	315	46	2009	17352
2312	1	1	302	29	2009	9290
2313	1	1	0	51	2007	9000
2314	1	2	310	23	2008	16112
2315	1	1	332	30	2007	50204
2316	1	2	326	53	2008	50013
2317	1	0	291	0	2008	53663
2318	1	1	0	46	2006	8857
2319	2	0	0	0	2005	16487
2320	1	2	302	0	2009	50070
2321	1	1	318	20	2008	3754
2322	1	1	329	0	2008	21053
2323	1	1	317	0	2008	17290
2324	1	1	0	26	2006	16049
2325	1	2	327	17	2006	23383
2326	1	2	302	10	2009	15886
2327	1	1	302	65	2008	3544
2328	1	2	315	0	2009	21328
2329	1	1	0	26	2006	50975
2330	2	1	293	68	2005	15987
2331	1	1	0	46	2006	8999
2332	1	2	0	26	2006	50001
2333	1	2	313	23	2009	16212
2334	1	1	324	63	2006	16235
2335	2	2	0	21	2005	0
2336	1	1	326	26	2008	21156
2337	1	2	315	0	2008	9480
2338	1	1	337	0	2008	2381
2339	1	1	304	68	2009	3586
2340	2	2	0	14	2005	20919
2341	1	2	315	68	2009	25086
2342	2	0	0	0	0	0
2343	1	1	0	64	2007	50360
2344	1	1	326	0	2008	17932
2345	1	1	304	53	2008	25278
2346	1	1	325	68	2007	9570
2347	1	2	315	12	2008	0
2348	2	2	0	16	2004	21846
2349	1	2	291	0	2008	21626
2350	1	2	315	0	2009	21180
2351	1	1	0	27	2006	51030
2352	1	1	328	33	2009	18002
2353	1	1	0	30	2007	16438
2354	1	1	326	9	2007	17690
2355	1	1	313	5	2009	16208
2356	1	2	334	26	2007	50400
2357	1	1	304	18	2009	16243
2358	1	2	304	0	2009	17672
2359	1	2	301	24	2010	16429
2360	1	1	0	53	2006	3558
2361	1	1	0	62	2008	21351
2362	1	1	0	16	2007	50466
2363	2	1	319	16	2005	21850
2364	1	2	0	12	2006	21703
2365	1	1	304	12	2009	50307
2366	1	1	304	36	2007	53720
2367	1	2	0	61	2008	2813
2368	1	1	313	17	2008	21334
2369	1	1	328	68	2009	50075
2370	5	2	0	20	0	21362
2371	1	1	328	14	2009	21055
2372	1	1	323	45	2006	21704
2373	1	2	326	17	2008	21417
2374	1	2	291	57	2008	21315
2375	1	2	314	45	2006	50025
2376	1	2	302	57	2009	16234
2377	1	2	325	53	2007	21270
2378	1	1	318	30	2008	53132
2379	1	2	330	17	2008	21146
2380	2	1	0	9	2005	3602
2381	1	2	291	17	2007	53092
2382	1	1	325	10	2007	2903
2383	1	0	0	0	0	55170
2384	1	0	0	0	0	0
2385	1	1	291	0	2008	3284
2386	1	2	313	29	2009	3762
2387	1	0	0	0	0	0
2388	1	2	326	53	2007	16161
2389	1	1	325	10	2007	21155
2390	1	1	324	68	2007	50502
2391	5	2	0	57	2004	0
2392	1	1	326	34	2006	3654
2393	1	1	336	30	2007	16490
2394	1	1	304	62	2008	16507
2395	2	2	0	57	2005	15989
2396	1	2	315	51	2008	8875
2397	1	0	326	74	2008	2823
2398	1	0	291	11	2008	0
2399	2	1	315	46	2004	3735
2400	1	1	324	63	2006	16282
2401	1	2	304	29	2009	15949
2402	1	2	315	0	2008	21715
2403	1	2	339	35	2008	21445
2404	1	2	296	57	2009	50611
2405	1	1	324	68	2007	16127
2406	1	2	315	9	2008	21339
2407	1	2	320	20	2006	21740
2408	1	1	304	0	2009	19776
2409	1	1	328	12	2009	52104
2410	1	2	323	57	2009	16530
2411	1	2	291	53	2008	17886
2412	2	1	0	32	2004	0
2413	1	1	332	34	2008	50425
2414	1	2	291	77	2008	19033
2415	1	1	0	36	2006	17641
2416	1	2	304	26	2006	1736
2417	1	1	315	68	2008	3580
2418	2	2	339	26	2003	0
2419	1	2	0	53	2006	21078
2420	1	1	326	17	2006	9557
2421	1	1	304	9	2009	3775
2422	1	1	315	27	0	16268
2423	1	2	294	23	2007	52583
2424	1	1	304	46	2006	50023
2425	1	1	315	5	2007	21781
2426	1	2	0	28	2006	50241
2427	1	2	317	23	2007	22200
2428	1	1	328	27	2009	16004
2429	1	2	304	20	2009	50726
2430	1	2	328	0	2009	21629
2431	1	1	339	54	2008	9078
2432	2	2	0	14	2004	51177
2433	2	0	0	0	0	0
2434	1	1	304	14	2007	20876
2435	1	2	315	26	2008	0
2436	1	1	0	53	2006	16124
2437	1	2	299	63	2006	53819
2438	1	2	0	26	0	3299
2439	1	2	325	16	2007	16265
2440	1	2	339	28	2008	21048
2441	1	1	323	53	2009	9802
2442	1	1	304	68	2008	9046
2443	1	1	296	63	2008	9252
2444	2	2	0	26	2005	21547
2445	1	2	309	12	2006	6475
2446	5	2	0	14	2006	21083
2447	2	2	305	53	2005	17137
2448	1	1	0	17	2006	51060
2449	1	2	309	45	2010	16159
2450	1	1	291	18	2007	3172
2451	1	1	339	9	2008	21074
2452	1	1	324	53	2007	21629
2453	2	1	0	0	2004	21728
2454	1	1	324	14	2007	17240
2455	1	2	313	38	2008	3812
2456	1	1	323	12	2009	50760
2457	1	1	0	36	2006	50660
2458	1	2	304	57	2008	21548
2459	1	1	328	9	2009	3754
2460	1	2	0	9	2006	16378
2461	1	2	315	12	2008	50025
2462	1	1	0	57	2007	21315
2463	1	1	0	46	2006	52591
2464	2	1	307	0	2004	16385
2465	2	1	0	27	2005	3658
2466	1	1	315	74	2006	9191
2467	1	2	305	26	2007	0
2468	1	1	0	68	2007	0
2469	1	1	323	0	2009	17305
2470	1	1	324	59	2007	3754
2471	1	1	291	0	2008	50058
2472	1	1	315	1	2006	21640
2473	1	1	304	33	2005	50207
2474	1	1	0	63	2005	0
2475	1	2	328	0	2008	0
2476	1	2	328	23	2009	0
2477	1	2	328	9	2009	20967
2478	1	2	321	1	2006	9283
2479	1	2	326	0	2008	9763
2480	1	2	313	23	2009	53344
2481	1	2	328	23	2009	21167
2482	1	1	300	9	2007	1870
2483	1	1	317	33	2007	52591
2484	1	1	339	51	2007	51934
2485	2	1	0	27	0	9328
2486	1	1	0	27	2007	15890
2487	1	2	291	9	2008	21549
2488	1	1	328	0	2009	15903
2489	1	1	0	0	2007	50507
2490	1	1	290	45	2007	16202
2491	1	1	313	0	2008	2868
2492	1	2	328	9	2006	16437
2493	1	2	315	12	2008	3656
2494	2	1	322	57	2005	20924
2495	1	1	0	63	2007	1996
2496	1	2	315	53	2006	50470
2497	1	2	323	27	2009	6561
2498	2	1	0	4	2005	50173
2499	2	1	0	0	2005	50070
2500	1	2	320	59	2007	16808
2501	1	1	313	23	2009	1912
2502	2	0	0	0	0	0
2503	1	2	0	55	0	0
2504	1	0	0	61	2007	16024
2505	1	1	304	17	2008	21007
2506	1	1	0	1	2007	15996
2507	1	1	0	72	2006	21612
2508	1	2	321	23	2008	19095
2509	1	2	315	12	2008	0
2510	1	1	315	25	2008	17388
2511	1	2	313	57	2008	21531
2512	1	2	291	26	2008	15987
2513	2	1	298	74	2005	17031
2514	1	1	0	30	2006	16397
2515	1	1	291	0	2008	50081
2516	2	1	300	53	2004	0
2517	1	2	315	28	2008	21268
2518	1	2	0	26	2007	5486
2519	2	2	301	28	2005	15996
2520	1	2	309	0	2006	21621
2521	1	2	328	1	2009	7287
2522	1	1	327	54	2006	2247
2523	1	2	302	0	2009	3649
2524	1	1	325	0	2008	0
2525	2	2	0	23	2005	21259
2526	1	1	307	1	2007	3632
2527	1	0	0	68	2007	17287
2528	2	1	0	9	2005	50419
2529	1	1	320	30	2007	50070
2530	1	2	306	53	2007	21238
2531	1	1	0	46	2006	0
2532	1	1	323	9	2009	17968
2533	2	1	0	46	2005	17715
2534	1	2	304	0	2009	0
2535	5	1	0	68	2006	0
2536	1	1	324	27	2007	16385
2537	1	0	0	26	2007	0
2538	1	2	304	28	2009	50147
2539	1	1	321	74	2006	21242
2540	2	2	299	26	2005	18118
2541	1	1	0	68	2006	9292
2542	1	2	315	0	2008	16117
2543	1	1	302	29	2009	16268
2544	1	1	304	4	2007	9563
2545	1	2	317	9	2008	21005
2546	2	2	0	16	2005	16265
2547	2	1	0	68	2005	0
2548	1	2	311	9	2006	3389
2549	1	2	315	10	2008	17191
2550	1	2	327	20	2007	21027
2551	1	1	302	10	2009	20838
2552	1	2	291	68	2008	17031
2553	1	0	0	0	0	0
2554	1	1	320	5	2006	19070
2555	1	1	330	4	2007	21473
2556	1	2	291	1	2008	16313
2557	2	2	305	53	2005	3523
2558	1	1	0	53	2007	17238
2559	2	2	306	20	2005	16265
2560	2	1	0	1	2004	21722
2561	1	2	336	59	2007	20853
2562	1	1	328	67	2009	2277
2563	2	2	305	28	2003	18041
2564	1	1	0	46	2006	18099
2565	1	1	304	1	2009	21760
2566	2	1	0	20	2005	0
2567	1	1	304	0	2009	9757
2568	1	1	325	63	2008	3599
2569	1	2	0	12	2005	53433
2570	3	2	0	16	0	0
2571	2	1	0	68	2005	21618
2572	1	1	0	26	2005	9753
2573	1	1	326	27	2007	51339
2574	1	2	304	29	2009	9157
2575	1	2	313	0	2009	16161
2576	1	1	328	9	2009	53092
2577	1	1	0	6	2006	50089
2578	2	1	298	45	2004	50029
2579	2	1	319	28	2005	21323
2580	1	1	313	51	2009	6159
2581	1	2	314	57	2006	17253
2582	1	2	335	23	2007	15989
2583	1	1	318	27	2006	16030
2584	2	2	299	20	2005	16274
2585	2	1	0	30	2003	50985
2586	1	1	315	0	2009	25084
2587	1	2	315	0	2009	9214
2588	2	1	0	9	2004	21366
2589	2	1	0	17	2005	50133
2590	2	2	0	9	2004	51965
2591	1	1	304	53	2009	16487
2592	2	1	325	17	2005	52591
2593	1	1	339	9	2007	20777
2594	1	1	304	59	2006	21215
2595	2	2	0	12	2005	17934
2596	1	2	304	9	0	21565
2597	1	0	0	53	2007	21068
2598	2	0	300	68	2004	16128
2599	1	2	291	12	2008	51130
2600	2	1	0	68	0	16513
2601	1	1	0	66	2006	50188
2602	1	1	315	0	2009	21653
2603	1	2	302	57	2009	9514
2604	1	1	304	63	2009	21025
2605	2	1	0	46	2005	26129
2606	2	1	0	54	2004	16249
2607	1	2	305	1	2006	21364
2608	1	2	309	16	2006	21037
2609	1	2	327	29	2006	56880
2610	1	1	324	30	2007	16112
2611	1	1	0	24	0	16487
2612	2	1	0	12	2002	22205
2613	1	2	304	28	2008	17047
2614	2	2	0	53	2005	16400
2615	2	1	0	5	2004	16385
2616	1	1	313	18	2008	0
2617	2	1	0	53	2005	16429
2618	1	2	313	16	2009	18088
2619	2	2	0	16	2004	3267
2620	1	2	291	1	2007	16208
2621	1	1	291	9	2008	50529
2622	1	2	315	18	2009	21703
2623	1	1	304	4	2008	3638
2624	1	1	313	29	2009	16510
2625	1	2	0	9	2007	17278
2626	1	2	313	57	2008	58424
2627	1	1	328	14	2008	18989
2628	1	1	334	1	2007	16758
2629	2	1	0	68	2005	16849
2630	1	2	328	12	2009	16068
2631	1	2	291	0	2008	3528
2632	1	1	328	0	2009	25084
2633	2	2	0	30	2005	51553
2634	1	1	0	62	2007	10657
2635	1	1	328	68	2007	53540
2636	1	2	336	57	2008	17842
2637	1	2	325	68	2008	21089
2638	1	1	302	0	2008	17238
2639	1	0	0	1	2007	17682
2640	1	1	328	27	2009	0
2641	1	1	328	0	2009	50319
2642	1	2	313	0	2009	17099
2643	2	0	0	53	2005	21778
2644	2	1	300	12	2004	21816
2645	1	1	319	14	2006	21280
2646	1	1	326	68	2007	0
2647	5	0	0	20	0	16024
2648	1	1	315	0	2008	9220
2649	1	1	328	0	2009	16849
2650	1	1	327	30	2007	51261
2651	1	1	313	9	2008	20846
2652	1	2	0	0	2008	50025
2653	1	1	0	9	2006	3604
2654	2	1	0	0	2004	50985
2655	2	1	0	4	2004	8840
2656	1	2	313	18	2009	50308
2657	1	1	0	63	2006	20924
2658	1	2	315	0	2009	17964
2659	1	2	291	30	2008	3675
2660	1	1	0	26	2006	16256
2661	2	0	0	59	2005	593
2662	1	2	0	53	2006	3528
2663	1	2	315	9	2008	17932
2664	2	2	0	23	2005	17886
2665	2	1	290	53	2005	21128
2666	1	2	315	1	2008	50000
2667	1	2	299	61	2006	2811
2668	1	1	329	68	2008	17329
2669	2	2	304	53	2005	0
2670	1	1	315	63	2008	21607
2671	1	2	315	0	2009	21626
2672	1	2	328	26	2009	16251
2673	2	1	0	12	2005	16117
2674	1	1	324	63	2006	21778
2675	1	1	328	53	2009	21025
2676	1	2	317	22	2006	5221
2677	1	1	292	82	2007	17907
2678	1	2	0	81	2007	50611
2679	2	1	0	0	2004	21534
2680	1	2	309	9	2006	16045
2681	1	2	299	53	2006	50813
2682	1	1	315	0	2008	16274
2683	1	1	328	0	2009	50523
2684	2	1	0	74	2005	21022
2685	1	1	315	7	2008	50165
2686	1	1	0	1	2006	17330
2687	1	2	325	57	2008	17343
2688	1	1	324	0	2007	16043
2689	1	2	0	26	2006	1963
2690	2	2	311	53	2004	17231
2691	1	2	301	40	2006	9765
2692	1	1	329	9	2008	17344
2693	1	1	324	1	2007	16234
2694	1	2	302	12	2009	21686
2695	1	2	313	1	0	18115
2696	1	0	0	0	0	0
2697	1	2	304	26	2007	20947
2698	1	1	327	10	2007	21817
2699	2	2	306	28	2004	9128
2700	1	1	304	12	2009	1894
2701	1	1	328	59	2006	51221
2702	1	1	315	33	2008	16159
2703	1	1	291	10	2008	51624
2704	2	2	0	12	2003	51824
2705	2	2	0	28	2005	9106
2706	1	1	315	0	2009	17887
2707	1	2	313	0	2006	21648
2708	1	1	313	63	2006	53909
2709	1	1	304	4	2007	6208
2710	1	1	323	9	2009	20903
2711	1	2	291	29	2008	17888
2712	1	2	315	0	2008	0
2713	1	1	313	46	2009	51373
2714	1	0	0	26	2006	50070
2715	2	0	0	53	0	4004
2716	1	2	340	54	2007	20852
2717	1	2	310	23	2007	21020
2718	1	0	0	0	0	0
2719	1	2	326	20	2007	21306
2720	1	1	315	0	2009	0
2721	1	1	304	4	2009	9427
2722	1	1	313	34	2008	1302
2723	1	2	304	16	2009	5298
2724	2	1	0	28	2003	16061
2725	1	2	326	62	2007	21083
2726	1	1	336	53	2008	51464
2727	1	1	0	74	2008	21846
2728	1	2	315	1	2006	0
2729	2	2	321	26	2005	21618
2730	1	1	324	68	2006	16245
2731	1	1	295	45	2007	9073
2732	1	1	321	34	2007	0
2733	1	1	329	46	2007	50210
2734	1	2	294	26	2006	51594
2735	1	1	328	0	2009	19517
2736	1	2	318	46	2008	53401
2737	1	1	304	9	2009	9077
2738	2	1	0	28	2005	17712
2739	1	2	0	68	2007	16813
2740	1	1	0	46	2006	25825
2741	1	2	328	74	2007	9168
2742	1	1	325	33	2008	16693
2743	1	1	0	68	2007	21035
2744	1	2	315	26	2009	16070
2745	1	2	304	14	2008	0
2746	2	0	0	62	2004	21581
2747	1	1	320	9	2006	21180
2748	1	1	327	53	2008	21271
2749	1	2	291	53	2007	17886
2750	1	2	0	57	2006	50611
2751	1	1	0	1	2006	21025
2752	1	1	0	53	2007	50319
2753	2	1	0	66	2003	19767
2754	1	1	0	53	2005	50419
2755	1	1	323	9	2009	58623
2756	2	2	311	63	2004	3716
2757	1	2	326	20	2007	53329
2758	1	1	0	4	2007	20898
2759	1	0	0	0	0	3748
2760	1	1	313	46	2008	9228
2761	1	2	328	57	2007	16436
2762	1	2	323	9	2009	0
2763	2	2	328	9	2005	11702
2764	1	2	301	62	2007	8116
2765	1	2	302	63	2007	21534
2766	1	0	330	30	2007	16510
2767	1	2	315	0	2009	21094
2768	1	0	313	16	2008	17107
2769	1	2	291	26	2007	53663
2770	1	1	304	10	2009	50951
2771	1	1	324	5	2007	21268
2772	1	1	304	7	2007	18123
2773	1	1	291	46	2007	19659
2774	2	2	301	68	2005	17456
2775	1	1	328	57	2009	53203
2776	1	2	0	0	2008	50354
2777	1	2	0	9	2007	0
2778	1	2	313	12	2009	8999
2779	1	2	0	74	2006	16807
2780	1	2	315	12	2010	20841
2781	1	2	0	30	2005	21259
2782	2	2	0	53	2005	25116
2783	1	1	0	0	2007	3675
2784	1	1	291	26	2008	9283
2785	1	1	315	17	2008	50865
2786	1	2	327	23	2007	0
2787	1	1	330	46	2008	6280
2788	1	2	315	1	2009	16392
2789	1	2	314	23	2006	54176
2790	1	1	300	53	2006	21531
2791	1	2	303	25	2006	9224
2792	1	2	291	0	2008	50611
2793	1	1	291	26	2008	0
2794	1	1	304	30	2007	16275
2795	1	2	0	14	2006	51074
2796	1	2	336	53	2006	12304
2797	1	2	0	12	2008	52745
2798	1	0	0	0	0	0
2799	1	2	0	20	0	8978
2800	2	2	0	12	2005	16333
2801	1	2	313	23	2009	9588
2802	1	1	339	4	2007	50290
2803	1	2	0	26	0	50079
2804	2	1	316	27	2004	21472
2805	1	1	328	9	2006	21025
2806	1	1	302	0	2009	50203
2807	1	2	315	53	2008	51210
2808	2	2	0	26	2004	0
2809	1	2	323	62	2008	16042
2810	1	2	0	28	2006	21431
2811	1	2	311	27	2006	0
2812	1	2	331	28	2007	10661
2813	1	2	312	63	2006	16251
2814	1	1	315	30	2007	51385
2815	1	2	318	53	2008	16243
2816	2	1	0	23	2005	16265
2817	1	0	315	0	0	9290
2818	1	0	0	0	0	0
2819	1	1	315	0	2008	16043
2820	1	1	290	30	2007	50655
2821	1	1	304	14	2009	16229
2822	2	1	0	53	2004	22205
2823	2	1	307	12	2005	21228
2824	1	1	0	0	2009	50360
2825	1	1	315	27	2006	16396
2826	1	1	328	23	2008	50343
2827	1	1	291	0	2008	25278
2828	2	1	0	63	2004	21374
2829	2	1	0	1	2005	16119
2830	1	1	0	74	2007	3840
2831	1	2	315	17	2009	10147
2832	1	2	328	9	2009	25072
2833	2	1	0	63	2005	50869
2834	1	1	313	26	2009	3273
2835	1	2	315	29	2009	16501
2836	2	1	0	74	2005	16492
2837	1	2	313	0	2009	50786
2838	1	1	315	9	2009	16233
2839	1	2	0	58	2006	24634
2840	2	2	312	62	2005	51289
2841	2	1	0	16	2005	3681
2842	2	2	0	26	2004	50060
2843	1	1	0	63	2006	21145
2844	2	2	0	23	2005	0
2845	1	1	0	9	2007	54563
2846	1	1	324	27	2006	17964
2847	1	2	0	0	0	0
2848	1	2	313	9	2009	17097
2849	1	1	323	30	2007	17475
2850	1	1	328	63	2008	3749
2851	5	2	0	18	2005	21041
2852	2	1	0	68	2005	20949
2853	2	0	0	30	2005	20934
2854	2	2	320	53	2005	51109
2855	1	1	0	46	2007	17888
2856	1	0	0	53	2006	50193
2857	1	1	336	59	2008	16234
2858	1	2	313	16	2009	2856
2859	1	1	0	74	2007	3575
2860	1	2	0	26	2006	9492
2861	1	2	313	53	2009	16486
2862	1	1	304	63	2009	20949
2863	1	2	291	20	2008	9073
2864	1	1	0	53	2007	50046
2865	1	0	0	9	2009	3682
2866	1	2	291	45	2007	16328
2867	1	1	323	45	2009	17715
2868	1	2	297	26	2006	9021
2869	1	1	313	20	2009	9234
2870	1	1	304	16	2009	17833
2871	1	1	313	0	2009	16233
2872	1	1	291	1	2008	20871
2873	1	1	320	61	2006	16088
2874	1	2	315	29	2008	21128
2875	1	1	303	33	2006	0
2876	1	1	0	68	0	17092
2877	1	0	0	0	0	0
2878	1	1	328	75	2009	3716
2879	2	1	307	53	2005	0
2880	1	1	317	53	2007	21172
2881	1	2	323	23	2009	51380
2882	1	1	320	9	2006	0
2883	2	0	0	34	2005	4217
2884	2	1	0	68	2005	17901
2885	1	2	315	0	2008	3749
2886	2	2	0	21	2005	3686
2887	1	1	328	53	2008	17052
2888	1	2	309	26	2005	0
2889	1	1	320	17	2006	21314
2890	1	1	332	68	2008	50975
2891	1	2	304	28	2008	16387
2892	4	2	0	0	2004	0
2893	1	2	328	12	2009	16245
2894	1	2	0	0	2009	58424
2895	1	1	0	53	2006	16381
2896	2	0	0	0	0	0
2897	1	2	0	12	2005	3632
2898	1	2	315	20	2008	50523
2899	1	1	324	6	2007	2355
2900	1	1	325	9	2006	16269
2901	2	2	0	61	2005	51975
2902	1	2	315	57	2008	21146
2903	1	1	336	26	2005	50097
2904	1	2	328	34	2008	3713
2905	1	1	323	0	2009	9434
2906	1	1	0	9	2006	25723
2907	1	2	315	62	2006	21037
2908	1	2	0	57	2007	21508
2909	1	2	291	0	2008	21531
2910	2	2	0	30	2005	23994
2911	1	1	0	53	2007	16008
2912	1	1	307	12	2007	16761
2913	1	2	0	26	2007	16049
2914	1	1	315	27	2008	16124
2915	1	1	313	34	2009	0
2916	1	1	302	53	2009	3749
2917	1	2	0	12	2005	20934
2918	1	1	290	75	2006	0
2919	1	2	324	9	2006	3057
2920	1	2	313	26	2009	16396
2921	1	2	0	54	2007	16171
2922	1	2	320	20	2006	21268
2923	2	2	319	26	2005	21022
2924	1	1	302	0	2009	9224
2925	1	0	305	1	2007	16112
2926	1	1	313	6	2009	3654
2927	1	1	0	53	2006	21730
2928	1	2	315	16	2009	52232
2929	1	1	324	9	2007	18104
2930	5	2	0	17	2006	21705
2931	1	1	304	0	2009	20910
2932	1	1	323	0	2009	50489
2933	1	2	304	0	2009	9285
2934	1	2	326	17	2008	50377
2935	1	2	328	61	2009	3754
2936	1	2	0	1	2007	3749
2937	1	1	329	4	2008	50319
2938	1	2	328	0	2009	21799
2939	1	1	291	53	2008	52806
2940	1	1	328	10	2008	50325
2941	1	2	317	16	2008	21343
2942	2	1	0	27	2005	51030
2943	1	2	328	9	2008	9163
2944	1	2	304	23	2007	50033
2945	1	2	325	63	2006	6655
2946	1	1	323	0	2009	16490
2947	2	0	0	68	0	1996
2948	1	2	319	57	2006	17331
2949	1	2	328	53	2009	4720
2950	1	1	317	68	2008	1667
2951	2	1	0	30	2005	21164
2952	1	0	324	9	2007	21183
2953	1	2	317	54	2007	52583
2954	1	1	328	68	2009	9177
2955	1	1	315	0	2009	16400
2956	1	1	296	27	2008	16141
2957	1	1	328	27	2009	3675
2958	1	1	304	5	2007	18095
2959	1	2	339	57	2008	9404
2960	1	2	315	53	2008	21056
2961	1	2	0	62	2008	52194
2962	1	0	0	0	0	21056
2963	1	1	0	9	2008	50506
2964	1	1	328	38	2008	16353
2965	2	1	0	20	2004	21747
2966	1	2	327	29	2006	21181
2967	1	1	325	68	2007	2247
2968	1	2	291	12	2008	16268
2969	1	2	0	0	0	3716
2970	1	2	302	0	2009	16382
2971	2	1	293	52	1981	16251
2972	1	2	304	16	2008	16365
2973	1	1	291	0	2008	17454
2974	1	1	328	0	2008	50410
2975	1	1	0	30	2008	17343
2976	1	2	327	54	2007	21216
2977	1	1	291	20	2008	3735
2978	2	1	0	21	2003	16208
2979	2	1	0	53	0	16421
2980	1	2	328	63	2009	9757
2981	2	1	0	0	2005	0
2982	1	1	313	0	2009	17886
2983	1	2	0	9	2008	9264
2984	1	1	0	1	2006	9070
2985	1	1	0	68	2008	53663
2986	1	2	328	29	2009	20936
2987	1	1	328	33	2009	16274
2988	1	2	304	17	2008	21686
2989	1	2	304	16	2009	50321
2990	1	1	304	74	2008	21068
2991	1	2	302	0	2009	3737
2992	1	2	304	26	2007	16406
2993	2	2	309	28	2000	50875
2994	1	1	334	12	2007	0
2995	1	2	328	0	2009	3755
2996	1	0	315	0	0	53398
2997	1	1	313	74	2007	3246
2998	1	0	0	38	2007	53693
2999	1	2	313	29	2009	20899
3000	1	2	328	34	2009	3699
3001	1	2	313	26	2009	16251
3002	1	1	313	68	2009	16727
3003	1	2	338	54	2006	50509
3004	2	2	319	28	2005	21271
3005	2	1	0	5	2005	16313
3006	1	1	315	0	2009	20853
3007	1	2	313	20	2009	0
3008	1	2	0	26	0	52104
3009	1	1	0	46	2006	4262
3010	2	1	0	25	2005	8998
3011	1	2	315	23	2009	19785
3012	2	2	0	46	2004	21356
3013	1	1	0	9	2006	3841
3014	1	0	0	63	2007	18028
3015	1	1	0	9	2008	0
3016	2	2	309	26	2005	50892
3017	1	1	324	26	2007	3680
3018	1	2	321	17	2006	16414
3019	1	2	330	0	2008	9326
3020	1	1	313	54	2009	21183
3021	1	1	313	75	2008	54563
3022	1	2	291	62	2008	50024
3023	1	2	339	14	2008	16793
3024	1	2	315	10	2008	21816
3025	1	1	323	46	2008	0
3026	2	1	0	76	2005	50233
3027	1	1	329	1	2008	16032
3028	1	2	291	20	2007	21140
3029	1	2	0	54	2007	16160
3030	1	2	328	57	2007	16070
3031	1	1	328	82	2009	16112
3032	1	1	294	6	2006	17326
3033	2	2	0	53	2005	50235
3034	1	2	313	63	2009	54319
3035	1	2	313	63	2009	52016
3036	1	1	324	68	2007	15943
3037	1	1	328	10	2009	6126
3038	2	1	0	74	2005	17430
3039	1	2	302	28	2009	21342
3040	1	2	313	9	2009	21216
3041	1	1	0	9	2008	16112
3042	1	2	322	63	2007	5978
3043	1	0	315	9	2008	25283
3044	1	1	313	9	2008	593
3045	1	2	291	53	2008	16007
3046	1	1	327	57	2008	19918
3047	1	1	304	0	2009	50184
3048	1	1	0	9	2006	8988
3049	1	1	315	36	2009	16251
3050	1	1	326	34	2006	0
3051	1	2	320	30	2006	21164
3052	2	1	0	28	2005	9150
3053	2	1	0	53	2005	15989
3054	2	2	309	63	2005	3240
3055	2	2	0	45	2005	21118
3056	1	2	291	14	2008	50250
3057	1	0	329	63	2008	50075
3058	2	1	0	53	2005	0
3059	1	1	315	33	2008	9223
3060	1	1	317	0	2008	3612
3061	1	1	327	26	2006	3568
3062	1	2	309	26	2007	3755
3063	1	1	302	68	2009	60879
3064	1	1	320	26	2006	6894
3065	1	2	0	9	2008	21737
3066	1	1	323	9	2008	8905
3067	2	2	0	46	2005	21165
3068	1	1	304	75	2007	21268
3069	1	1	315	27	2009	50240
3070	1	1	0	1	2006	50188
3071	2	1	0	76	2005	21411
3072	1	2	313	29	2009	21846
3073	2	2	0	30	0	0
3074	2	2	310	17	2004	21626
3075	1	1	313	63	2009	21134
3076	1	2	328	75	2008	4639
3077	1	2	315	0	2008	50527
3078	2	1	0	4	2005	16117
3079	1	2	313	57	2008	50852
3080	1	1	323	46	2008	9831
3081	2	2	0	28	2005	52612
3082	1	1	304	17	2006	21268
3083	1	2	313	28	2008	3707
3084	1	1	302	0	2009	50319
3085	1	2	329	12	2008	0
3086	2	1	0	46	2005	52584
3087	1	2	299	1	2007	9586
3088	1	1	315	68	2008	16004
3089	1	2	302	9	2009	56304
3090	2	0	0	53	2005	21300
3091	1	2	301	25	2007	17454
3092	2	1	0	68	2005	21799
3093	1	2	0	0	2008	50582
3094	1	1	0	27	2008	0
3095	2	1	0	46	2005	9067
3096	1	1	315	27	2006	21495
3097	2	2	0	54	1997	0
3098	1	1	328	9	2009	1912
3099	1	2	328	12	2009	3656
3100	1	2	311	20	2006	21737
3101	1	1	0	16	2006	16024
3102	2	1	0	12	2004	21581
3103	1	1	304	33	2009	3586
3104	2	1	0	26	2005	0
3105	1	1	0	9	2006	6159
3106	1	1	0	30	2006	50258
3107	1	2	297	53	2006	14348
3108	2	2	0	0	2005	21037
3109	1	1	291	0	2008	3576
3110	1	2	315	23	2008	50865
3111	2	1	0	56	2004	50864
3112	1	2	301	62	2005	21802
3113	1	1	291	53	2008	0
3114	1	2	291	18	2007	21383
3115	1	1	291	46	2008	25927
3116	1	1	318	68	2006	21334
3117	1	0	0	26	0	17507
3118	1	1	323	36	2008	17047
3119	1	1	313	38	2008	17424
3120	1	1	315	27	2005	0
3121	1	2	320	16	2006	54563
3122	1	2	291	0	2008	15987
3123	1	1	304	9	2009	52492
3124	1	1	329	27	2008	20960
3125	1	2	0	10	2008	21566
3126	1	2	306	57	2006	16243
3127	1	1	304	82	2009	17153
3128	1	2	318	74	2007	18105
3129	1	2	328	30	2009	0
3130	1	1	313	0	2009	3754
3131	1	1	315	38	2009	21785
3132	1	1	319	68	2006	20900
3133	5	1	0	0	0	21219
3134	1	2	314	23	2006	21021
3135	2	2	0	26	2005	3632
3136	1	2	336	57	2007	21053
3137	1	2	291	9	2008	9313
3138	1	0	324	30	2007	17454
3139	1	2	302	0	2009	1935
3140	2	2	312	26	2004	50365
3141	1	2	326	25	2006	20950
3142	2	1	0	26	2004	9496
3143	1	1	323	63	2009	17115
3144	2	2	0	12	2004	51923
3145	1	2	304	20	2008	19710
3146	1	2	0	11	2008	20967
3147	1	1	328	9	2007	21648
3148	1	1	315	16	2008	21479
3149	2	0	0	28	2005	17371
3150	1	2	315	63	2008	21095
3151	1	1	315	9	2009	21411
3152	1	1	313	0	2009	17885
3153	1	1	0	26	2007	16141
3154	1	2	0	26	0	9779
3155	2	1	0	27	2004	16008
3156	1	2	0	53	2006	3502
3157	1	1	304	26	2008	16796
3158	1	1	313	46	2009	5221
3159	1	1	313	68	2009	21436
3160	1	2	291	63	2007	21366
3161	1	2	328	9	2009	3716
3162	2	1	300	0	2004	25081
3163	2	1	0	0	0	0
3164	1	2	313	10	2008	16251
3165	1	1	0	70	2007	16241
3166	1	2	312	53	2007	3755
3167	2	2	299	12	2005	50177
3168	1	1	324	46	2007	21326
3169	1	2	313	46	2009	21268
3170	1	1	0	17	2007	50383
3171	1	2	339	17	2008	9249
3172	1	2	315	12	2009	17097
3173	1	1	315	0	2009	21724
3174	2	1	0	68	2005	16235
3175	1	1	0	0	2010	58424
3176	1	1	294	71	2005	21060
3177	1	2	302	45	2009	9307
3178	1	1	291	9	2007	3651
3179	1	1	313	45	2009	15989
3180	2	2	301	53	2004	17444
3181	1	2	327	17	2007	3716
3182	1	1	325	9	2007	16265
3183	2	2	306	9	2004	21625
3184	1	2	306	1	2006	50410
3185	1	0	0	0	0	0
3186	1	1	313	46	2009	20576
3187	1	2	304	28	2009	16813
3188	1	2	315	29	2009	53909
3189	1	2	327	14	2007	21678
3190	1	2	304	9	2009	15988
3191	1	2	327	29	2008	16140
3192	1	1	315	27	2008	52806
3193	1	2	291	0	2008	20895
3194	1	1	304	46	2008	21445
3195	1	1	315	26	2008	50052
3196	1	2	323	0	2009	21375
3197	1	0	304	22	2007	19049
3198	1	2	328	12	2008	21326
3199	1	2	315	14	2007	21330
3200	2	2	301	9	2005	16153
3201	5	2	0	27	2007	9669
3202	1	2	291	28	2008	21326
3203	1	2	291	57	2007	21560
3204	1	2	291	20	2008	17771
3205	1	1	328	0	2009	17035
3206	1	1	304	27	2008	3769
3207	1	1	329	68	2008	17042
3208	2	1	0	30	2003	0
3209	2	1	0	23	2004	3549
3210	1	1	0	0	2008	16275
3211	1	2	313	29	2009	56304
3212	1	1	327	16	2008	21812
3213	1	1	328	0	2009	50074
3214	1	1	300	68	2006	0
3215	1	1	0	9	2009	16389
3216	1	2	291	29	2008	21315
3217	1	1	328	45	2009	25426
3218	1	2	291	0	2008	21531
3219	1	2	302	57	2009	0
3220	1	1	325	57	2006	52867
3221	1	2	340	29	2007	0
3222	1	2	315	16	2008	24119
3223	2	1	319	12	2005	25278
3224	1	2	336	1	2006	8648
3225	1	1	324	54	2007	16499
3226	2	1	0	9	2005	17278
3227	1	1	329	46	2007	54873
3228	1	1	320	53	2006	20936
3229	1	1	298	20	2007	3576
3230	1	2	315	0	2009	16245
3231	1	2	291	53	2008	16685
3232	1	1	291	68	2007	15989
3233	1	1	325	14	2008	16112
3234	1	2	339	59	2007	17430
3235	1	1	317	17	2008	16049
3236	1	1	315	26	2007	50502
3237	1	2	304	82	2009	0
3238	2	1	0	46	2005	16159
3239	1	2	315	29	2008	50367
3240	1	2	291	0	2008	50062
3241	2	1	0	20	2005	15875
3242	1	2	304	29	2009	3540
3243	1	2	315	0	2009	50152
3244	1	1	313	53	2009	21730
3245	2	1	294	12	2005	16202
3246	2	1	293	33	2005	16399
3247	1	1	304	0	2008	21710
3248	1	0	328	0	2009	1611
3249	1	2	309	54	2007	16761
3250	2	2	0	59	2005	3775
3251	1	2	313	23	2008	53092
3252	1	2	319	77	2007	21796
3253	2	2	0	26	0	0
3254	1	1	291	0	2008	16070
3255	1	1	324	14	2006	9671
3256	2	2	0	29	2004	0
3257	1	1	304	0	2008	3544
3258	1	2	315	0	2008	50123
3259	2	1	0	20	2005	0
3260	1	2	291	68	2007	52660
3261	1	2	315	29	2009	21805
3262	5	2	0	12	2004	16276
3263	1	2	305	68	2006	21457
3264	2	2	301	57	0	0
3265	1	2	323	16	2009	17450
3266	1	2	313	57	2008	17326
3267	1	1	315	63	2008	21799
3268	1	2	320	26	2006	20899
3269	1	1	291	1	2007	3739
3270	1	2	291	10	2007	19556
3271	1	1	0	0	0	21037
3272	1	1	330	9	2008	9290
3273	1	2	0	23	2007	3240
3274	2	1	0	17	2005	21816
3275	1	1	323	7	2009	2422
3276	1	2	312	63	2007	20829
3277	1	2	323	10	2008	55771
3278	1	2	312	1	2007	0
3279	1	1	328	0	2009	16141
3280	1	2	325	17	2006	20859
3281	5	1	293	63	2004	16270
3282	2	1	318	9	2005	20967
3283	2	1	0	36	2005	3581
3284	1	1	315	74	2007	3575
3285	1	2	339	0	2008	18122
3286	1	1	315	1	2008	21318
3287	1	1	326	1	2007	16127
3288	1	2	304	29	2009	3675
3289	1	0	0	36	2006	50892
3290	2	1	0	27	2005	15989
3291	1	1	315	27	2006	3714
3292	1	1	326	54	2006	18123
3293	1	1	313	46	2009	9246
3294	1	1	323	54	2009	9201
3295	1	2	313	20	2008	52104
3296	2	1	0	14	2005	8857
3297	1	2	304	12	2009	17846
3298	3	0	0	16	0	3702
3299	1	1	291	68	2008	50963
3300	1	1	0	68	2006	16233
3301	1	1	323	70	2009	16329
3302	1	1	302	0	2009	16510
3303	1	2	0	26	0	15912
3304	1	2	325	63	2007	17972
3305	1	1	328	54	2009	50213
3306	1	0	0	0	0	17479
3307	1	1	315	0	2009	6399
3308	1	1	330	46	2008	25180
3309	1	1	0	64	2007	50193
3310	1	1	302	68	2009	12337
3311	2	2	0	57	2005	16227
3312	1	1	0	0	2005	20934
3313	4	0	0	0	0	17697
3314	1	1	0	70	2006	50090
3315	2	2	0	12	2005	16274
3316	1	2	299	1	2007	16240
3317	2	2	339	29	2004	53467
3318	1	0	0	0	0	0
3319	1	2	332	68	2008	16265
3320	1	2	317	16	2007	18374
3321	1	1	304	0	2009	50156
3322	1	1	0	68	2007	50074
3323	1	1	315	68	2009	20900
3324	2	2	291	12	2005	3555
3325	1	1	324	46	2007	18086
3326	2	2	0	57	2005	3568
3327	1	1	0	53	2006	17352
3328	1	2	313	69	2008	16024
3329	1	1	315	0	2009	50365
3330	1	1	304	0	2009	2097
3331	1	2	0	0	2007	50353
3332	1	2	0	26	2008	50752
3333	1	2	0	16	2007	3757
3334	2	1	0	9	2004	3827
3335	1	2	313	9	2008	21534
3336	1	1	328	0	2009	21020
3337	1	2	311	0	2006	52984
3338	1	0	0	0	0	0
3339	1	1	291	12	2008	16407
3340	1	1	0	74	2005	19114
3341	1	2	337	17	2008	16497
3342	1	1	304	30	2009	21536
3343	1	1	328	0	2009	3675
3344	1	1	313	16	2009	26325
3345	1	1	328	51	2007	3697
3346	1	1	313	53	2008	3841
3347	1	1	327	4	2006	16353
3348	1	2	321	14	2006	21329
3349	1	1	300	68	2007	15987
3350	1	1	0	30	2007	16230
3351	1	2	328	0	2008	21268
3352	1	1	315	9	0	50063
3353	1	1	304	9	2009	16795
3354	1	1	0	74	2004	25659
3355	1	2	328	61	2008	52526
3356	1	1	0	20	2006	9369
3357	1	2	315	53	2009	50410
3358	1	2	305	9	2007	3685
3359	2	1	0	9	2005	17228
3360	1	1	325	71	2007	9108
3361	5	2	0	16	2007	0
3362	1	2	328	23	2008	16319
3363	1	1	0	63	2006	2152
3364	1	1	329	26	2008	25459
3365	1	0	311	34	2007	20934
3366	1	2	0	0	2006	0
3367	1	1	0	30	2006	21050
3368	1	2	291	53	2008	50070
3369	1	2	302	28	2009	21204
3370	1	2	291	0	2008	16807
3371	2	1	0	68	2005	17540
3372	1	1	318	30	2006	2228
3373	1	1	313	34	2008	16551
3374	1	1	328	0	2009	9292
3375	1	1	326	17	2007	21366
3376	1	1	325	54	2007	9492
3377	1	1	290	68	2007	20960
3378	2	2	0	26	2005	9886
3379	1	1	315	27	2009	52321
3380	1	2	291	45	2007	21029
3381	1	1	323	17	2009	16448
3382	2	1	0	53	2005	16062
3383	1	1	315	17	2009	10531
3384	1	1	313	0	2009	2561
3385	1	2	291	26	2008	6399
3386	1	2	310	16	2006	52104
3387	1	2	291	23	2007	21669
3388	1	2	325	23	2007	0
3389	1	1	315	9	2009	0
3390	1	0	0	0	0	0
3391	1	2	313	78	2007	58424
3392	1	2	309	9	2007	16159
3393	1	1	313	9	2009	3827
3394	2	2	299	11	2004	9021
3395	1	2	307	10	2007	0
3396	1	0	0	53	2006	0
3397	1	2	315	9	2008	9415
3398	1	1	325	53	2006	21473
3399	2	1	293	0	2005	50173
3400	1	0	291	0	2007	9434
3401	1	1	0	68	2007	16381
3402	1	1	326	7	2008	50002
3403	2	1	0	0	2003	3632
3404	1	1	0	45	2006	50863
3405	1	1	313	0	2009	21669
3406	1	1	0	26	2006	9263
3407	2	2	0	28	2005	0
3408	1	2	315	0	2008	16274
3409	1	2	315	23	2007	20838
3410	2	1	300	12	2004	16138
3411	1	1	0	26	2006	21134
3412	1	1	0	9	2007	20846
3413	1	2	313	0	2009	16251
3414	1	1	324	12	2007	25070
3415	1	2	328	29	2009	16499
3416	1	2	313	0	2008	9365
3417	1	2	302	30	2007	16794
3418	5	0	0	9	2005	21038
3419	1	0	0	0	0	0
3420	1	1	315	77	2008	50523
3421	1	2	0	63	2006	50156
3422	1	2	328	0	2008	0
3423	1	1	0	1	2006	21779
3424	1	1	0	20	2006	20936
3425	1	2	0	30	2007	17079
3426	1	1	313	27	2009	0
3427	1	2	313	57	2008	9780
3428	1	2	327	0	2008	50326
3429	1	2	336	38	2006	0
3430	1	1	0	68	2005	50410
3431	1	2	304	30	2009	16455
3432	1	1	324	68	2007	50319
3433	2	2	318	35	2005	16011
3434	1	2	313	10	2009	50213
3435	2	2	0	57	2005	3826
3436	1	0	0	0	0	0
3437	1	1	324	5	2007	50368
3438	1	2	319	30	2008	16008
3439	1	1	315	40	2007	21718
3440	1	1	323	0	2009	57435
3441	1	1	328	4	2009	50865
3442	2	1	293	63	2004	3384
3443	1	1	325	1	2007	51993
3444	1	2	0	16	2007	16060
3445	1	1	313	0	2009	58424
3446	1	1	0	46	2007	16112
3447	1	1	300	53	2006	50258
3448	1	1	327	9	2006	9624
3449	1	2	304	53	2007	21731
3450	1	1	328	68	2009	21156
3451	2	2	311	28	2005	52937
3452	1	1	328	0	2009	17115
3453	2	2	305	1	2005	21292
3454	1	1	0	51	0	6000
3455	1	1	291	75	2008	21268
3456	2	1	325	27	2005	16396
3457	1	1	304	0	2009	3240
3458	1	1	296	27	2009	6393
3459	1	2	313	23	2006	21252
3460	1	1	313	0	2009	17092
3461	1	1	317	82	2007	21142
3462	1	1	325	9	2006	50115
3463	1	1	0	30	2006	21598
3464	1	1	322	82	2006	17901
3465	1	1	327	1	2007	16893
3466	1	2	291	9	2008	21374
3467	1	2	315	75	2009	24996
3468	1	2	323	53	2009	57885
3469	2	2	321	26	2005	0
3470	1	2	305	46	2006	25191
3471	1	2	315	63	2006	21621
3472	1	2	291	53	2007	52347
3473	1	2	315	26	2009	1924
3474	1	2	296	16	2008	21534
3475	1	0	323	62	2008	0
3476	1	2	0	33	2008	0
3477	2	1	0	53	2005	50218
3478	1	1	0	12	2006	16321
3479	1	1	315	70	2009	0
3480	1	1	302	12	2009	11279
3481	1	2	301	46	2007	52899
3482	2	2	0	26	2005	21025
3483	2	2	0	0	2005	25054
3484	1	2	0	61	2008	0
3485	2	1	294	74	2005	0
3486	1	2	0	0	2009	51269
3487	1	0	315	68	2008	21242
3488	1	1	0	9	2009	0
3489	1	1	328	0	2009	52736
3490	2	2	305	27	2003	17689
3491	1	1	328	1	2009	16382
3492	2	2	0	23	2005	21006
3493	5	1	0	53	2005	18070
3494	1	1	304	4	2007	26544
3495	1	1	315	0	2008	0
3496	1	1	0	27	2006	21037
3497	2	2	0	64	2004	21737
3498	1	2	328	53	2009	9159
3499	1	2	327	30	2008	0
3500	1	2	291	26	2007	52591
3501	1	1	304	0	2008	20846
3502	1	1	327	23	2007	21157
3503	2	2	0	53	2005	20973
3504	1	1	325	9	2008	21425
3505	1	1	313	0	2009	60030
3506	1	1	323	68	2007	50148
3507	1	0	291	0	2008	9321
3508	1	2	315	0	2008	16269
3509	1	2	0	68	2008	6392
3510	1	1	324	30	2007	50074
3511	1	1	337	20	2008	16275
3512	1	0	292	0	2006	21398
3513	1	1	304	0	2008	50865
3514	1	1	313	12	2009	50093
3515	5	2	0	17	0	21821
3516	5	2	0	57	2004	3576
3517	1	1	293	9	2007	17992
3518	1	1	290	26	2006	50822
3519	1	1	315	0	2008	21248
3520	1	2	306	57	2007	50157
3521	1	2	291	0	2008	16429
3522	1	2	291	63	2007	53302
3523	1	2	301	0	2007	0
3524	1	2	328	0	2009	16212
3525	2	2	0	57	2004	50075
3526	1	2	309	1	2005	16396
3527	1	2	328	0	2009	3284
3528	1	2	309	53	2006	50418
3529	1	1	326	68	2006	9757
3530	1	1	327	10	2007	21294
3531	1	2	313	46	2008	3528
3532	1	1	326	0	2008	0
3533	1	2	328	0	2009	16007
3534	1	1	0	68	2006	9437
3535	1	1	291	63	2007	16327
3536	1	1	313	63	2008	3796
3537	1	1	304	16	2007	17022
3538	1	1	315	33	2006	1606
3539	1	2	328	12	2009	21580
3540	1	2	313	57	2009	50293
3541	1	1	315	1	2008	0
3542	1	1	304	36	2008	21231
3543	1	1	304	9	2008	21271
3544	1	1	315	4	2009	5282
3545	1	1	327	30	2006	17135
3546	2	2	305	12	0	0
3547	1	2	309	45	2007	2725
3548	1	1	330	9	2008	51799
3549	1	2	0	57	2007	11220
3550	1	2	315	0	2009	3502
3551	2	2	0	53	2005	51060
3552	1	2	302	16	2008	21669
3553	1	2	0	36	2005	53663
3554	2	2	0	28	2005	16130
3555	1	1	339	6	2007	542
3556	2	1	0	74	2005	0
3557	1	1	0	20	2006	20895
3558	1	1	315	12	2009	16159
3559	2	1	326	68	2005	3524
3560	1	1	324	14	2007	3797
3561	1	2	323	17	2009	0
3562	1	1	298	21	2006	17472
3563	2	2	0	63	2003	26673
3564	1	1	0	46	2007	25545
3565	1	1	315	9	2007	16112
3566	1	1	324	26	2007	25426
3567	1	1	322	34	2006	16007
3568	1	1	291	27	2006	20878
3569	1	1	315	63	2007	21233
3570	1	0	291	75	2007	0
3571	1	2	328	29	2004	5008
3572	1	1	0	63	2008	0
3573	1	2	330	2	2007	17042
3574	2	1	0	26	2005	17001
3575	2	1	298	75	2005	21237
3576	1	2	0	20	2008	16144
3577	1	2	291	53	2008	21417
3578	2	2	0	12	2003	2381
3579	1	1	326	27	2008	21270
3580	1	1	0	30	2006	0
3581	1	1	0	9	2008	16046
3582	1	2	318	45	0	9634
3583	2	1	0	30	2005	20930
3584	1	2	318	53	2006	0
3585	1	2	304	75	2009	21292
3586	1	2	328	6	2008	0
3587	2	2	314	53	2005	21172
3588	1	1	313	53	2008	15989
3589	1	1	324	14	2007	3528
3590	1	1	0	53	2007	9305
3591	1	2	0	1	2007	50049
3592	1	2	311	26	2007	18245
3593	1	1	0	34	2006	18107
3594	2	2	0	63	2005	21332
3595	1	1	313	57	2009	2794
3596	1	2	313	0	2008	50075
3597	2	1	0	1	2005	21799
3598	1	1	323	53	2009	0
3599	2	0	0	0	0	0
3600	1	1	319	1	2006	3681
3601	1	2	323	29	2009	16251
3602	1	1	291	75	2008	21531
3603	1	2	313	17	2007	3716
3604	1	1	315	68	2008	24659
3605	1	2	313	23	2009	17450
3606	1	2	323	30	2008	50130
3607	2	1	293	26	2004	17723
3608	1	1	328	74	2006	0
3609	1	2	294	62	2006	21623
3610	1	1	304	30	2008	21411
3611	1	1	0	27	2006	3523
3612	2	2	0	0	2005	50421
3613	1	1	323	14	2008	21060
3614	1	2	328	59	2007	21730
3615	1	1	304	9	2009	21778
3616	1	1	328	0	2009	9124
3617	1	1	315	0	2009	3544
3618	1	2	315	14	2009	21153
3619	1	1	323	84	2009	17885
3620	1	1	315	9	2008	17522
3621	1	2	296	53	2009	50583
3622	1	1	304	7	2009	6942
3623	2	0	0	0	0	0
3624	2	1	293	61	2004	21277
3625	1	0	0	68	2009	16111
3626	1	1	0	74	2006	21495
3627	1	2	315	59	2007	21168
3628	1	2	291	63	2007	21764
3629	1	2	304	27	2009	21800
3630	1	2	313	0	2008	21146
3631	1	2	291	0	0	3811
3632	1	2	335	1	2005	51849
3633	2	1	0	9	2005	3575
3634	1	1	313	0	2009	17406
3635	1	1	328	30	2006	21343
3636	1	2	321	20	2008	50461
3637	2	1	0	15	2004	0
3638	1	1	328	0	2009	0
3639	1	2	326	20	2007	51465
3640	2	2	323	63	2002	9528
3641	2	2	0	26	2005	16029
3642	2	2	0	26	2004	50294
3643	1	2	0	0	2006	21094
3644	1	2	328	68	2008	21268
3645	1	1	325	53	2008	21229
3646	1	1	0	9	2007	50202
3647	1	2	313	4	2009	17493
3648	1	1	0	6	2006	24005
3649	2	1	318	9	2005	21423
3650	2	1	0	46	2005	0
3651	1	1	315	0	2008	23562
3652	1	2	322	45	2006	4960
3653	1	2	323	16	2009	21138
3654	1	1	336	68	2008	21431
3655	1	2	315	20	2009	21822
3656	1	1	328	30	2009	17430
3657	1	1	328	14	2009	16024
3658	1	2	328	13	2009	17886
3659	1	2	299	26	2007	50494
3660	2	2	291	12	2005	3041
3661	1	2	328	14	2009	54886
3662	1	1	315	0	2008	2355
3663	1	1	0	30	2007	17845
3664	1	2	304	66	2007	9215
3665	1	1	313	0	2009	16438
3666	1	2	336	1	2008	16356
3667	1	1	0	0	0	9720
3668	1	2	315	23	2009	16159
3669	1	1	336	34	2008	56447
3670	1	1	291	0	2008	0
3671	1	2	328	53	2008	15987
3672	1	2	291	53	2008	21623
3673	1	2	0	63	2008	20864
3674	1	2	327	20	2007	15855
3675	1	1	313	63	2007	2749
3676	1	2	305	46	2006	16418
3677	1	2	310	57	2007	16320
3678	1	2	315	0	2009	6392
3679	1	2	327	24	2006	21821
3680	1	2	328	57	2006	21355
3681	2	1	0	23	2005	9290
3682	2	2	0	23	2004	50398
3683	1	1	325	59	2006	50425
3684	1	2	315	0	2009	17934
3685	1	0	299	34	2007	0
3686	2	2	306	57	2004	16496
3687	1	1	323	54	2009	21056
3688	1	1	324	14	2006	21153
3689	2	2	306	23	2003	16265
3690	1	2	291	20	2008	16117
3691	1	2	0	57	2005	5486
3692	2	1	0	45	2005	16274
3693	1	1	334	46	2007	17641
3694	1	1	315	68	2009	2054
3695	1	2	304	68	2009	16043
3696	1	1	326	9	2007	21052
3697	1	0	324	68	2007	20852
3698	1	1	328	0	2008	50025
3699	2	0	300	9	2005	25723
3700	2	1	293	30	2004	0
3701	1	1	324	53	2007	50525
3702	2	2	0	28	2005	21175
3703	1	1	315	1	2008	21816
3704	1	2	0	23	2007	21024
3705	1	2	338	26	2006	21238
3706	1	2	299	26	2007	17598
3707	2	1	0	5	2005	16077
3708	1	2	304	16	2008	9404
3709	1	1	291	12	2008	6399
3710	1	2	339	0	2008	16487
3711	1	2	328	53	2009	50096
3712	1	2	328	12	2009	52336
3713	1	2	328	26	2008	0
3714	1	1	327	1	2007	52104
3715	1	1	0	0	0	52098
3716	2	1	0	74	2005	52989
3717	1	0	0	0	0	0
3718	1	1	315	0	2008	16492
3719	1	1	323	0	2009	9223
3720	1	1	291	53	2008	21258
3721	1	1	315	17	2008	9292
3722	1	2	328	0	2009	21145
3723	2	2	313	23	2001	21462
3724	1	1	313	63	2009	16007
3725	1	2	304	16	2009	50079
3726	2	2	311	57	2004	53107
3727	1	1	323	82	2009	17343
3728	1	2	305	14	2006	9249
3729	2	1	0	61	2004	51443
3730	2	2	327	54	2005	0
3731	1	0	315	30	2007	3633
3732	1	1	304	63	0	3864
3733	1	1	291	21	2008	9727
3734	1	2	328	46	2009	21189
3735	1	1	313	23	2008	51857
3736	1	2	328	53	2009	53467
3737	1	1	304	6	2007	16396
3738	1	1	304	9	2009	50920
3739	1	1	0	68	2008	0
3740	1	1	323	9	2008	52986
3741	1	1	0	46	0	15917
3742	2	1	0	1	2005	15902
3743	2	1	0	26	2005	1963
3744	1	1	325	72	2007	9302
3745	2	0	293	1	2004	9290
3746	1	2	328	61	2009	3576
3747	1	2	291	23	2008	20839
3748	1	1	325	14	2007	16318
3749	1	2	291	26	2007	50230
3750	2	1	0	20	2005	2805
3751	1	1	315	0	2009	16141
3752	1	2	313	10	2009	6399
3753	2	1	0	0	2004	16438
3754	1	0	320	14	2007	21146
3755	1	1	0	7	2006	16429
3756	1	1	313	0	2009	16215
3757	1	2	310	16	2007	17182
3758	2	0	0	0	0	0
3759	1	2	310	16	2007	50631
3760	1	1	315	29	2008	9343
3761	2	0	0	9	2005	16685
3762	1	1	291	27	2007	8873
3763	2	2	0	61	2004	0
3764	1	1	324	0	2008	16755
3765	1	1	315	0	2009	16440
3766	1	1	322	9	2006	21418
3767	1	1	0	68	2006	20985
3768	1	1	325	68	2008	3749
3769	1	1	328	9	2009	17672
3770	1	2	299	12	2006	16328
3771	1	2	304	12	2008	16256
3772	1	1	323	0	2009	21324
3773	2	1	0	48	2004	51210
3774	2	2	0	26	2005	21040
3775	1	2	291	27	2008	16327
3776	1	2	320	54	2006	17110
3777	2	2	0	57	2005	3769
3778	1	2	299	53	2006	1924
3779	1	2	0	74	2008	50158
3780	1	1	325	0	2008	11067
3781	1	2	312	26	2006	17764
3782	1	1	0	16	2008	16319
3783	1	1	325	46	2006	0
3784	1	2	301	53	2006	3284
3785	1	1	327	62	2007	20930
3786	2	2	0	12	2004	17348
3787	2	2	0	23	2005	9105
3788	1	1	315	53	2008	9021
3789	1	2	0	53	2006	2561
3790	1	2	0	1	2006	16219
3791	1	1	323	29	2009	3172
3792	1	1	304	0	2009	21006
3793	2	2	0	23	2005	21647
3794	1	2	315	38	2008	21782
3795	1	2	299	34	2007	51858
3796	1	1	327	63	2007	3576
3797	2	0	0	53	2005	3841
3798	1	1	326	20	2006	21332
3799	1	2	291	30	2006	3739
3800	1	2	0	57	2008	50400
3801	1	1	328	0	2009	5789
3802	1	1	328	33	2009	21445
3803	1	1	304	7	0	54006
3804	1	0	326	30	2007	9274
3805	1	2	319	9	2006	21736
3806	2	2	0	26	2005	3749
3807	2	2	0	57	2005	50213
3808	1	1	0	0	2009	16215
3809	2	1	0	0	2004	9720
3810	1	2	302	12	2009	21556
3811	1	2	310	16	2007	16058
3812	1	1	0	54	2007	16109
3813	2	0	0	0	0	0
3814	1	0	315	76	2008	54563
3815	1	2	313	16	2008	19591
3816	1	1	0	68	2006	52104
3817	1	0	304	46	2007	0
3818	1	1	324	0	2007	4009
3819	2	1	0	30	2004	5932
3820	1	1	291	0	2008	15903
3821	1	2	315	23	2008	20950
3822	1	1	323	0	2009	17537
3823	1	1	326	20	2006	51849
3824	1	1	315	9	2007	9757
3825	2	1	0	1	2005	9530
